 0.00000000e+00
-6.10351562e-05
 0.00000000e+00
-6.10351562e-05
-6.10351562e-05
 0.00000000e+00
-6.10351562e-05
-1.22070312e-04
 6.10351562e-05
-1.22070312e-04
 0.00000000e+00
-6.10351562e-05
 6.10351562e-05
-6.10351562e-05
-1.22070312e-04
 3.66210938e-04
-1.58691406e-03
 1.40380859e-03
 1.40380859e-03
-3.60107422e-03
 1.22070312e-03
 2.56347656e-03
-2.13623047e-03
-2.01416016e-03
 1.58691406e-03
 2.80761719e-03
-8.54492188e-04
-3.60107422e-03
-2.13623047e-03
 1.58691406e-03
 3.41796875e-03
 2.38037109e-03
-1.22070312e-04
-2.38037109e-03
-3.41796875e-03
-3.72314453e-03
-3.78417969e-03
-3.78417969e-03
-2.80761719e-03
-2.13623047e-03
-2.38037109e-03
-2.56347656e-03
-3.05175781e-03
-3.47900391e-03
-3.23486328e-03
-2.19726562e-03
-4.88281250e-04
 1.09863281e-03
 3.17382812e-03
 3.72314453e-03
-3.05175781e-04
-3.72314453e-03
-2.44140625e-03
 1.34277344e-03
 3.29589844e-03
-1.22070312e-03
-4.08935547e-03
 1.09863281e-03
 2.68554688e-03
-2.56347656e-03
-9.15527344e-04
 2.86865234e-03
-2.86865234e-03
 6.71386719e-04
 1.70898438e-03
-2.80761719e-03
 1.95312500e-03
-1.89208984e-03
-2.44140625e-04
-4.88281250e-04
-2.62451172e-03
 1.09863281e-03
-4.27246094e-04
 0.00000000e+00
-7.93457031e-04
-3.66210938e-04
-1.22070312e-04
-6.10351562e-04
 6.10351562e-04
-3.66210938e-04
-5.49316406e-04
 2.19726562e-03
-1.03759766e-03
 3.60107422e-03
 2.38037109e-03
-7.32421875e-03
 2.86865234e-03
 4.76074219e-03
-5.31005859e-03
-3.23486328e-03
 5.12695312e-03
 5.24902344e-03
-3.17382812e-03
-7.26318359e-03
-1.28173828e-03
 5.18798828e-03
 6.34765625e-03
 3.54003906e-03
-1.70898438e-03
-5.00488281e-03
-7.08007812e-03
-6.59179688e-03
-5.06591797e-03
-4.39453125e-03
-3.54003906e-03
-3.84521484e-03
-3.41796875e-03
-3.60107422e-03
-4.88281250e-03
-6.16455078e-03
-7.20214844e-03
-5.98144531e-03
-2.80761719e-03
 1.95312500e-03
 6.34765625e-03
 6.40869141e-03
 9.15527344e-04
-5.55419922e-03
-5.79833984e-03
 1.70898438e-03
 6.34765625e-03
-6.10351562e-04
-6.22558594e-03
 8.54492188e-04
 5.73730469e-03
-3.60107422e-03
-4.27246094e-03
 6.77490234e-03
-3.29589844e-03
-1.34277344e-03
 4.39453125e-03
-5.31005859e-03
 3.96728516e-03
-1.58691406e-03
-4.88281250e-04
 3.66210938e-04
-6.95800781e-03
 1.64794922e-03
-4.27246094e-04
 6.10351562e-05
 5.49316406e-04
-3.66210938e-04
 4.27246094e-04
-1.22070312e-04
-1.22070312e-04
-3.66210938e-04
 0.00000000e+00
-3.05175781e-04
 3.05175781e-04
-3.66210938e-04
-1.22070312e-04
 2.44140625e-04
-3.05175781e-04
-3.66210938e-04
-5.49316406e-04
-3.05175781e-04
-6.10351562e-05
 5.49316406e-04
-2.44140625e-04
-6.71386719e-04
-2.44140625e-04
-5.49316406e-04
 0.00000000e+00
-1.22070312e-04
-3.66210938e-04
-2.44140625e-04
-8.54492188e-04
-4.88281250e-04
-4.88281250e-04
-3.66210938e-04
-1.83105469e-04
 0.00000000e+00
 2.44140625e-04
-6.10351562e-05
 6.10351562e-05
 2.44140625e-04
 6.10351562e-05
-2.44140625e-04
-6.10351562e-05
-1.22070312e-04
-1.83105469e-04
-2.44140625e-04
-3.66210938e-04
-2.44140625e-04
-3.05175781e-04
-4.88281250e-04
-2.44140625e-04
-2.44140625e-04
-2.44140625e-04
-3.66210938e-04
-4.88281250e-04
-1.83105469e-04
 6.10351562e-05
 1.83105469e-04
-2.44140625e-04
-1.83105469e-04
-3.05175781e-04
-3.05175781e-04
 2.44140625e-04
-1.22070312e-04
-1.22070312e-04
 4.88281250e-04
-6.10351562e-05
-7.32421875e-04
-2.44140625e-04
-2.44140625e-04
-7.32421875e-04
-3.66210938e-04
 4.88281250e-04
 6.10351562e-05
 1.22070312e-04
 1.22070312e-04
-1.22070312e-04
 1.83105469e-04
-3.66210938e-04
-2.44140625e-04
-4.88281250e-04
 0.00000000e+00
 1.22070312e-04
-4.88281250e-04
-1.22070312e-04
-4.88281250e-04
-6.10351562e-04
-1.83105469e-04
 1.83105469e-04
 0.00000000e+00
-1.83105469e-04
-2.44140625e-04
-5.49316406e-04
 0.00000000e+00
 3.05175781e-04
-1.22070312e-04
 0.00000000e+00
-1.22070312e-04
-4.88281250e-04
 0.00000000e+00
 1.22070312e-04
-2.44140625e-04
-4.88281250e-04
-2.44140625e-04
 3.05175781e-04
 2.44140625e-04
 1.22070312e-04
-2.44140625e-04
-4.88281250e-04
 3.05175781e-04
 1.22070312e-04
-5.49316406e-04
-1.83105469e-04
 0.00000000e+00
 1.22070312e-04
 1.83105469e-04
 3.05175781e-04
-4.27246094e-04
-4.88281250e-04
 3.05175781e-04
 1.22070312e-04
 2.44140625e-04
-3.05175781e-04
-4.27246094e-04
-1.22070312e-04
 2.44140625e-04
-6.10351562e-05
-3.05175781e-04
-1.83105469e-04
-8.54492188e-04
 2.44140625e-04
-6.10351562e-05
-3.66210938e-04
 3.05175781e-04
-3.66210938e-04
 1.83105469e-04
 3.05175781e-04
 1.22070312e-04
-1.83105469e-04
-2.44140625e-04
 1.83105469e-04
-1.22070312e-04
-6.71386719e-04
-5.49316406e-04
 0.00000000e+00
-2.44140625e-04
-4.88281250e-04
-4.27246094e-04
-6.10351562e-05
-2.44140625e-04
-1.83105469e-04
-2.44140625e-04
-7.32421875e-04
 6.10351562e-05
 6.10351562e-05
 0.00000000e+00
-5.49316406e-04
-8.54492188e-04
 3.05175781e-04
 1.83105469e-04
-1.22070312e-04
-3.05175781e-04
-1.22070312e-04
 0.00000000e+00
 2.44140625e-04
 6.10351562e-04
-1.83105469e-04
-3.66210938e-04
-4.88281250e-04
-7.32421875e-04
-6.10351562e-05
-1.22070312e-04
-1.83105469e-04
 1.22070312e-04
-1.22070312e-04
-6.10351562e-05
-3.05175781e-04
-3.66210938e-04
-6.10351562e-04
-3.05175781e-04
 2.44140625e-04
-2.44140625e-04
 6.10351562e-05
-6.10351562e-05
-6.10351562e-05
 0.00000000e+00
 1.83105469e-04
 1.83105469e-04
-5.49316406e-04
-3.05175781e-04
 1.22070312e-04
-1.22070312e-04
-2.44140625e-04
 1.22070312e-04
-5.49316406e-04
-3.05175781e-04
 3.05175781e-04
 0.00000000e+00
-3.05175781e-04
-4.88281250e-04
 2.44140625e-04
 4.88281250e-04
-1.22070312e-04
 3.05175781e-04
 6.10351562e-05
-1.83105469e-04
 4.88281250e-04
-1.22070312e-04
-6.10351562e-05
 2.44140625e-04
-2.44140625e-04
-6.10351562e-05
 3.05175781e-04
 0.00000000e+00
-5.49316406e-04
-7.32421875e-04
-1.22070312e-04
-6.10351562e-05
 1.22070312e-04
 2.44140625e-04
-1.22070312e-04
-1.22070312e-04
-9.76562500e-04
-1.22070312e-04
