 0.00000000e+00
 0.00000000e+00
-6.10351562e-05
-6.10351562e-05
-1.83105469e-04
 9.15527344e-04
-2.44140625e-04
-1.15966797e-03
 1.95312500e-03
-1.58691406e-03
 7.93457031e-04
-1.52587891e-03
 2.86865234e-03
-2.25830078e-03
 0.00000000e+00
-2.01416016e-03
-4.29077148e-02
 2.91137695e-02
 2.43530273e-02
-6.06689453e-02
 2.25830078e-02
 4.65087891e-02
-4.10766602e-02
-3.91235352e-02
 4.15649414e-02
 5.04150391e-02
-2.16064453e-02
-5.88378906e-02
-2.47802734e-02
 3.52783203e-02
 6.26220703e-02
 4.21142578e-02
 1.22070312e-03
-3.46069336e-02
-5.56030273e-02
-6.21948242e-02
-5.74951172e-02
-4.82177734e-02
-4.13208008e-02
-3.87573242e-02
-4.01000977e-02
-4.56542969e-02
-5.48706055e-02
-6.13403320e-02
-5.88378906e-02
-4.26635742e-02
-1.15966797e-02
 2.92358398e-02
 6.04248047e-02
 4.98046875e-02
-5.31005859e-03
-5.42602539e-02
-4.06494141e-02
 3.04565430e-02
 5.85327148e-02
-1.64184570e-02
-5.48706055e-02
 2.13623047e-02
 4.70581055e-02
-4.48608398e-02
-1.87988281e-02
 6.03027344e-02
-4.65087891e-02
 4.57763672e-03
 3.13110352e-02
-4.67529297e-02
 3.84521484e-02
-1.80053711e-02
-1.89208984e-03
 1.96533203e-02
-2.42309570e-02
 1.20849609e-02
-8.05664062e-03
 1.28173828e-03
 3.72314453e-03
-5.73730469e-03
 3.72314453e-03
-5.31005859e-03
 7.20214844e-03
-6.16455078e-03
 1.40380859e-03
-4.51660156e-03
-7.64770508e-02
 6.86645508e-02
 3.41796875e-02
-1.20788574e-01
 6.11572266e-02
 8.14208984e-02
-9.38720703e-02
-6.36596680e-02
 9.62524414e-02
 8.87451172e-02
-6.09130859e-02
-1.15234375e-01
-2.95410156e-02
 8.78295898e-02
 1.23229980e-01
 6.49414062e-02
-2.20947266e-02
-8.66088867e-02
-1.17919922e-01
-1.19628906e-01
-1.00708008e-01
-7.78808594e-02
-6.21337891e-02
-5.59692383e-02
-5.85937500e-02
-7.03735352e-02
-9.16748047e-02
-1.14318848e-01
-1.21520996e-01
-1.02172852e-01
-5.01098633e-02
 3.19213867e-02
 1.09313965e-01
 1.14013672e-01
 1.86157227e-02
-9.47875977e-02
-1.00830078e-01
 3.16162109e-02
 1.23779297e-01
-1.28173828e-03
-1.15112305e-01
 1.44653320e-02
 1.06445312e-01
-6.56738281e-02
-6.80541992e-02
 1.23291016e-01
-6.78100586e-02
-2.23388672e-02
 8.47778320e-02
-9.54589844e-02
 6.28051758e-02
-1.60522461e-02
-2.38647461e-02
 5.57861328e-02
-4.16259766e-02
 1.74560547e-02
-8.78906250e-03
 1.70898438e-03
 2.62451172e-03
-5.55419922e-03
 6.53076172e-03
-4.82177734e-03
 2.56347656e-03
-1.28173828e-03
 6.10351562e-05
 1.22070312e-04
-9.15527344e-04
-2.44140625e-04
-6.10351562e-05
-3.05175781e-04
-5.49316406e-04
-4.27246094e-04
-3.66210938e-04
-2.44140625e-04
 0.00000000e+00
-3.66210938e-04
-4.27246094e-04
-2.44140625e-04
 6.10351562e-05
-2.44140625e-04
-7.32421875e-04
-6.10351562e-05
 6.10351562e-05
 1.83105469e-04
 6.10351562e-05
-2.44140625e-04
-3.05175781e-04
-4.88281250e-04
 0.00000000e+00
-3.05175781e-04
-3.05175781e-04
-1.22070312e-04
-3.05175781e-04
 6.10351562e-05
-1.83105469e-04
 3.05175781e-04
 3.66210938e-04
-1.83105469e-04
 2.44140625e-04
 6.10351562e-05
-2.44140625e-04
-4.27246094e-04
 6.10351562e-05
 4.27246094e-04
 6.10351562e-05
 0.00000000e+00
 6.10351562e-04
 1.83105469e-04
-1.83105469e-04
-4.27246094e-04
-8.54492188e-04
-1.83105469e-04
-3.66210938e-04
-2.44140625e-04
 0.00000000e+00
 1.83105469e-04
 0.00000000e+00
-6.10351562e-05
 0.00000000e+00
-3.05175781e-04
-1.22070312e-04
 6.10351562e-05
 1.03759766e-03
 4.27246094e-04
-1.83105469e-04
 4.27246094e-04
 3.66210938e-04
-1.83105469e-04
-3.05175781e-04
 1.22070312e-04
-1.83105469e-04
-3.05175781e-04
-3.66210938e-04
-3.66210938e-04
-3.05175781e-04
-3.05175781e-04
 1.22070312e-04
-4.27246094e-04
-6.71386719e-04
-6.10351562e-05
-3.05175781e-04
-4.88281250e-04
-3.05175781e-04
 0.00000000e+00
-2.44140625e-04
-6.10351562e-04
-3.66210938e-04
-1.83105469e-04
-1.22070312e-04
-1.22070312e-04
 1.22070312e-04
-2.44140625e-04
-3.66210938e-04
-7.93457031e-04
-4.88281250e-04
 1.83105469e-04
-6.10351562e-05
-2.44140625e-04
-4.88281250e-04
 1.22070312e-04
 2.44140625e-04
 0.00000000e+00
-6.10351562e-05
 6.10351562e-05
 2.44140625e-04
 6.10351562e-05
 6.10351562e-05
-3.05175781e-04
-2.44140625e-04
-6.10351562e-05
-3.66210938e-04
-1.83105469e-04
-6.10351562e-05
-5.49316406e-04
-6.10351562e-04
-3.05175781e-04
-1.83105469e-04
-1.83105469e-04
 6.10351562e-05
-3.05175781e-04
-1.22070312e-04
 6.71386719e-04
-1.22070312e-04
-1.83105469e-04
 6.10351562e-05
-1.83105469e-04
 1.22070312e-04
 0.00000000e+00
-1.15966797e-03
-3.05175781e-04
 6.10351562e-05
-7.93457031e-04
 4.27246094e-04
-1.83105469e-04
-3.05175781e-04
 6.10351562e-05
-5.49316406e-04
 1.22070312e-04
-7.32421875e-04
-4.88281250e-04
 3.05175781e-04
-4.27246094e-04
-2.44140625e-04
-1.22070312e-04
-6.10351562e-05
 6.10351562e-05
 6.10351562e-05
 0.00000000e+00
-4.27246094e-04
-3.66210938e-04
-7.93457031e-04
-7.32421875e-04
-2.44140625e-04
-5.49316406e-04
 1.22070312e-04
 6.10351562e-05
-4.27246094e-04
-6.10351562e-05
 1.22070312e-04
-1.83105469e-04
-1.22070312e-04
 1.22070312e-04
-6.71386719e-04
-3.66210938e-04
 4.88281250e-04
 2.44140625e-04
 6.10351562e-04
 4.88281250e-04
-6.10351562e-04
-4.27246094e-04
-4.88281250e-04
-6.10351562e-04
 0.00000000e+00
-1.83105469e-04
-6.10351562e-05
-2.44140625e-04
-1.22070312e-04
-4.88281250e-04
-3.05175781e-04
 3.05175781e-04
-7.93457031e-04
-2.44140625e-04
 1.83105469e-04
 0.00000000e+00
 2.44140625e-04
-1.22070312e-04
 6.10351562e-04
-6.10351562e-05
-3.05175781e-04
 1.83105469e-04
-5.49316406e-04
 4.88281250e-04
 4.88281250e-04
-1.22070312e-04
-1.83105469e-04
-2.44140625e-04
 3.66210938e-04
-3.05175781e-04
 3.05175781e-04
-6.10351562e-05
-9.76562500e-04
 0.00000000e+00
-4.88281250e-04
 3.05175781e-04
 1.83105469e-04
-1.22070312e-04
 1.83105469e-04
-4.88281250e-04
-1.22070312e-04
-1.22070312e-04
-4.88281250e-04
-1.83105469e-04
 6.10351562e-05
-4.27246094e-04
-3.66210938e-04
-3.05175781e-04
-1.22070312e-04
-1.22070312e-04
