 0.00000000e+00
 0.00000000e+00
-6.10351562e-05
 0.00000000e+00
-6.10351562e-05
-1.22070312e-04
 0.00000000e+00
-6.10351562e-05
 0.00000000e+00
-6.10351562e-05
 0.00000000e+00
 0.00000000e+00
-1.83105469e-04
 1.83105469e-04
-8.54492188e-04
 2.07519531e-03
 2.80761719e-03
-4.88281250e-04
 1.83105469e-04
 6.10351562e-05
-2.44140625e-04
-6.71386719e-04
-2.44140625e-04
 4.88281250e-04
-1.22070312e-04
 1.83105469e-04
-6.10351562e-05
-3.66210938e-04
-6.10351562e-05
-1.22070312e-04
-6.10351562e-05
-5.49316406e-04
 3.05175781e-04
 6.10351562e-04
-4.27246094e-04
-3.05175781e-04
-3.66210938e-04
 1.22070312e-04
 0.00000000e+00
-1.22070312e-04
-4.88281250e-04
-6.71386719e-04
 6.10351562e-05
-7.93457031e-04
-3.66210938e-04
-1.83105469e-04
-4.88281250e-04
-1.22070312e-04
 0.00000000e+00
 3.05175781e-04
-4.88281250e-04
-1.83105469e-04
 2.44140625e-04
 3.05175781e-04
-1.22070312e-04
-1.22070312e-04
 3.66210938e-04
-4.27246094e-04
-2.44140625e-04
-6.10351562e-05
 6.10351562e-05
-1.83105469e-04
 0.00000000e+00
 1.83105469e-04
 1.22070312e-04
 6.10351562e-05
-6.10351562e-04
 7.32421875e-04
-7.93457031e-04
 2.74658203e-03
 3.35693359e-03
-1.15966797e-03
 6.71386719e-04
-3.66210938e-04
-7.32421875e-04
 1.83105469e-04
-4.27246094e-04
-3.05175781e-04
-1.22070312e-04
-6.10351562e-04
 1.52587891e-03
-4.21142578e-03
-6.59179688e-03
 6.10351562e-05
-1.83105469e-04
 6.10351562e-05
 2.44140625e-04
 1.83105469e-04
-6.10351562e-05
-2.44140625e-04
-1.83105469e-04
-1.83105469e-04
-2.44140625e-04
-4.88281250e-04
 3.05175781e-04
 6.10351562e-05
 1.83105469e-04
-6.10351562e-05
-3.05175781e-04
-9.15527344e-04
-4.88281250e-04
 2.44140625e-04
-6.10351562e-04
 6.10351562e-05
-6.10351562e-05
-1.22070312e-04
 6.10351562e-04
 0.00000000e+00
-6.10351562e-05
 6.10351562e-04
 2.44140625e-04
 0.00000000e+00
 1.83105469e-04
 3.66210938e-04
 0.00000000e+00
-1.22070312e-04
 6.10351562e-05
-4.27246094e-04
-9.15527344e-04
-4.88281250e-04
-6.10351562e-05
 3.66210938e-04
 1.83105469e-04
-3.66210938e-04
 2.44140625e-04
 6.10351562e-05
-1.22070312e-04
 6.10351562e-05
-4.88281250e-04
-1.22070312e-04
 0.00000000e+00
 5.49316406e-04
 1.83105469e-04
-4.88281250e-04
 1.52587891e-03
-4.88281250e-03
-4.69970703e-03
 1.52587891e-03
 1.83105469e-04
 3.66210938e-04
-4.27246094e-04
 6.10351562e-05
-4.88281250e-04
-7.32421875e-04
 2.44140625e-04
-3.05175781e-04
-3.05175781e-04
 1.22070312e-04
 0.00000000e+00
 1.83105469e-04
 1.22070312e-04
-1.83105469e-04
 1.22070312e-04
-1.22070312e-04
 5.49316406e-04
 7.93457031e-04
 0.00000000e+00
 2.44140625e-04
 2.44140625e-04
-4.88281250e-04
-4.88281250e-04
 1.83105469e-04
-1.22070312e-04
-1.22070312e-04
 4.27246094e-04
 6.10351562e-04
-6.10351562e-05
-7.93457031e-04
-1.83105469e-04
-1.22070312e-04
 1.22070312e-04
-3.05175781e-04
-2.44140625e-04
 3.05175781e-04
-7.32421875e-04
 6.10351562e-05
-3.05175781e-04
-4.88281250e-04
 3.66210938e-04
-5.49316406e-04
 3.05175781e-04
 1.22070312e-04
-3.66210938e-04
 1.83105469e-04
-3.05175781e-04
-3.66210938e-04
-4.88281250e-04
 6.10351562e-05
 2.44140625e-04
-7.32421875e-04
-4.88281250e-04
-2.44140625e-04
-1.83105469e-04
 2.44140625e-04
-1.83105469e-04
 4.88281250e-04
 6.10351562e-05
-6.10351562e-04
 0.00000000e+00
-3.05175781e-04
-6.71386719e-04
-4.88281250e-04
-1.22070312e-04
-1.22070312e-04
-1.83105469e-04
-6.71386719e-04
-2.44140625e-04
 0.00000000e+00
-1.83105469e-04
 0.00000000e+00
-1.83105469e-04
 3.66210938e-04
 6.10351562e-05
-4.27246094e-04
 1.83105469e-04
-6.10351562e-05
 0.00000000e+00
 1.22070312e-04
-6.10351562e-04
 1.22070312e-04
 2.44140625e-04
-6.10351562e-05
 4.88281250e-04
-1.83105469e-04
-1.22070312e-04
 3.05175781e-04
 0.00000000e+00
-1.83105469e-04
-4.88281250e-04
-2.44140625e-04
 1.83105469e-04
 0.00000000e+00
-4.27246094e-04
-2.44140625e-04
 1.83105469e-04
-3.66210938e-04
-1.83105469e-04
 6.10351562e-05
 3.66210938e-04
 6.10351562e-04
 0.00000000e+00
 0.00000000e+00
-3.05175781e-04
-3.66210938e-04
-6.10351562e-05
-1.83105469e-04
-1.83105469e-04
 0.00000000e+00
-6.10351562e-05
-9.15527344e-04
-7.93457031e-04
-4.88281250e-04
-6.71386719e-04
-6.10351562e-05
 6.10351562e-05
-6.10351562e-05
-1.22070312e-04
-1.83105469e-04
-1.83105469e-04
-1.83105469e-04
 0.00000000e+00
 6.10351562e-05
 0.00000000e+00
 3.66210938e-04
-6.10351562e-05
-3.05175781e-04
 1.22070312e-04
-4.88281250e-04
 6.10351562e-05
-1.22070312e-04
-3.66210938e-04
 3.66210938e-04
-1.22070312e-04
-1.22070312e-04
 1.83105469e-04
 1.22070312e-04
-1.22070312e-04
-1.83105469e-04
-3.66210938e-04
-5.49316406e-04
-3.66210938e-04
-5.49316406e-04
-1.22070312e-04
 6.10351562e-05
 0.00000000e+00
-6.10351562e-05
-1.83105469e-04
-1.83105469e-04
 6.10351562e-05
 6.10351562e-04
 2.44140625e-04
 4.88281250e-04
 2.44140625e-04
-1.83105469e-04
 3.05175781e-04
 1.22070312e-04
-4.27246094e-04
-7.93457031e-04
-5.49316406e-04
-6.71386719e-04
 0.00000000e+00
 1.22070312e-04
-4.27246094e-04
-1.22070312e-04
-5.49316406e-04
-6.10351562e-04
-6.10351562e-05
 6.10351562e-05
-4.27246094e-04
-4.27246094e-04
 6.10351562e-05
-4.27246094e-04
-5.49316406e-04
-3.05175781e-04
-2.44140625e-04
 4.27246094e-04
-1.83105469e-04
-1.22070312e-04
-6.10351562e-05
-8.54492188e-04
 6.10351562e-05
 3.05175781e-04
 1.22070312e-04
-4.88281250e-04
-4.27246094e-04
 5.49316406e-04
 1.22070312e-04
-2.44140625e-04
 0.00000000e+00
 6.10351562e-05
 1.83105469e-04
 4.88281250e-04
-1.22070312e-04
-1.22070312e-04
-1.22070312e-04
-5.49316406e-04
 1.22070312e-04
-7.32421875e-04
-2.44140625e-04
 1.83105469e-04
-3.05175781e-04
-3.66210938e-04
-5.49316406e-04
 1.22070312e-04
-4.27246094e-04
-1.22070312e-04
 4.88281250e-04
 6.10351562e-05
 6.10351562e-05
-3.05175781e-04
-3.05175781e-04
-3.66210938e-04
-1.22070312e-04
 5.49316406e-04
 3.66210938e-04
-3.05175781e-04
-6.10351562e-05
-4.27246094e-04
-1.83105469e-04
 3.66210938e-04
