 0.00000000e+00
-6.10351562e-05
 0.00000000e+00
-6.10351562e-05
 6.10351562e-05
 6.10351562e-05
-1.28173828e-03
 1.15966797e-03
-6.10351562e-05
-1.22070312e-03
 1.03759766e-03
-5.49316406e-04
 1.83105469e-03
-4.51660156e-03
 5.79833984e-03
-8.85009766e-03
 1.61132812e-02
 3.81469727e-02
-4.99267578e-02
-3.66210938e-04
 5.69458008e-02
-3.54614258e-02
-4.00390625e-02
 4.27246094e-02
 4.33959961e-02
-3.53393555e-02
-5.68237305e-02
 4.88281250e-04
 5.35278320e-02
 4.93774414e-02
 3.66210938e-04
-4.62646484e-02
-6.11572266e-02
-4.84619141e-02
-2.28881836e-02
 5.06591797e-03
 2.72827148e-02
 3.97949219e-02
 4.44335938e-02
 4.61425781e-02
 4.57763672e-02
 4.21752930e-02
 3.30200195e-02
 1.33056641e-02
-1.46484375e-02
-4.15039062e-02
-5.92651367e-02
-5.44433594e-02
-1.66625977e-02
 3.62548828e-02
 5.92041016e-02
 2.20336914e-02
-4.26025391e-02
-5.29785156e-02
 2.06298828e-02
 5.82885742e-02
-1.72119141e-02
-5.17578125e-02
 3.03344727e-02
 3.77197266e-02
-5.93872070e-02
 1.41601562e-02
 3.72314453e-02
-5.57250977e-02
 4.11987305e-02
-9.76562500e-03
-1.79443359e-02
 3.27758789e-02
-3.45458984e-02
 3.05786133e-02
 1.03759766e-02
-7.01904297e-03
 3.96728516e-03
-3.84521484e-03
 5.18798828e-03
-6.10351562e-03
 3.78417969e-03
-1.15966797e-03
 2.31933594e-03
-7.38525391e-03
 9.21630859e-03
-1.47705078e-02
 4.66918945e-02
 6.72607422e-02
-1.07116699e-01
 1.69067383e-02
 1.05651855e-01
-8.54492188e-02
-6.59790039e-02
 9.66186523e-02
 7.30590820e-02
-8.61816406e-02
-1.04736328e-01
 2.16674805e-02
 1.14379883e-01
 8.53881836e-02
-2.30712891e-02
-1.06628418e-01
-1.19995117e-01
-8.21533203e-02
-2.37426758e-02
 3.38745117e-02
 7.64770508e-02
 9.88159180e-02
 1.05712891e-01
 1.06506348e-01
 1.06262207e-01
 1.02416992e-01
 8.71582031e-02
 5.25512695e-02
-2.01416016e-03
-6.21337891e-02
-1.09619141e-01
-1.20178223e-01
-6.25000000e-02
 4.74853516e-02
 1.17675781e-01
 6.77490234e-02
-6.29882812e-02
-1.18408203e-01
 9.70458984e-03
 1.20971680e-01
-4.08935547e-03
-1.10046387e-01
 3.33251953e-02
 9.74731445e-02
-1.03210449e-01
-7.08007812e-03
 9.75952148e-02
-1.10168457e-01
 6.16455078e-02
 7.93457031e-03
-5.82275391e-02
 7.48901367e-02
-6.44531250e-02
 4.59594727e-02
 3.36914062e-02
-1.91650391e-02
 1.60522461e-02
-1.44653320e-02
 1.08032227e-02
-6.59179688e-03
 2.07519531e-03
 7.32421875e-04
-1.83105469e-03
 2.74658203e-03
-1.89208984e-03
 6.10351562e-05
 3.05175781e-04
-2.44140625e-04
 4.88281250e-04
 0.00000000e+00
-1.22070312e-04
-1.22070312e-04
-5.49316406e-04
 0.00000000e+00
-4.27246094e-04
-2.44140625e-04
-2.44140625e-04
-3.66210938e-04
-4.27246094e-04
-3.66210938e-04
-4.27246094e-04
-6.10351562e-04
 1.22070312e-04
 3.66210938e-04
 0.00000000e+00
-1.22070312e-04
 1.22070312e-04
 1.83105469e-04
 1.22070312e-04
 3.66210938e-04
 0.00000000e+00
-3.66210938e-04
-1.22070312e-04
-6.10351562e-04
-6.10351562e-04
-4.88281250e-04
-1.83105469e-04
 6.10351562e-05
-3.66210938e-04
-3.05175781e-04
-1.22070312e-04
-6.10351562e-05
-3.05175781e-04
 1.83105469e-04
 1.22070312e-04
-3.66210938e-04
-2.44140625e-04
-6.10351562e-05
 3.66210938e-04
-5.49316406e-04
-4.88281250e-04
 5.49316406e-04
 6.10351562e-05
-6.10351562e-05
-1.22070312e-04
-4.88281250e-04
-1.22070312e-04
-1.83105469e-04
-3.05175781e-04
-3.05175781e-04
-1.83105469e-04
-1.22070312e-04
-2.44140625e-04
 6.10351562e-05
-3.05175781e-04
-4.88281250e-04
 6.10351562e-05
 1.83105469e-04
 2.44140625e-04
 5.49316406e-04
 3.05175781e-04
 6.10351562e-05
-3.66210938e-04
-6.10351562e-05
 1.83105469e-04
-6.10351562e-05
 1.22070312e-04
-1.22070312e-04
 0.00000000e+00
 6.10351562e-05
-2.44140625e-04
-3.66210938e-04
-4.27246094e-04
-7.93457031e-04
-4.27246094e-04
-6.10351562e-05
-1.22070312e-04
 2.44140625e-04
-1.83105469e-04
-2.44140625e-04
-6.10351562e-05
-9.15527344e-04
-8.54492188e-04
 6.10351562e-05
-5.49316406e-04
-4.88281250e-04
 5.49316406e-04
 4.27246094e-04
 2.44140625e-04
 1.22070312e-04
 1.22070312e-04
-1.83105469e-04
-6.10351562e-05
-6.10351562e-05
 0.00000000e+00
 6.10351562e-05
-4.88281250e-04
-6.10351562e-05
 4.88281250e-04
-6.10351562e-05
-5.49316406e-04
 0.00000000e+00
 1.83105469e-04
 1.22070312e-04
 3.66210938e-04
 1.22070312e-04
 3.05175781e-04
 0.00000000e+00
-3.66210938e-04
-1.83105469e-04
-4.27246094e-04
 6.10351562e-05
 6.10351562e-05
-1.83105469e-04
 3.66210938e-04
 1.83105469e-04
-6.10351562e-05
 1.83105469e-04
 2.44140625e-04
 1.83105469e-04
-4.88281250e-04
-2.44140625e-04
 1.22070312e-04
 0.00000000e+00
 1.83105469e-04
-3.05175781e-04
-2.44140625e-04
 6.10351562e-05
-3.05175781e-04
 1.22070312e-04
-1.22070312e-04
-4.88281250e-04
 4.27246094e-04
-1.22070312e-04
-4.27246094e-04
 0.00000000e+00
-2.44140625e-04
-4.27246094e-04
-7.32421875e-04
-4.27246094e-04
 2.44140625e-04
 2.44140625e-04
 1.22070312e-04
 1.22070312e-04
 1.83105469e-04
-3.66210938e-04
-1.22070312e-04
 2.44140625e-04
 1.22070312e-04
 1.83105469e-04
-4.27246094e-04
-3.66210938e-04
-4.88281250e-04
-6.10351562e-04
 1.83105469e-04
-5.49316406e-04
-7.93457031e-04
-1.22070312e-04
-6.10351562e-04
 1.22070312e-04
 3.05175781e-04
-6.71386719e-04
 3.05175781e-04
 0.00000000e+00
-4.88281250e-04
 2.44140625e-04
-1.22070312e-04
-4.27246094e-04
-6.10351562e-04
-4.88281250e-04
 3.05175781e-04
-1.22070312e-04
 0.00000000e+00
-1.83105469e-04
-6.10351562e-05
 2.44140625e-04
-4.88281250e-04
 1.22070312e-04
 3.05175781e-04
 0.00000000e+00
-6.10351562e-05
 6.10351562e-05
-5.49316406e-04
-6.10351562e-05
 6.10351562e-05
-5.49316406e-04
-3.05175781e-04
-3.66210938e-04
 3.05175781e-04
-1.83105469e-04
-4.27246094e-04
-3.05175781e-04
-1.83105469e-04
-3.05175781e-04
-3.66210938e-04
 1.22070312e-04
 6.10351562e-05
 3.66210938e-04
-1.83105469e-04
 1.83105469e-04
 1.22070312e-04
-7.93457031e-04
-3.05175781e-04
-2.44140625e-04
 0.00000000e+00
-3.66210938e-04
-6.71386719e-04
 6.10351562e-05
