-3.64591784e-08
-8.01251474e-07
 3.79399957e-06
 4.20534040e-06
-1.00433690e-05
 2.07226559e-05
-8.16830519e-06
-5.30668376e-06
-3.35575158e-06
-1.42903669e-05
 3.05108142e-05
-5.63260531e-05
 7.34753779e-05
-3.12647168e-04
-1.41273857e-06
 1.42432662e-04
-6.95924976e-04
 2.49003501e-04
 5.98026425e-04
 2.51042981e-04
-4.35859642e-05
-2.12188062e-05
 3.75879832e-04
-2.53037312e-04
-1.93827504e-04
 3.05836541e-04
 2.28795533e-04
 2.65405707e-05
-2.91518299e-06
-2.18404404e-04
-1.75974893e-04
-2.87733164e-06
-1.43445863e-04
-4.15930102e-06
-4.10297667e-04
-6.42548711e-04
-1.97891460e-04
 2.30391120e-04
 3.30525961e-04
 1.50348545e-04
 1.83785070e-04
-4.93141648e-04
-5.22094671e-04
 1.31751122e-04
-1.71336702e-04
 1.02122600e-04
 1.48885516e-04
-5.23611681e-05
 2.12414287e-04
 3.42185979e-04
 2.40250606e-04
-8.44941922e-05
 1.14818331e-04
-2.22190803e-04
-2.46945144e-04
-1.78179334e-04
-4.64309250e-04
 1.07392965e-04
 3.16577561e-05
-1.64691937e-04
 2.30769757e-05
-1.88515632e-04
-1.47169843e-05
-2.71674607e-04
-3.03132116e-04
-2.22658424e-04
-2.54368595e-04
-3.12364150e-06
 9.85631850e-05
 4.72048781e-04
-1.47389022e-04
-4.38429937e-04
 2.35449493e-04
 3.45044297e-04
-3.11949379e-04
-4.70405270e-05
-7.07195758e-06
-4.92451568e-04
 3.01875134e-04
 2.58295668e-05
-2.37638834e-04
-3.92767259e-04
 3.29473806e-05
-4.09238419e-04
 1.92233105e-03
 4.52897619e-03
-1.86806185e-03
-1.25941783e-03
 3.40648872e-03
-1.60175122e-03
-2.80717739e-03
 2.17188794e-03
 1.76148996e-03
-2.87151635e-03
-3.12135124e-03
 1.36453161e-03
 2.72070012e-03
 9.01740371e-04
-1.71385520e-03
-4.22276710e-03
-2.32185118e-03
 1.52046521e-04
 1.55913269e-03
 2.83714894e-03
 3.43569210e-03
 3.57957335e-03
 2.36423376e-03
 2.43610052e-03
 2.65956009e-03
 1.59641367e-03
 1.95255003e-03
 3.00583173e-03
 3.05341035e-03
 2.86067061e-03
 2.20433957e-03
 5.47211371e-04
-1.37695565e-03
-3.11211843e-03
-2.73363267e-03
 2.31957913e-05
 3.05700767e-03
 2.78809216e-03
-1.32323194e-03
-3.11966186e-03
 5.42224385e-04
 3.26998954e-03
-5.08370091e-04
-2.73675017e-03
 3.03309848e-03
 1.46726379e-03
-3.72021767e-03
 2.06755545e-03
-5.72253382e-04
-1.38165423e-03
 3.29644860e-03
-1.67793767e-03
 9.82521853e-04
 8.61625180e-04
-3.10195061e-03
-7.26967999e-04
-3.15361072e-04
 4.27280162e-04
 2.87214658e-04
-4.15917406e-04
 3.84162509e-04
-2.66112655e-04
 4.00134950e-04
-4.77395861e-04
 4.82832119e-04
 5.52004398e-04
 1.76998819e-03
 5.91751729e-03
-4.35292606e-03
-1.96348823e-03
 6.99686924e-03
-3.66711692e-03
-4.75895868e-03
 5.53657923e-03
 3.79884196e-03
-6.09206487e-03
-5.45801304e-03
 3.01674284e-03
 6.31084357e-03
 1.59887048e-03
-4.93594058e-03
-6.66755865e-03
-3.47192981e-03
 1.55076993e-03
 4.73369772e-03
 6.83489275e-03
 7.41440102e-03
 5.96447253e-03
 3.85983300e-03
 3.00215737e-03
 3.20044554e-03
 3.30516445e-03
 3.90581859e-03
 4.64768116e-03
 6.19139071e-03
 7.39843361e-03
 5.54136006e-03
 2.37611604e-03
-1.50503161e-03
-5.97061528e-03
-6.06506624e-03
-6.49755289e-04
 5.38166500e-03
 5.82720550e-03
-1.83069407e-03
-7.04002229e-03
-9.36483911e-06
 6.45200435e-03
-7.54986992e-04
-6.22937234e-03
 3.84545439e-03
 3.30914022e-03
-7.05858763e-03
 3.92018937e-03
 9.51168284e-04
-4.67188333e-03
 5.12703628e-03
-3.70244264e-03
 1.11984615e-03
 1.33473064e-03
-3.31031719e-03
 2.85258485e-03
-6.23595580e-04
 3.53914301e-04
-1.15136613e-04
 1.91292166e-04
 2.56005068e-04
-6.48724211e-04
 1.22232628e-04
-6.18088647e-04
-1.83952250e-04
 3.89375916e-04
 2.56718876e-04
-4.08987634e-04
-2.28527754e-04
-3.80070583e-04
-2.91414480e-04
-3.36427015e-04
-3.40723480e-04
 2.08201348e-04
 9.70660997e-05
-6.81613091e-05
-6.57606816e-04
-3.04850465e-04
-3.73594366e-05
-2.49125233e-04
 2.18122756e-04
 3.80677005e-04
 1.55567379e-05
-1.24970897e-04
 2.01379026e-04
 5.27567338e-05
 4.55115939e-04
 1.56016204e-04
 3.70480425e-05
 2.56656166e-04
-7.06238506e-04
-2.72605280e-04
 1.48623500e-04
 8.79278206e-05
-2.13560384e-04
-2.44351417e-04
 2.78789148e-04
-4.03992783e-04
-7.12091350e-04
-1.23187423e-05
-5.28668588e-04
-2.61624638e-04
 5.40281346e-04
 2.73955110e-05
 1.63426009e-04
 1.05656697e-04
-2.59641915e-05
-5.36402376e-05
 1.24242152e-04
 2.68662866e-04
-2.34993860e-04
-4.77112406e-04
-1.00326402e-04
 4.03275306e-04
-2.15632761e-04
-4.60999991e-04
 5.33451799e-05
 3.85884299e-05
 4.22580988e-04
 2.02648580e-04
 3.58903419e-04
 1.14334171e-04
-3.45390884e-04
-1.28137278e-04
-4.24671259e-04
-2.42321929e-04
-4.27097361e-04
-1.11022013e-04
-4.28527595e-04
-4.14837816e-04
 2.52200092e-05
-4.65029610e-05
-2.25080265e-04
-7.55930464e-05
 3.68607023e-04
 1.58402130e-04
 5.59916508e-04
-2.40240259e-04
-7.61855782e-04
 1.96508036e-04
 4.14435288e-04
 1.53067138e-05
 2.00120483e-04
 5.08923183e-04
 2.07772294e-04
 4.02511954e-04
 1.68041136e-05
 9.93313077e-05
 5.37306670e-04
 3.60929125e-04
-1.43140401e-06
-7.28793710e-04
 1.08666777e-04
 5.11253778e-04
-9.54287965e-05
-2.04872070e-04
 1.59122701e-04
 3.27517522e-04
 1.51166128e-04
 2.30914273e-04
 2.64006812e-04
-1.12170129e-04
-2.82449949e-04
-3.20938619e-04
-3.07053952e-04
 2.50726789e-04
-1.31824487e-04
-2.56170108e-04
 2.10723854e-04
 2.81603758e-04
-3.52880390e-04
-3.73777094e-04
 2.42833593e-04
-5.03084372e-04
-1.77093543e-04
 4.11093110e-04
-4.53018917e-04
-3.55891025e-04
 4.00464393e-05
 7.77175514e-05
 6.60031973e-05
 1.30664164e-05
 1.73923197e-04
-2.47249450e-04
-9.13638463e-05
 3.47450421e-05
-7.06024578e-04
-9.62420515e-04
-5.27793677e-04
-6.77097552e-05
-1.84376339e-04
-3.85190294e-04
 2.88892048e-04
 2.97617915e-04
 3.69818221e-06
 4.54565183e-04
-2.48345341e-04
-3.30335590e-04
 1.67557237e-04
-1.30248492e-04
-8.41434124e-05
 2.64259704e-04
 2.29107825e-04
 4.37478804e-04
 2.52305650e-04
-3.92354609e-04
-1.79505353e-04
-7.54586629e-04
-5.01723698e-04
 3.02653607e-04
-1.03876585e-04
 1.23613374e-05
 7.42344199e-06
-2.89192577e-05
 2.04438456e-05
-2.77225113e-05
 3.00683012e-05
-9.62246073e-06
 2.15780476e-05
 2.42743299e-06
