 1.57008078e-09
-3.02153537e-06
 1.00404785e-05
 1.51134516e-05
-8.66372515e-06
 1.65189746e-05
-2.80636460e-05
 6.73704075e-06
 2.63558713e-06
-2.93077836e-06
 6.10201574e-06
-2.60697848e-05
 4.59705251e-05
-7.76439484e-04
-5.03906452e-04
 1.86966022e-04
-9.20541151e-05
 7.76291576e-04
 2.14579082e-04
-7.05367647e-04
 3.30387968e-04
 3.16811818e-04
-1.94972465e-04
 4.23757674e-04
 6.61092503e-04
 2.39857968e-04
 1.23033712e-04
 2.15582537e-04
-3.46923653e-04
-8.35125943e-05
 3.83647318e-04
-8.50911754e-05
 1.05313577e-04
 1.19513128e-04
-1.25747543e-04
-9.12685879e-05
-3.76337438e-05
 1.96505939e-04
 1.89686240e-04
-3.45955299e-04
 5.21848025e-04
 1.56270531e-04
-4.43978858e-04
 2.70813235e-04
-8.11517947e-04
-2.71355801e-04
-9.09860406e-07
-2.29538918e-04
-1.39804416e-04
-3.02595797e-04
 2.26062500e-04
-4.83822081e-05
 6.06673708e-04
 2.13744757e-04
-2.98404012e-04
-1.41694941e-04
-8.85195713e-05
 4.33853730e-04
 3.48959364e-05
 3.19922780e-04
 1.09676820e-04
 8.19631965e-05
 1.29272124e-04
-3.22844860e-04
 3.23390316e-04
-2.39554330e-04
 3.30608754e-05
 7.68448588e-05
-8.77647610e-04
-2.40374889e-04
 2.71433413e-04
 4.50664368e-04
 1.32045805e-04
 2.35028572e-04
 4.16122071e-04
 3.96780295e-04
 4.68121840e-04
-3.13131074e-04
-7.15166230e-04
-3.30658973e-04
-1.36070704e-04
 8.07364964e-05
-4.22136495e-05
-2.16239575e-04
-7.43272753e-05
 8.25623421e-05
 2.76725305e-04
-6.87177823e-05
 4.70037205e-05
 1.40324624e-04
-2.38950334e-04
-2.18430472e-04
 5.40871607e-04
 2.69424948e-04
-1.94218836e-04
 4.16666535e-04
-6.38959067e-06
-4.76761440e-04
 1.44927278e-04
 1.68810602e-04
 2.68157793e-04
 3.83655907e-04
-2.15534381e-04
-3.57699505e-04
-2.28004804e-04
 1.56354422e-06
 1.99250797e-04
 1.66858684e-04
-1.62206925e-04
 3.55668960e-04
 4.66813072e-05
-7.09615599e-05
 3.39939056e-04
-1.11911574e-04
-7.06967853e-05
 4.10856786e-06
 2.46976157e-04
 1.81559547e-04
 2.24851450e-04
 1.14602552e-04
-5.69812028e-04
-1.29589374e-04
 2.24969592e-05
 2.36882850e-04
 7.83866763e-04
-1.05010975e-04
-1.56532711e-04
 1.95659015e-04
 4.38043270e-04
 6.12832004e-04
-2.25798622e-04
-2.30620163e-04
 3.17516871e-04
-1.00095221e-04
-7.25389798e-05
-9.23056611e-05
-1.63465529e-04
 4.43899661e-05
 2.22974648e-04
 6.17773059e-04
-3.23108395e-04
-3.22999857e-04
 1.07419629e-04
-3.74387536e-05
 5.00495281e-04
 4.58818487e-04
-3.82662121e-04
-4.99727587e-04
-2.05282814e-05
 3.54978379e-04
 2.20901525e-04
-3.51289402e-04
-3.00449272e-04
-1.05520855e-04
 4.81586375e-06
 9.56893995e-07
 5.38878090e-04
-3.49312982e-05
-3.91451544e-04
 3.63850911e-04
 2.67866371e-05
 3.29086431e-05
 3.58336587e-04
 2.12237860e-04
 5.37230454e-04
 3.21127537e-04
-2.07916657e-04
 1.29961162e-04
 4.54549216e-04
-3.10506622e-05
-3.80936951e-04
-2.62786231e-04
-4.01598773e-04
-1.60078953e-04
 1.80125561e-04
 4.11344000e-04
-9.04357124e-05
-1.98480977e-04
 1.74641172e-04
 4.13157815e-05
 1.82177750e-05
 6.77297498e-05
 4.83063657e-04
 3.59251386e-04
 4.59526491e-04
 3.47256597e-04
-1.81906289e-04
-1.07781643e-04
 2.07236595e-04
 2.20125474e-04
 4.49285107e-05
-2.09222924e-04
-4.33562183e-04
 1.34995448e-04
 5.05203495e-04
 2.57931877e-04
-4.01624488e-04
-3.91138105e-05
-1.51571614e-04
-2.30651327e-04
 8.07492942e-05
 6.07144248e-05
 1.76090426e-04
 8.61840911e-05
 5.93687499e-05
-2.21942028e-04
-3.92942082e-04
-3.56122964e-04
 3.58889450e-04
 6.61228603e-04
-1.65912438e-04
-5.62571628e-04
 2.24249694e-04
 4.93152857e-06
-2.47776491e-04
-3.84754683e-04
-6.22556638e-04
-4.48308886e-04
-6.14901260e-04
 4.91769094e-05
-2.19849200e-05
-6.40871025e-05
 1.80330181e-04
-3.56389654e-04
 2.79267967e-04
 2.70200408e-03
 2.07890199e-03
-3.06916009e-03
-6.51091053e-04
 3.00335876e-03
-1.64996451e-03
-1.84645171e-03
 2.34770708e-03
 2.20911296e-03
-1.63115982e-03
-2.89482758e-03
 6.17747945e-04
 3.40179227e-03
 2.61820908e-03
 1.20405330e-04
-2.30119062e-03
-3.14158613e-03
-2.57052903e-03
-1.24374900e-03
 1.79658755e-04
 1.55265907e-03
 2.23952309e-03
 2.42374425e-03
 2.99928265e-03
 2.84340762e-03
 2.10649278e-03
 1.92383738e-03
 5.16763880e-04
-9.04063539e-04
-1.62592984e-03
-3.86086907e-03
-3.38111877e-03
-3.88402593e-04
 1.80023262e-03
 3.17677962e-03
 1.26497303e-03
-2.22263250e-03
-2.79683818e-03
 7.31650389e-04
 3.21963398e-03
-7.60252322e-04
-2.72008305e-03
 1.93473641e-03
 2.56525069e-03
-2.55032917e-03
 9.15591055e-04
 1.85438867e-03
-2.64662372e-03
 3.07831311e-03
-4.69120667e-05
-1.17477244e-03
 1.70897379e-03
-1.04351464e-03
 1.29754784e-03
-4.90395728e-04
-5.58930331e-04
 2.78640961e-04
-6.74589792e-05
 8.05263025e-05
-5.48411963e-04
-3.06479064e-04
-3.44997447e-04
 3.24577516e-04
-6.81998807e-04
 7.57122174e-04
 1.77851424e-04
 2.88757133e-03
 4.18167146e-03
-5.71122579e-03
 6.23580519e-04
 5.64902847e-03
-4.97614130e-03
-3.33061071e-03
 5.68016097e-03
 3.83511068e-03
-5.69153509e-03
-6.15664834e-03
 1.96956601e-03
 6.68608751e-03
 4.67670282e-03
-8.84978025e-04
-5.93532402e-03
-6.90156328e-03
-4.78993645e-03
-1.59699178e-03
 2.09636202e-03
 4.40107303e-03
 5.53590236e-03
 5.93500393e-03
 6.44990131e-03
 6.65035076e-03
 6.00264042e-03
 4.94203287e-03
 2.54751889e-03
-1.23574233e-04
-3.27089461e-03
-6.20084106e-03
-5.84020699e-03
-3.36016558e-03
 2.47410040e-03
 6.91237370e-03
 3.31275000e-03
-3.30083161e-03
-6.67437787e-03
 4.52561428e-04
 7.29831827e-03
-4.94860166e-04
-6.08068621e-03
 1.69766076e-03
 5.30530036e-03
-5.26515601e-03
-7.57812854e-04
 5.13088572e-03
-6.01375821e-03
 3.52781898e-03
 8.95311151e-04
-3.29197642e-03
 4.57644932e-03
-3.38815355e-03
 3.53335440e-03
 3.83865595e-03
-1.19094079e-03
 9.05879957e-04
-5.79002399e-04
 5.64057666e-04
 1.63189892e-04
 2.44778252e-05
-1.80246689e-04
 7.28121772e-05
 9.23381530e-06
-5.36854267e-04
-4.01558623e-04
-3.12440300e-04
 3.22120690e-04
 4.44208172e-04
-9.68994203e-05
 1.61046346e-05
 5.18905363e-06
-1.03033512e-05
 1.55882837e-05
-1.57937851e-05
 2.58805515e-05
-7.94885274e-06
 1.24424486e-05
-1.33431415e-05
