 5.79195838e-08
-1.28076244e-06
 5.07559204e-06
 5.64719266e-06
-6.92722487e-06
 1.15435375e-05
-6.56058140e-06
 4.83335035e-06
 4.38038010e-06
-1.19580636e-05
 2.09972175e-05
-1.32565547e-05
 3.74994574e-05
-3.54828495e-04
-1.30790281e-04
 1.60864055e-04
-3.72394156e-04
 7.59113011e-05
-7.20653658e-05
-1.82871704e-04
 1.86076533e-04
-4.38647561e-04
-5.77223529e-04
-7.63715192e-05
 3.85869650e-04
 4.60225559e-06
 8.79876104e-05
 7.50506092e-04
 3.70668582e-04
-3.34744257e-04
-1.97446471e-04
 7.02358215e-04
 1.10040008e-04
-1.40540802e-04
 3.14765350e-04
 9.44242202e-05
 4.70253945e-04
 1.63782859e-04
 2.80113626e-04
 1.02883135e-04
-4.80289169e-06
 3.91134927e-04
 3.90448632e-04
 5.12714955e-04
-3.04132918e-05
-1.25200235e-06
 1.80985663e-04
-6.34453280e-05
-1.57397130e-04
 3.11631338e-04
-9.49615888e-05
-3.15825166e-04
-2.07783990e-04
-9.54200079e-05
 8.01752029e-04
 5.47674608e-04
-4.57895114e-04
-2.01495027e-04
-1.06715828e-04
-1.87247242e-04
 1.75693681e-04
-1.50234793e-04
 1.72436365e-04
 3.52911889e-04
 6.57936341e-04
 4.63549542e-04
-4.52093931e-05
 2.09076910e-04
-8.30768586e-05
-1.77360490e-04
-9.62689958e-05
 2.70138785e-04
 3.66784011e-04
-3.63902677e-04
-1.31624242e-05
-1.33410048e-04
-4.81245354e-05
 3.08815762e-04
-4.42222293e-04
-1.12503335e-04
-7.30863770e-05
-3.72667028e-04
-1.20904368e-05
 3.23222529e-04
 2.16354567e-04
 3.89340991e-05
-1.03614300e-04
 2.19454739e-04
 4.79294213e-04
 7.36789008e-05
-2.61672015e-04
-6.77369606e-05
 1.40555310e-04
-4.74679314e-04
-7.37882100e-05
 5.08450196e-05
 2.62269240e-05
 2.25988040e-04
 4.00289730e-04
-7.63321231e-06
-4.61651961e-04
 4.06135270e-04
-1.19301879e-05
-1.30273908e-04
-3.00565566e-04
-3.62499961e-04
 7.24666366e-06
-7.44042111e-06
 2.33693554e-05
-6.91626954e-05
 2.16016973e-04
 9.31345574e-05
 3.95243671e-04
 4.23972075e-04
 3.85481355e-04
-7.31608781e-05
-1.05975713e-04
 4.16931326e-04
-3.67914058e-05
 1.91209958e-04
-3.12056625e-04
-5.67694826e-04
-1.87167331e-04
-2.96710106e-04
 1.10957082e-04
-7.34313023e-05
-7.32138512e-04
-3.53482465e-04
 4.12971858e-05
-1.38847790e-04
-2.55145860e-04
-3.96051939e-04
 7.18655258e-05
 2.77345132e-04
-2.39879901e-04
-5.88425540e-04
-2.82156486e-04
-8.76125751e-05
-7.47837786e-04
-2.49852450e-04
 3.62190542e-04
-2.98126790e-04
-4.59818828e-05
 7.08029528e-05
-2.59584493e-04
-6.33869153e-05
 7.92500797e-05
 9.77762074e-05
-5.95343655e-04
-6.06860778e-04
-5.21430109e-04
-5.96201891e-04
-2.86171831e-04
-1.38312730e-04
 4.58087184e-04
-1.42142235e-04
 2.46556622e-05
 7.09452402e-04
 2.62603668e-04
 5.39624573e-04
 1.38079057e-04
-2.03162022e-04
-5.35745513e-04
-3.05044921e-04
 5.14848056e-04
-3.05077642e-04
-4.72816897e-05
 5.47224991e-05
-2.73942005e-04
-3.20481915e-04
-3.29919235e-04
 7.13243119e-04
 2.63297078e-04
-3.49765186e-04
-3.73070678e-04
-6.41025327e-04
-3.03515034e-04
-1.45976671e-05
 1.27760147e-04
 6.95103447e-07
-3.73542073e-04
 2.65772941e-05
 7.49179799e-05
 1.21334112e-05
 6.44493991e-05
-7.83454368e-05
 3.84823064e-04
 3.63978229e-04
 3.08007291e-04
 3.46378931e-04
-7.47642047e-05
 1.08332981e-04
 4.11214146e-05
 2.27167819e-04
 7.91465093e-04
 1.67575855e-05
-4.24454838e-04
-3.95189648e-04
-2.80908616e-04
-1.90376925e-04
-3.49266307e-04
 3.34712505e-04
 4.41868030e-04
-2.83009198e-04
-1.17411980e-04
 1.41136963e-04
 3.78570903e-04
 6.37763296e-05
-1.57161801e-04
-1.87727456e-05
 1.79809121e-04
 7.35658518e-04
 6.31023549e-05
 4.62505484e-04
 8.30201428e-04
 2.52959417e-04
 2.18977916e-04
-1.23791480e-04
 3.15694764e-05
 4.82475685e-05
-9.26254328e-05
 2.20221086e-05
-4.49749083e-04
 5.49989463e-04
-2.36891805e-03
-3.00781682e-03
 9.55331131e-04
 2.70088450e-04
 1.70108092e-04
 5.97616910e-04
 1.79939444e-04
-5.72732006e-04
-1.01773792e-04
-1.43830979e-04
-4.48593640e-04
 4.00226738e-04
 2.04269890e-04
-7.33514939e-05
-2.06227175e-04
 3.04159807e-04
 7.40573400e-05
 1.45264850e-05
 7.43184816e-04
 3.34216946e-04
-2.77653269e-04
-2.74917945e-04
 1.91091675e-04
-5.71858185e-05
 3.35300327e-05
 1.14017937e-04
 1.76470005e-04
 4.53551306e-05
-4.59823187e-04
-7.82991641e-05
 2.46274428e-04
 5.97790631e-04
 3.99799156e-04
 1.72179716e-04
 2.53378094e-04
 2.34859321e-04
-3.39773534e-04
 1.23397031e-04
-6.39172966e-05
-1.61346350e-04
 8.12261008e-04
-1.92979224e-04
-1.40594127e-04
-1.58560593e-04
-1.88573306e-04
-4.92559994e-05
-3.15961213e-04
-1.85791851e-04
 1.09895979e-04
 5.86182858e-05
-1.85573735e-04
 4.36877997e-04
-5.07178179e-04
 6.23337453e-04
-2.56448031e-03
-3.73032184e-03
 9.20062282e-04
 1.56063189e-04
-3.70097381e-04
-4.46236943e-04
 3.27727345e-04
 6.52004352e-04
-2.06046069e-04
-5.77356567e-04
 2.35993369e-04
-1.16348953e-03
 3.14463500e-03
 5.45466957e-03
-1.17023655e-03
 1.08707972e-04
 4.80570921e-04
-2.02253167e-04
 4.01377288e-05
-3.31794545e-04
-1.07880172e-04
-7.91808080e-04
 3.14329386e-04
-6.00594787e-04
-5.54220721e-04
 1.06663414e-03
 1.87652318e-04
 9.55205870e-05
 2.31926647e-04
 2.18165328e-04
 5.43476475e-04
 2.68259442e-04
 4.45610567e-04
 2.32474373e-04
-1.30006157e-04
 2.37093534e-04
-1.20041181e-04
-2.44613699e-04
 3.18311515e-04
-2.88318099e-04
-2.75685173e-04
-3.06160191e-04
-8.82737372e-04
-4.19828119e-04
 2.17236255e-04
-2.34930995e-04
-3.18653547e-04
 2.68738570e-04
 3.17094066e-04
 4.47756137e-04
-2.32041445e-04
 5.61509909e-05
 3.61827714e-04
-4.90651234e-04
-1.27299573e-04
-5.80742672e-04
-2.70631833e-04
 4.78366277e-04
-1.12650160e-04
 6.74459242e-04
-2.18902781e-04
-5.85815439e-05
-2.10739024e-05
-1.02150741e-03
 5.10275381e-04
-1.15578709e-03
 4.13887019e-03
 4.72762093e-03
-1.18764732e-03
 3.54104242e-04
-4.15023964e-04
 5.19038865e-05
 1.22387215e-04
 1.42020181e-04
 4.08070955e-04
-4.94146381e-04
 3.79490431e-06
-2.39393941e-04
 1.64597797e-04
 3.36517592e-04
-2.62798168e-04
-5.68141311e-05
 4.83782886e-05
-3.04296710e-05
 1.74305647e-05
-1.90446585e-05
 1.93273494e-05
-5.94234153e-06
 2.37369963e-06
-3.67512217e-06
-5.98948072e-06
 7.36278793e-06
