-3.06106309e-08
 7.25926177e-07
-1.76512561e-06
-3.52819318e-06
 3.61295895e-06
 3.65928015e-06
 7.91734257e-06
 2.15599145e-06
-1.73350620e-07
 3.64418738e-06
 1.04301888e-06
 1.86983470e-06
-2.62477552e-05
 1.27671333e-04
 7.35128904e-05
-2.10583660e-04
-3.16651343e-04
-3.11249472e-04
-9.80592922e-05
 1.58686315e-05
-1.00180609e-04
-1.91352235e-04
 4.80623873e-04
 5.01013798e-04
 8.47969854e-05
 3.30816746e-04
-4.24521606e-04
-6.77956995e-04
-2.11026621e-04
-2.71654645e-04
-4.60918646e-04
-5.23131003e-04
-4.68120809e-04
-4.94496769e-04
-2.23575381e-04
 2.20876604e-04
 3.12734777e-04
 6.98827951e-05
 1.48397960e-04
-2.86003867e-04
-4.77053042e-04
 3.81656984e-04
-4.14684877e-05
-7.54106315e-05
 1.80092054e-04
-1.98270041e-04
 1.15005035e-04
 5.41728903e-04
 3.45258893e-04
-1.05771956e-04
-5.27318739e-05
-3.21324261e-04
 1.08307511e-04
-1.44570568e-04
-4.70971760e-04
 1.48955395e-04
 7.11918750e-05
 3.03611065e-04
 1.45858768e-04
 6.00615341e-05
 1.35225498e-04
 9.02430099e-05
 2.26220401e-04
-1.40460789e-04
-2.26928427e-04
-3.52917864e-04
-2.19038148e-04
 6.18767476e-05
-5.01090425e-05
 2.23558121e-04
-3.09136060e-04
-5.58231978e-04
-1.37632660e-05
 3.09712601e-04
 1.86956998e-04
-1.60216947e-03
 1.09663899e-03
-3.44093562e-05
-1.16726834e-03
 8.73754466e-04
-8.36533289e-04
 2.03838459e-03
-4.90989263e-03
 5.29988664e-03
-8.28730145e-03
 1.68484141e-02
 3.83834577e-02
-5.03521086e-02
-2.53657408e-04
 5.70786988e-02
-3.59778167e-02
-3.96698708e-02
 4.28906792e-02
 4.42128910e-02
-3.42610559e-02
-5.67380034e-02
 7.82901014e-04
 5.34038544e-02
 4.95111924e-02
-1.13197903e-04
-4.67300022e-02
-6.09023358e-02
-4.85904791e-02
-2.31813729e-02
 4.93545622e-03
 2.76204005e-02
 4.01083166e-02
 4.51124240e-02
 4.66300138e-02
 4.58144266e-02
 4.28604309e-02
 3.26146159e-02
 1.26140280e-02
-1.38935181e-02
-4.17673781e-02
-5.98727244e-02
-5.45424762e-02
-1.69780675e-02
 3.65638110e-02
 5.87452058e-02
 2.13031370e-02
-4.24649701e-02
-5.27108240e-02
 2.12391631e-02
 5.87436025e-02
-1.70986526e-02
-5.08794181e-02
 3.12213646e-02
 3.83915012e-02
-5.90925892e-02
 1.46580611e-02
 3.77468828e-02
-5.60125949e-02
 4.17221595e-02
-1.03623995e-02
-1.87681707e-02
 3.32718520e-02
-3.45190082e-02
 3.06015482e-02
 1.03488104e-02
-6.98099253e-03
 4.19691601e-03
-3.71103456e-03
 5.06176291e-03
-5.41574318e-03
 4.44808074e-03
-1.01142416e-03
 2.41541792e-03
-7.68048483e-03
 9.71766565e-03
-1.60214043e-02
 4.49218547e-02
 6.83800517e-02
-1.06160202e-01
 1.69262761e-02
 1.06507319e-01
-8.53085846e-02
-6.58666771e-02
 9.67303679e-02
 7.26558927e-02
-8.54024307e-02
-1.04951348e-01
 2.12239734e-02
 1.14211605e-01
 8.50907173e-02
-2.27890741e-02
-1.06674521e-01
-1.20090976e-01
-8.20648915e-02
-2.41001654e-02
 3.33494038e-02
 7.62233522e-02
 9.81930528e-02
 1.05481983e-01
 1.06691814e-01
 1.06431836e-01
 1.02543824e-01
 8.73366788e-02
 5.29324465e-02
-1.08615935e-03
-6.12260562e-02
-1.09687623e-01
-1.19738879e-01
-6.20421404e-02
 4.76745272e-02
 1.18655522e-01
 6.85022249e-02
-6.25697618e-02
-1.17894978e-01
 9.81748823e-03
 1.21251795e-01
-3.46010162e-03
-1.09925150e-01
 3.36339256e-02
 9.78376916e-02
-1.03603162e-01
-6.25223615e-03
 9.86540565e-02
-1.10229270e-01
 6.12559681e-02
 7.86379993e-03
-5.87228292e-02
 7.41865381e-02
-6.54969952e-02
 4.56925091e-02
 3.46918829e-02
-1.95793599e-02
 1.59627067e-02
-1.44409593e-02
 1.05544469e-02
-6.41469019e-03
 1.89621583e-03
 8.06996690e-04
-2.01855446e-03
 1.87079710e-03
-2.25722753e-03
-3.05910237e-04
 5.47407673e-04
 8.40129235e-05
 1.33168113e-04
 2.82116340e-04
-3.97577878e-04
-1.55181423e-04
-1.81438845e-04
 3.37007353e-04
-8.00222397e-05
-3.96350561e-04
 6.61239449e-05
 6.45764408e-05
 5.77824329e-04
 5.14301709e-05
-2.88185576e-04
-1.09077299e-05
-7.60852099e-04
-5.05401152e-04
 5.10551944e-04
 5.77559352e-06
-2.67184378e-05
 3.71887713e-04
 1.37036836e-05
-1.91399686e-04
-2.97718687e-04
-5.83276616e-05
-1.05145719e-05
-3.15051844e-04
-3.35444273e-04
 7.03847507e-04
 4.93019961e-04
-7.19715368e-04
-3.09302882e-04
 3.61933962e-05
 3.21368708e-04
 4.31238363e-04
 2.34388789e-04
 4.57729820e-05
 7.61569969e-05
 3.52534657e-04
-5.33233907e-05
 1.23724664e-04
 4.94507516e-04
 2.88480902e-04
-7.72985197e-05
-3.53376640e-04
 7.79981748e-05
 5.78143937e-05
 1.56199323e-04
 3.42321686e-04
 1.06748550e-04
 1.82275895e-04
 6.91593240e-06
 6.90661591e-05
 2.18902586e-04
-1.40264783e-04
-5.40034732e-05
 2.61520870e-04
-2.20180402e-04
-2.46436578e-04
 1.43153417e-04
 3.43036668e-04
 6.77675525e-04
 1.05876225e-04
 6.87424284e-05
 1.51914739e-04
-2.49381452e-04
 6.22245615e-05
 1.03707532e-04
-6.62985123e-05
-2.07643961e-04
-3.00324519e-04
-4.01319314e-05
 2.54508191e-04
-4.71123806e-04
-1.38624979e-04
 4.59930293e-04
-1.45201600e-04
-2.57321972e-04
-2.83395960e-04
-2.00974947e-04
 6.13709400e-05
 2.16494920e-04
 1.08948082e-04
-7.34487586e-05
-3.35896254e-04
-2.81613575e-04
 9.79104647e-05
-1.52704195e-04
-8.03315734e-05
-1.99029170e-04
-1.36478631e-04
-1.38540024e-04
-9.29397015e-04
-9.41496101e-05
 4.57711059e-04
 1.58814271e-04
-2.40828416e-04
-3.51093690e-05
-2.76847053e-05
-3.62658407e-04
 5.43056756e-04
 6.77381599e-05
-2.01362120e-04
-4.92932775e-04
-5.15187671e-04
 1.93339342e-04
 1.73481299e-05
 6.63398231e-04
 7.60717992e-04
-1.31686354e-04
-7.83862811e-04
-1.75264188e-05
 4.24419586e-04
-4.19621630e-04
 1.31503374e-04
-3.13487397e-05
-6.46938707e-04
 2.19814262e-04
-5.10684813e-04
-6.63349625e-04
-3.94371100e-04
-6.62924367e-04
-2.34594222e-04
-3.79436656e-04
 4.69352475e-04
 1.74801430e-04
-5.00134909e-04
 9.14451568e-05
-2.55454782e-04
-4.53320576e-04
-3.46628835e-05
 1.14567359e-04
-2.38410616e-05
-1.35393747e-04
-3.43639268e-04
 1.58180318e-04
-1.50471546e-04
-3.71447672e-04
 2.72351395e-04
-1.41559257e-04
 3.45594774e-04
 2.59845312e-04
-1.63589078e-04
 9.35114296e-05
-5.36250184e-05
 3.66900830e-05
-1.61225114e-05
 3.93758719e-06
 1.26114832e-05
-1.57852348e-05
 1.06728349e-05
-1.32936738e-05
