 1.90215451e-09
-8.64292767e-08
 4.02031220e-06
-8.13958886e-06
 5.47800286e-06
-1.16201430e-06
-2.75393628e-06
 6.36107595e-06
-2.27838942e-05
 2.40460831e-05
-2.65902964e-05
 5.05658255e-05
-9.35484629e-05
-2.31357877e-05
 2.24479942e-04
-1.38180198e-04
-3.64258015e-05
 1.16957679e-04
 9.93572496e-05
 3.76630011e-04
-1.43658884e-04
-5.22687915e-04
 2.42236595e-04
-1.10956095e-04
-2.00626428e-04
-2.44575278e-04
-1.62595470e-04
 3.64763988e-04
-1.60816024e-04
 2.94729718e-05
 3.73021148e-05
 4.40512222e-04
 1.33010265e-04
-7.83249756e-05
 1.62732298e-04
 1.21659485e-05
 7.50445525e-04
-2.90507622e-04
-7.79902499e-04
 1.78639068e-04
 2.89148837e-05
-2.59745185e-04
 1.24112645e-04
 1.61001946e-04
-1.23771160e-05
 3.80471428e-05
-1.32099074e-04
 2.59738258e-04
 3.90364983e-04
-3.36471260e-04
-6.00045932e-05
 1.40721001e-04
-8.27942379e-04
 2.39558444e-04
 8.60265144e-04
-1.55466647e-04
-5.11434115e-05
 1.39084524e-04
-2.41793776e-05
 3.57664137e-05
-5.01898818e-05
 1.51331890e-04
 3.68665828e-04
 1.69322882e-05
 1.60732105e-04
-1.36831455e-04
-3.23905276e-04
-3.68959048e-04
-5.24510315e-04
-5.99136200e-05
 2.93409156e-04
 3.20363751e-04
-4.96494504e-04
-7.79767364e-04
 6.00852260e-05
-2.91187709e-04
-3.80559024e-04
 2.52487884e-04
 6.77744055e-04
 8.56741149e-04
 3.95123944e-04
 3.34299570e-04
-3.13471710e-04
 2.81684473e-04
 5.73568723e-04
-5.62752506e-05
 2.43792937e-04
 1.95256138e-05
 4.75127045e-04
 5.10411745e-04
 1.64682643e-04
 1.14857471e-04
 8.23269323e-06
-1.43630592e-04
-7.12373573e-05
 2.01873513e-05
 1.00916290e-04
 2.95797331e-06
 4.27927587e-05
 7.56022026e-05
 1.53649043e-04
 1.85554764e-04
-2.82355850e-04
 2.53528540e-04
 6.17631821e-05
-9.79466150e-05
 1.62902950e-04
-4.55060769e-04
-2.40941936e-04
-1.22302882e-04
-2.08436170e-04
 2.26735879e-05
-2.34648908e-05
 3.25771487e-04
 2.86175787e-04
-4.58051175e-04
-4.64759875e-04
-2.64132360e-04
-5.77160312e-04
-1.75613389e-04
 7.39852880e-05
-1.18499863e-04
-2.17554218e-04
-1.35623317e-04
-2.78079266e-04
-4.00999091e-04
 7.95348542e-04
 1.02703205e-03
 2.38722978e-04
-4.78359294e-04
-4.33629811e-04
 5.15371990e-05
-5.90216188e-06
-1.28457624e-04
 6.61121171e-05
 1.54168236e-04
 3.49465147e-04
 4.15573771e-04
-4.50031065e-04
 9.81720205e-06
 2.10425964e-04
 1.71443691e-04
-6.87808425e-05
-4.35185174e-04
 6.65273853e-05
-1.91756664e-04
 2.47782278e-04
-6.70339772e-05
-4.33062854e-04
 2.27842027e-04
-1.16165720e-04
 3.71865383e-05
-3.01985281e-04
 3.64151927e-04
-1.19381213e-03
-7.58155941e-05
 2.56285702e-03
-2.64261805e-03
-9.76022526e-05
 2.96768073e-03
-2.12061180e-03
-2.09944719e-03
 2.20341078e-03
 2.34511385e-03
-2.40569807e-03
-3.40189652e-03
 2.07251654e-05
 3.16383644e-03
 3.22470630e-03
 1.97070664e-04
-2.99226300e-03
-3.50964558e-03
-1.98139035e-03
-1.49646053e-03
 5.66913776e-04
 2.10204308e-03
 2.03102891e-03
 2.41752443e-03
 2.04688061e-03
 2.59258836e-03
 2.18911968e-03
 1.82728482e-03
 9.85280652e-04
-9.99950454e-04
-1.67010184e-03
-3.15949021e-03
-2.99320245e-03
-8.83078192e-04
 2.03694957e-03
 3.70106585e-03
 9.74897090e-04
-2.50843535e-03
-3.34065098e-03
 9.70721825e-04
 3.88131029e-03
-6.83014957e-04
-2.94461362e-03
 1.72653738e-03
 2.40195086e-03
-3.32217484e-03
 6.51427560e-04
 2.42814021e-03
-3.49155250e-03
 1.89516029e-03
-4.61190516e-04
-1.11936532e-03
 2.51873326e-03
-2.41589546e-03
 2.64957335e-03
 2.42277199e-03
-3.94653511e-04
 7.76363481e-04
-5.94028565e-04
-3.98405315e-05
-1.27735667e-04
 1.00731945e-05
-3.90374757e-04
-1.62008764e-04
-1.22923657e-03
 1.35059827e-03
-3.36365456e-03
-1.43625652e-03
 4.58152184e-03
-6.37992371e-03
 6.45347139e-04
 5.95247177e-03
-4.97271013e-03
-3.20482875e-03
 5.56553805e-03
 4.39168825e-03
-4.97279061e-03
-5.97502811e-03
 1.97172074e-03
 6.82142944e-03
 4.54844502e-03
-1.50019577e-03
-6.41726325e-03
-6.82474574e-03
-4.37360291e-03
-1.60519391e-03
 1.64001297e-03
 4.40182624e-03
 5.27109557e-03
 5.90175665e-03
 6.01465147e-03
 5.62903042e-03
 5.83113787e-03
 5.48355001e-03
 2.84178350e-03
-6.84003329e-04
-3.51269360e-03
-6.13028772e-03
-6.69207861e-03
-3.67766471e-03
 2.42135390e-03
 6.44867556e-03
 3.93909258e-03
-3.84222019e-03
-7.02445813e-03
 6.18012307e-04
 6.26072752e-03
-5.02853564e-05
-5.84695184e-03
 1.71754424e-03
 5.99771813e-03
-6.25423011e-03
-1.36393895e-03
 5.79603910e-03
-6.50814748e-03
 3.55368616e-03
 1.11098069e-03
-3.46157246e-03
 4.29252911e-03
-4.71459323e-03
 4.35347481e-03
 4.51116735e-03
-1.63319694e-03
 1.11398760e-03
-3.07137951e-04
 7.74053290e-04
-5.14106989e-04
 5.29210943e-04
 1.21745579e-04
-1.50177581e-04
 1.10296184e-04
-4.12843210e-04
 1.50857139e-04
-3.02564134e-04
-3.04631374e-04
 2.25600825e-04
 7.84962546e-05
 8.90173333e-05
 3.88726322e-04
-2.83803863e-04
-1.80050703e-04
 2.51936822e-04
-2.97021132e-04
-3.61975662e-04
 6.58307342e-05
-2.79609668e-04
 3.56549546e-04
 5.00973030e-04
 1.82101290e-04
 3.46108040e-04
-5.90267587e-04
-1.61648817e-04
 6.51812175e-05
-1.23970242e-05
 1.37020065e-04
-2.48986301e-04
-1.99880451e-04
 2.54426678e-04
 1.17842736e-04
-1.99280113e-04
 5.42401616e-04
 3.87856976e-04
-3.53178706e-04
-2.16158176e-05
 1.96645142e-04
 1.92631247e-04
 3.60044552e-05
-7.15407864e-04
-3.82555438e-04
 1.06521304e-04
-3.93475898e-04
-7.47450642e-05
 1.02592179e-04
-2.50817272e-04
 5.37132944e-05
 9.71656262e-05
-1.66203920e-04
-2.86955876e-04
 6.83375384e-04
 7.02203458e-04
-5.93215177e-05
 2.73044167e-04
-2.48785319e-04
 2.15562832e-04
 4.25549193e-04
-3.38996301e-05
 4.05972253e-04
-9.24365783e-05
-8.66294320e-05
 9.92311197e-04
 3.77745215e-04
-5.77955778e-04
 8.37479260e-05
 4.26795216e-04
-5.63398593e-06
-1.39979888e-04
 1.70986494e-04
 1.38484455e-04
 1.59825912e-04
 1.98761568e-04
 1.97762755e-04
 3.43313423e-04
-1.18372738e-04
 2.12760773e-04
 4.32420077e-04
-3.55768969e-04
-8.51974264e-05
 5.30787082e-05
-5.10560341e-05
 3.70301977e-05
-3.55052012e-05
 1.85093967e-05
-1.91130028e-05
 9.34575933e-06
-6.01255600e-06
-7.58736488e-06
