-3.38167865e-09
-2.99492303e-07
-1.83762239e-06
 4.24541121e-06
 4.04045476e-06
 5.71833443e-06
 1.37063272e-05
-3.01315099e-06
-1.10953258e-06
-3.53516782e-06
-1.08366657e-06
 8.48635173e-06
 1.51453205e-05
 3.35065266e-05
-3.19060204e-04
-2.80383897e-04
-3.99567165e-04
-5.65074406e-04
 2.01083697e-04
 1.85788079e-04
 1.08640008e-04
-1.56281471e-04
-3.40528568e-04
-2.14027823e-04
 1.75641604e-04
 4.92665075e-04
 2.27556736e-04
 1.26715064e-04
-4.66066908e-04
 1.12532754e-04
 5.47060670e-04
 7.59896190e-05
-3.38875087e-04
 6.48811159e-04
-9.19254570e-04
 3.87710885e-04
 2.67034874e-03
-2.58115244e-03
-7.36124397e-05
 2.90514474e-03
-2.35266759e-03
-2.03509002e-03
 3.09499548e-03
 2.66035301e-03
-1.82134160e-03
-3.53953186e-03
-8.44521276e-04
 2.70065016e-03
 2.66643544e-03
 2.96253926e-04
-2.01627375e-03
-3.29868332e-03
-3.08424712e-03
-1.22424149e-03
 3.99346585e-04
 9.37700840e-04
 2.27319834e-03
 2.62766728e-03
 2.32202631e-03
 2.94193264e-03
 1.73535102e-03
 1.34668121e-03
 1.29471787e-03
-5.69583244e-04
-2.75865130e-03
-3.44744307e-03
-2.06634277e-03
-6.19053628e-04
 1.98099460e-03
 3.19175336e-03
 1.21819482e-03
-2.20319379e-03
-3.09494616e-03
 1.49833509e-03
 3.43888519e-03
-7.61186003e-04
-2.51274157e-03
 1.53820493e-03
 1.96433715e-03
-2.97295699e-03
 1.24121180e-03
 2.07417416e-03
-3.21620998e-03
 2.59090776e-03
-5.93114859e-04
-1.14237145e-03
 2.17708511e-03
-2.18225544e-03
 2.79508213e-03
 1.91917749e-03
-7.18449637e-04
-2.37553458e-04
 1.14476450e-05
 1.10692133e-05
-7.01018838e-04
 1.01885184e-03
 3.94750937e-04
 4.87338764e-04
-9.80642761e-04
 1.51785122e-03
-3.21941843e-03
-1.59360252e-03
 4.41171889e-03
-6.24001665e-03
 8.58044518e-04
 5.33210764e-03
-5.53694080e-03
-3.12642448e-03
 5.64623736e-03
 4.66453039e-03
-4.93084509e-03
-5.81708157e-03
 1.76493711e-03
 6.81285913e-03
 5.11324166e-03
-1.03797394e-03
-5.78760604e-03
-6.95132232e-03
-4.38859874e-03
-1.10459301e-03
 1.71782057e-03
 4.10018503e-03
 5.50561884e-03
 6.42075881e-03
 6.25858605e-03
 5.86864982e-03
 5.41249936e-03
 4.54963691e-03
 2.84684755e-03
-1.07512689e-04
-3.15561614e-03
-5.89786637e-03
-6.45223384e-03
-3.16557888e-03
 2.53747984e-03
 6.88030867e-03
 4.14285678e-03
-4.07794523e-03
-6.98808280e-03
 6.74908713e-04
 6.82875398e-03
-8.18686080e-05
-6.08694646e-03
 1.97703723e-03
 5.60571094e-03
-5.72260715e-03
-1.20303175e-04
 5.57409263e-03
-6.67188181e-03
 3.65126900e-03
 1.07626962e-03
-3.08214052e-03
 4.18055546e-03
-4.55045563e-03
 4.73741673e-03
 3.96064252e-03
-1.99380613e-03
 1.23040620e-03
-8.76503387e-04
 3.96268526e-04
-6.25589757e-04
-1.90276105e-04
 2.23839689e-05
 1.67605251e-05
 2.63282270e-04
-2.54964737e-04
-2.89531447e-04
-2.41743554e-04
 2.42348329e-04
-1.25973614e-04
-3.46872677e-04
-1.21801190e-04
 2.25780890e-04
 6.63814060e-04
 1.78958022e-04
 5.70226429e-05
 4.83763091e-05
-4.33274258e-04
-5.20171772e-04
-5.90320184e-04
-2.17824887e-04
-3.80965845e-04
-1.72228798e-04
 2.97591090e-04
-4.12556643e-04
-1.60666526e-04
 5.80268559e-04
 1.12234356e-04
-1.73919491e-04
 2.87812621e-04
-1.29124839e-04
-2.63405111e-04
 3.30354439e-04
-4.67750284e-05
 3.82251977e-05
 3.45160173e-04
 3.61198725e-05
-7.22631126e-05
-4.51112748e-04
-4.23638030e-04
-5.09656710e-04
-2.55052462e-04
 8.14309788e-04
 4.95594586e-05
-8.01568005e-04
-4.27188882e-04
-2.26577746e-04
-1.22835909e-04
 3.30762689e-04
 9.18344937e-04
 2.42880167e-04
 2.58519133e-05
-3.70562341e-05
-3.87727091e-04
 2.57189512e-04
-9.37315602e-05
 4.90261433e-05
 2.01306579e-04
-1.67470154e-04
-1.20195346e-04
-3.01086175e-04
 1.40538387e-04
 3.30338718e-04
 4.97315760e-05
-2.99905251e-04
 9.36274295e-05
 2.15112241e-04
-2.51765765e-06
 1.37526140e-04
-2.39077813e-04
-4.14260728e-05
 4.00564754e-04
 4.58784832e-04
 1.40788343e-04
-4.96482350e-04
 2.62743110e-05
 2.26033554e-04
-3.55635888e-04
 1.04405731e-04
-1.39522328e-04
 3.40714844e-04
 2.69329523e-04
-8.52082031e-04
-2.12174629e-04
-5.53882997e-05
 3.67684294e-05
-3.91491283e-05
-1.22928261e-04
-1.13647833e-04
 2.81116147e-05
 2.18363218e-04
 3.61705273e-04
 9.40301636e-04
-8.79438803e-05
-6.53725174e-05
 1.32048875e-04
-6.03952965e-04
-1.54253689e-04
-2.83723194e-05
 3.73621673e-04
 3.20515375e-04
-4.16860623e-04
-1.41151569e-04
 3.92134597e-04
 4.43828760e-04
-5.45113279e-05
 3.82262341e-04
 3.16630653e-04
-3.07139510e-04
 3.63094183e-05
-7.49085912e-06
 1.58218628e-04
 5.83518624e-05
-7.25213844e-05
 1.57975955e-04
 2.25392961e-04
-2.54686363e-04
-8.45199200e-04
-1.28501142e-04
 5.20112626e-04
-3.35868760e-04
-2.12453941e-04
 4.84336554e-05
-1.58066608e-04
-2.26483219e-04
-3.32787587e-04
 1.51670883e-04
-3.86313862e-04
 1.97744237e-04
 2.24555659e-04
 1.94288700e-04
 5.58261006e-04
-7.30510699e-04
-4.24014010e-05
 3.59146695e-04
 2.52585597e-04
-1.44182217e-04
-4.61178331e-04
 4.12976726e-04
-1.49701585e-04
-2.71854170e-04
 2.67360979e-04
-4.34924959e-04
-3.34790977e-04
 1.53282411e-04
 9.93984634e-05
 2.62080055e-04
-2.40962640e-04
-5.28378598e-04
-4.04264356e-04
-7.43943316e-04
-1.47546823e-04
 4.55252971e-04
-4.39956843e-05
-1.99627951e-05
-6.86291787e-04
-4.74449356e-04
 1.26903876e-04
 4.31456862e-05
 5.42790927e-04
 4.91540492e-04
 1.57412763e-04
-2.19068567e-04
 1.60742271e-04
 2.59136102e-04
-1.44561077e-04
 1.69713756e-04
 2.65819564e-04
 1.18002799e-04
 1.82860142e-04
 3.85046047e-04
 5.96040062e-04
 1.22324727e-04
-2.98789012e-04
-1.18623523e-05
-6.03151554e-05
 1.53874335e-05
 5.81616231e-04
 1.38908582e-04
-8.45853155e-05
-6.17991580e-05
-5.06325800e-04
 4.39024411e-06
 8.16872335e-05
-4.07132825e-04
-2.74053917e-05
-1.81231455e-04
-6.28214202e-04
-2.99274810e-04
 1.51208293e-04
 7.25578901e-04
 3.24931103e-06
-3.23325370e-04
 3.00587802e-04
 2.92013136e-05
 3.88625562e-05
-3.16058506e-04
-5.02740389e-05
 5.84160465e-04
 2.57787117e-04
 7.81308529e-05
-2.75210103e-05
 1.97167880e-06
 1.35898463e-05
-1.72423481e-05
 9.93261227e-06
-6.39077007e-06
 9.70678798e-06
-4.82545278e-06
-9.82097673e-06
