-2.60412520e-08
 1.66274197e-06
-7.09914854e-06
-3.09285385e-06
-2.30346605e-06
-2.02787381e-05
 1.74901692e-05
-1.45821220e-05
 1.78465475e-05
-2.13117213e-05
 1.75130643e-05
-1.43082528e-05
 1.78474457e-05
 4.14555000e-04
 1.33400640e-04
 3.68169884e-04
 5.39203907e-04
-3.78014307e-04
-1.26538159e-04
 2.02271040e-04
-1.82642412e-05
 1.25121629e-04
-1.35980983e-04
-1.06092052e-04
 2.16546076e-04
 4.84912151e-05
 4.24613615e-04
 4.90496766e-04
-1.73383686e-04
 1.89611411e-04
 3.72627942e-04
 2.11388613e-04
-6.90460980e-04
-5.59670043e-05
 4.05638599e-04
-6.54296286e-04
 3.96443282e-04
 2.90553943e-04
-2.22310547e-06
-1.68360033e-04
-4.53637592e-04
-2.47123521e-04
 1.70199805e-04
 7.43730397e-04
-3.48537428e-04
-4.53807631e-04
-5.21154159e-04
-8.75958695e-05
 2.90746617e-04
-4.39504007e-04
 1.64191068e-04
-1.27989265e-04
-1.84964015e-05
 1.12606344e-04
 1.13100369e-04
 2.32195439e-04
-3.06027162e-04
-1.61386201e-04
-1.65369716e-04
-3.18538482e-04
-3.24669648e-04
-9.51523392e-05
 4.46460146e-04
 4.98881828e-04
 2.31073889e-04
 2.01609206e-04
 6.92290373e-05
-1.43944834e-04
-4.61305909e-04
 1.02785041e-05
 9.63339170e-05
 3.72848713e-04
 1.51100389e-04
-5.81973701e-04
 1.67869038e-04
-1.05205907e-04
-4.09581382e-04
 3.36728770e-04
 1.02748920e-04
-9.28714326e-04
-3.18488073e-04
 5.62907601e-06
-3.19121877e-04
-9.61923559e-06
-1.09340661e-04
 1.42420735e-04
 1.05934442e-04
-5.33092573e-05
-1.16000521e-05
-3.78915369e-04
 2.06704171e-04
 4.05529691e-04
 7.45966692e-05
 8.40615041e-04
 6.20357038e-04
 1.74117940e-04
 1.93645273e-04
 5.52066746e-06
 1.50102606e-04
-8.07611342e-05
-2.61365882e-04
-7.91727505e-05
-2.92497832e-04
 3.92992540e-04
 3.55970160e-04
-4.69393052e-04
 5.00205559e-04
-7.89337651e-05
-8.90591957e-04
 2.97105215e-04
-8.05892860e-05
-2.51285683e-04
 2.84026862e-04
 1.13253652e-05
 4.41888509e-05
-6.31884404e-05
-2.25945791e-04
-4.06092905e-04
-3.07220113e-04
-1.05406541e-05
-2.72493158e-04
-3.47246810e-04
-6.94727377e-05
 2.17399230e-04
 8.47365511e-04
 8.17045257e-04
 2.46778466e-05
-3.44034510e-04
-2.77991428e-04
-2.22865532e-04
 7.18258182e-05
 6.77758677e-04
 6.26047292e-05
-4.22988047e-04
-3.78691894e-04
-1.11749237e-04
 1.24315217e-04
-2.59893623e-06
 5.48325068e-04
 3.57155039e-04
 1.88690558e-04
-3.75299530e-04
 1.24010445e-04
-7.58092890e-04
 1.39952925e-03
 3.92584073e-03
-2.11040283e-03
-7.41124499e-04
 3.31771433e-03
-1.09999226e-03
-2.50688781e-03
 2.05425437e-03
 2.43764723e-03
-2.24492502e-03
-2.55277783e-03
 8.24616146e-04
 3.41849806e-03
 1.83747853e-03
-2.33507044e-03
-3.12781398e-03
-1.94899175e-03
 3.02478148e-04
 1.74572608e-03
 2.85316005e-03
 3.90381640e-03
 2.64836511e-03
 2.49411644e-03
 2.05721951e-03
 1.95958245e-03
 2.67192827e-03
 2.81008780e-03
 2.90160316e-03
 3.15174614e-03
 3.96763546e-03
 2.42117722e-03
 2.55742551e-04
-1.52586123e-03
-3.21892907e-03
-2.79016850e-03
 2.52124572e-04
 3.62267785e-03
 2.27850205e-03
-1.58706619e-03
-2.91701991e-03
 5.21914261e-04
 3.14116215e-03
-1.42134127e-03
-2.81261939e-03
 2.93131679e-03
 5.51528679e-04
-3.49191038e-03
 3.36191214e-03
 2.47592421e-04
-1.81175651e-03
 2.53737593e-03
-1.88128606e-03
 1.12149389e-03
 4.64209342e-04
-2.47544942e-03
-3.20793412e-04
-6.65828562e-04
 2.47082527e-04
 7.38819296e-05
 2.77439422e-04
 9.36260443e-05
-7.21338569e-04
-8.57540699e-05
-6.72344973e-04
 4.54519569e-04
-7.17844270e-04
 9.06784914e-04
 5.72587280e-03
-4.36484155e-03
-1.97933116e-03
 7.42384970e-03
-3.23728431e-03
-4.74635490e-03
 5.29453180e-03
 3.44494146e-03
-5.86246534e-03
-4.79445770e-03
 3.38550386e-03
 6.18984710e-03
 2.01495333e-03
-4.85316648e-03
-7.11825046e-03
-3.14357882e-03
 1.55712768e-03
 4.79366679e-03
 6.86705231e-03
 6.09421612e-03
 4.89420563e-03
 4.60143259e-03
 3.84316106e-03
 3.28305085e-03
 3.01017004e-03
 3.78989546e-03
 4.97921407e-03
 5.66121950e-03
 6.52593603e-03
 6.01810158e-03
 3.13749826e-03
-1.95903421e-03
-6.35998014e-03
-6.07013805e-03
-1.13203900e-03
 5.30763307e-03
 5.89132822e-03
-2.07339506e-03
-7.24923176e-03
 3.30890733e-04
 6.81117386e-03
-5.40447830e-04
-5.36619878e-03
 3.97617331e-03
 3.51182355e-03
-6.94316922e-03
 4.32548771e-03
 1.77691519e-03
-4.07533657e-03
 5.91428567e-03
-4.17836884e-03
 1.09390803e-03
 1.78367697e-03
-3.69945339e-03
 2.95056222e-03
-8.04448708e-04
 1.06816715e-04
-1.24922185e-04
-3.88410702e-04
 2.38599513e-04
-5.09391549e-04
 5.17042173e-04
 6.99585791e-05
 1.94820359e-04
-2.81618260e-04
-3.13629259e-04
 3.95588897e-04
-1.46489566e-04
-1.17413072e-04
-3.21901897e-04
-8.77012072e-05
-4.40846199e-04
-4.92275086e-04
 5.69239412e-04
-2.51903655e-05
 2.37547110e-04
 2.48409806e-04
 1.69479716e-04
 6.47038794e-04
 4.85501608e-04
-1.25469238e-05
 1.02313692e-05
 1.31131821e-04
-4.82596741e-04
-9.53755901e-05
-3.30824438e-04
-4.41612301e-04
 5.33036307e-04
-6.78642656e-05
-4.49401451e-04
-9.88735876e-05
-3.71693425e-05
-3.68158312e-04
 1.26566878e-05
 1.37929295e-04
-3.99110308e-04
 4.91120633e-04
 1.75975667e-04
-3.63950495e-04
-9.77560648e-05
-3.58786696e-04
-2.81645302e-04
-4.39754707e-04
-3.02544191e-04
-9.13444809e-05
-5.85545971e-05
 1.62981273e-04
 1.92659870e-05
-1.74419249e-05
 2.48719476e-04
 5.07752395e-04
-2.26725894e-05
-1.68618668e-04
 4.87717482e-05
 1.80695869e-04
 3.15940142e-04
 1.63899554e-04
-8.65181654e-05
 2.17334250e-05
-1.69740609e-04
-4.75996172e-04
 1.36173142e-04
 3.47820552e-04
 1.72897360e-04
 4.47709110e-04
 2.28656580e-04
-3.82391476e-04
 3.36785619e-05
 1.76390691e-04
 8.71976008e-05
-8.27373498e-05
-5.85381617e-05
 4.04067959e-04
 4.62227186e-05
 1.88699195e-04
 1.95793860e-04
-3.24537746e-05
-5.77748464e-05
-4.00053192e-04
-1.04970289e-04
 1.00890804e-04
 4.33447970e-04
 2.19109628e-04
-3.50025652e-04
 1.59773964e-04
 2.49342159e-05
 9.33627413e-05
-1.19494560e-04
-8.10338291e-04
-1.10779781e-04
 5.71510167e-05
-5.23789754e-05
 3.51090326e-05
-3.67539424e-05
 3.26057476e-05
-2.08173859e-05
 8.48189476e-06
-2.85600815e-06
 3.61308978e-06
