-2.39535521e-08
-1.81244723e-07
-4.75436948e-06
 9.68745509e-06
 1.96585425e-06
 3.24503001e-06
 1.07989536e-05
-1.21592187e-05
 3.00621653e-05
-1.84184260e-05
 4.12121933e-05
-6.39513532e-05
 8.55326737e-05
 4.90705091e-05
-4.76364265e-04
-1.58531025e-04
-2.52776534e-04
-2.14947290e-04
-1.05477943e-04
-5.20866432e-04
-5.32700667e-04
 1.75003863e-04
 6.02384093e-04
 2.50271341e-05
-2.48077582e-04
-3.51212961e-04
-1.59849094e-04
-4.30825928e-05
-3.78182011e-04
-4.61067157e-04
-2.21358864e-05
-2.43481413e-04
-6.59455154e-05
 1.83329243e-04
-1.30728220e-04
-2.98475771e-04
-2.98726997e-04
-7.19413754e-05
-2.00002903e-04
 4.09434213e-04
 2.18389973e-04
-3.08263259e-04
-8.88383434e-05
-4.36477509e-05
-6.12168439e-05
 4.53372376e-04
 6.05615532e-05
-5.14623231e-04
 3.89941828e-05
-2.15765690e-04
 1.96229625e-04
 8.54705549e-05
-2.96728457e-04
 5.48546488e-04
-6.10667609e-04
-4.79756867e-04
 6.62820744e-04
 2.25320470e-04
-4.30881372e-05
-8.01686992e-04
-1.83760072e-04
-1.66805984e-04
-2.17352097e-04
 1.75369904e-04
-2.87627694e-04
 4.89933751e-04
 4.52407534e-04
-4.62541544e-05
-3.31653235e-04
-1.14829183e-04
 1.96594922e-04
-1.47693031e-04
 4.45680011e-04
 4.19023044e-04
 3.00802304e-04
-1.57491565e-04
-5.08207113e-04
-1.24262508e-05
-5.88082524e-05
 8.60443223e-05
-3.13525794e-04
-5.78101542e-04
-2.80703187e-04
 1.28739156e-04
 1.96037061e-04
-2.86745312e-04
-2.36605272e-04
 2.75820087e-04
-1.60594150e-04
-2.27799219e-04
 3.47160666e-04
 7.17646596e-05
-2.76404486e-04
-4.43120210e-04
-3.08076257e-04
-2.80844383e-04
-3.40498803e-04
 1.83459151e-05
-5.93299473e-04
-3.56259585e-04
-4.31588214e-05
-4.03449676e-04
 6.04906723e-04
-2.69739868e-04
-1.95969036e-04
 3.25743203e-04
 1.84729119e-04
 3.97066424e-04
-3.59264399e-04
 3.03103066e-04
 6.61787420e-05
-1.51547507e-04
 1.49564922e-04
-3.53648760e-04
 2.56378586e-04
 5.31160606e-04
-8.88858826e-05
-2.09879229e-04
-9.62146152e-05
 7.90354957e-05
 2.55446338e-04
 7.33562636e-05
 4.96855900e-04
 2.86531590e-04
 4.82668245e-04
 6.26835429e-04
-2.97579459e-05
-1.10262871e-05
-5.18313603e-04
-8.92852917e-06
 5.31739519e-06
 1.23165155e-04
 2.43662944e-04
 1.10299830e-04
 2.89237576e-04
-1.10570066e-05
 5.30539660e-04
 2.03057115e-05
 2.57153755e-04
 9.34468436e-05
-6.93487184e-04
-4.30733971e-05
-6.21121135e-04
-6.46781097e-04
 1.69374898e-04
-1.62739122e-03
 1.08913051e-03
 2.15484535e-04
-9.45861433e-04
 1.19772552e-03
-7.42478178e-04
 2.28206673e-03
-5.03501553e-03
 5.17384087e-03
-8.41591394e-03
 1.62530437e-02
 3.83464412e-02
-5.02440132e-02
-5.26891119e-04
 5.67674110e-02
-3.59727539e-02
-3.97794529e-02
 4.29561202e-02
 4.34953530e-02
-3.52602782e-02
-5.69140515e-02
 1.55984597e-04
 5.36979162e-02
 4.96502501e-02
-1.00053673e-03
-4.66802313e-02
-6.10037535e-02
-4.89195700e-02
-2.31372670e-02
 4.38748643e-03
 2.72704738e-02
 4.09208928e-02
 4.54348414e-02
 4.65085866e-02
 4.60710198e-02
 4.31872241e-02
 3.29892274e-02
 1.27479586e-02
-1.41870084e-02
-4.17814063e-02
-5.93199635e-02
-5.49034092e-02
-1.76158321e-02
 3.71691282e-02
 5.97306682e-02
 2.08299706e-02
-4.35745785e-02
-5.29789159e-02
 2.10896050e-02
 5.83152768e-02
-1.71286333e-02
-5.09912393e-02
 3.11974365e-02
 3.88207819e-02
-5.94390596e-02
 1.45848254e-02
 3.78861567e-02
-5.63879779e-02
 4.14160798e-02
-1.02299072e-02
-1.86078485e-02
 3.33473352e-02
-3.43201526e-02
 3.03048289e-02
 1.06098160e-02
-6.90705999e-03
 3.72913662e-03
-3.60028309e-03
 5.02267937e-03
-5.65744697e-03
 3.62197705e-03
-1.47692605e-03
 2.73248645e-03
-7.88274051e-03
 9.48251780e-03
-1.60034635e-02
 4.58101831e-02
 6.86178281e-02
-1.06520357e-01
 1.74936543e-02
 1.06440849e-01
-8.54429228e-02
-6.55014988e-02
 9.75653715e-02
 7.30925139e-02
-8.60665688e-02
-1.05538603e-01
 2.17113331e-02
 1.14834309e-01
 8.51290843e-02
-2.29126877e-02
-1.07173856e-01
-1.20352364e-01
-8.29075946e-02
-2.47142575e-02
 3.34365226e-02
 7.67280968e-02
 9.96523466e-02
 1.05771083e-01
 1.06935748e-01
 1.07162286e-01
 1.03123507e-01
 8.79722060e-02
 5.26683532e-02
-7.41593612e-04
-6.14766383e-02
-1.10086160e-01
-1.19793372e-01
-6.22463467e-02
 4.79346186e-02
 1.18443615e-01
 6.90222911e-02
-6.25255788e-02
-1.18320189e-01
 1.04789987e-02
 1.21569427e-01
-3.71517780e-03
-1.09790432e-01
 3.37524985e-02
 9.80699213e-02
-1.03365552e-01
-5.99048749e-03
 9.87766018e-02
-1.10660512e-01
 6.11383739e-02
 7.13905196e-03
-5.84156794e-02
 7.51170484e-02
-6.58064720e-02
 4.60763320e-02
 3.50628390e-02
-1.90162067e-02
 1.66560751e-02
-1.42760588e-02
 1.07173985e-02
-6.52244914e-03
 1.80507485e-03
 7.76803119e-04
-1.98347551e-03
 1.91179870e-03
-1.89618756e-03
-3.70012517e-04
-4.19214508e-04
 1.91675132e-04
-7.39412190e-05
 3.21477015e-05
-6.10537250e-05
-3.27406928e-04
 8.58176968e-05
-2.55282494e-04
 1.76396763e-06
 3.30231235e-04
 3.84570773e-04
 1.11150046e-04
 7.66186151e-05
 3.49538395e-04
-4.95477961e-04
-3.81274131e-04
 2.79449353e-05
-7.54024276e-06
 9.46693367e-05
 4.09403852e-04
-2.16473472e-04
-4.10421521e-04
 5.52173129e-04
 1.62268070e-04
-3.22124337e-04
-1.46814848e-04
-7.25443984e-05
-3.07569382e-04
-2.90783832e-04
-9.47147296e-05
-5.65279522e-04
-4.69016570e-04
 2.23872477e-04
-3.67557578e-04
-2.86769231e-04
 3.17183255e-05
-2.42264410e-04
 1.39963532e-05
 1.78545966e-04
 2.59743964e-04
 2.56370370e-04
 1.11526153e-04
-6.63321945e-04
-6.51588918e-04
-1.80178084e-04
 1.29921513e-04
 1.82385980e-06
 7.81099969e-05
 3.89720464e-04
-1.37778803e-04
-3.68938102e-04
-5.66254307e-04
-1.67672128e-04
 3.72938422e-04
 4.56477598e-04
 7.41420261e-04
 5.10413029e-04
-1.24008292e-04
-4.32987382e-05
 1.63145601e-04
-1.04987716e-04
-1.98245652e-06
-3.63487090e-04
-1.44247230e-04
 5.91132933e-04
 2.99610303e-04
 6.73203707e-04
 4.20631582e-05
-8.21270876e-05
 3.05360513e-04
-1.55089758e-04
 5.23440675e-05
-2.24010907e-04
-5.23196723e-05
 5.15598066e-05
-6.00140701e-05
 3.31927374e-05
-3.92340225e-05
 1.98343268e-05
-8.58200710e-06
-7.55900736e-07
 2.83980936e-06
-1.16644370e-06
