 9.63181939e-10
-5.43390639e-07
 9.46659931e-06
 1.54235322e-04
-9.16662058e-04
 2.24303830e-04
 1.11611480e-03
-2.00755498e-03
 1.55190439e-03
-7.70684468e-04
 1.45248011e-03
-2.81448369e-03
 2.02493421e-03
-2.68872074e-04
 1.91032326e-03
 4.25448125e-02
-2.97789854e-02
-2.48701881e-02
 6.13441859e-02
-2.22813597e-02
-4.63913783e-02
 4.08318496e-02
 3.86061478e-02
-4.21357764e-02
-5.16777335e-02
 2.13304757e-02
 5.89760457e-02
 2.45780723e-02
-3.57401046e-02
-6.31987911e-02
-4.26114231e-02
-6.25831213e-04
 3.50686166e-02
 5.57722709e-02
 6.22255529e-02
 5.66764679e-02
 4.83719209e-02
 4.18607969e-02
 3.84647280e-02
 4.00467820e-02
 4.59253001e-02
 5.41849125e-02
 6.11362435e-02
 5.93606657e-02
 4.32718933e-02
 1.19393548e-02
-2.94710426e-02
-6.01065407e-02
-4.96320674e-02
 5.37483372e-03
 5.42864479e-02
 4.07768554e-02
-3.02724708e-02
-5.89019590e-02
 1.65235058e-02
 5.52229048e-02
-2.21056415e-02
-4.78972085e-02
 4.51111301e-02
 1.89900589e-02
-6.00072571e-02
 4.70673984e-02
-4.73860747e-03
-3.19796921e-02
 4.64675058e-02
-3.82856376e-02
 1.82467314e-02
 1.92330832e-03
-2.02195421e-02
 2.40373241e-02
-1.28033682e-02
 7.59820295e-03
-1.03543536e-03
-3.94951099e-03
 5.23736849e-03
-4.37411238e-03
 4.95818674e-03
-7.52114841e-03
 6.18192470e-03
-2.12181174e-03
 3.57757815e-03
 7.70227203e-02
-6.83605072e-02
-3.46045457e-02
 1.20862472e-01
-6.08111007e-02
-8.11860295e-02
 9.39874120e-02
 6.33886280e-02
-9.58455450e-02
-8.84627164e-02
 6.13407225e-02
 1.15127797e-01
 2.90275646e-02
-8.75675012e-02
-1.23946398e-01
-6.55093639e-02
 2.14948941e-02
 8.62452111e-02
 1.17750106e-01
 1.19565650e-01
 1.01010433e-01
 7.80154160e-02
 6.17834204e-02
 5.52176860e-02
 5.81277785e-02
 7.08598902e-02
 9.20147305e-02
 1.13968371e-01
 1.22752753e-01
 1.02660405e-01
 4.97287274e-02
-3.22867276e-02
-1.10217300e-01
-1.14323439e-01
-1.86532056e-02
 9.43469847e-02
 9.99116527e-02
-3.21498179e-02
-1.24183420e-01
 9.98505944e-04
 1.14828601e-01
-1.45824654e-02
-1.07092318e-01
 6.52170997e-02
 6.79618877e-02
-1.24649661e-01
 6.80461867e-02
 2.25369584e-02
-8.54364620e-02
 9.55995678e-02
-6.30299226e-02
 1.56141534e-02
 2.32615165e-02
-5.63268431e-02
 4.15668732e-02
-1.70619416e-02
 8.88894065e-03
-2.28626425e-03
-3.09815522e-03
 6.31983270e-03
-5.78170422e-03
 4.59701842e-03
-2.82619413e-03
 1.39751603e-03
-2.44906458e-04
-9.45494236e-04
 1.26503684e-04
-5.62388179e-05
 4.18788746e-05
 1.95252507e-04
 2.45115850e-04
-1.20580033e-04
-1.72575374e-04
 2.84617205e-04
-3.32643970e-04
-3.56109162e-04
 1.16374503e-04
-1.59197214e-04
-8.49836373e-05
-2.16611229e-04
-3.46231658e-05
 4.72299848e-04
 1.63683152e-04
 1.31200374e-04
 4.21937257e-06
-1.46382681e-04
 2.35424367e-04
 1.38135582e-04
 3.60940176e-05
 1.32061840e-04
 2.16972217e-04
 2.43700401e-04
 8.56811267e-05
-3.80428386e-04
-1.75212033e-04
-1.57149113e-04
 1.32900364e-05
-8.23910781e-05
-8.11083781e-04
 6.58465328e-05
-3.13742554e-05
-1.86736631e-04
-1.70813426e-05
-3.97975167e-04
-8.02454165e-05
 4.54074583e-05
 1.49186771e-04
 3.36151721e-04
 4.97455834e-04
 2.45517480e-04
 3.92766525e-04
-1.18156200e-04
 5.13273624e-05
 6.03681222e-04
 1.55570804e-05
 1.88930940e-04
-2.54738941e-04
 2.62521236e-04
 2.77288735e-04
 5.95938307e-05
 8.22824297e-04
 1.35721743e-05
-2.70832519e-04
 3.73640212e-04
 3.56369944e-05
-5.90084951e-04
-5.04731018e-04
-6.68726876e-05
 7.66320148e-06
 2.30888685e-04
 2.24560518e-04
 1.24476749e-05
 1.17720415e-04
 4.29365642e-04
 4.08671040e-04
 2.29042792e-04
 7.35058411e-04
 3.28323449e-04
 5.56022105e-05
 2.45837234e-04
-3.16257469e-04
-4.86206509e-04
 1.00417336e-04
 4.03801223e-04
 4.15926933e-04
-1.64880551e-04
-5.46318678e-04
-1.40693285e-04
 1.38704706e-04
-1.29736949e-04
 1.16656689e-04
 5.34434198e-04
-3.05138874e-04
-2.39266371e-04
-5.13942213e-04
-7.70228425e-04
 2.86437137e-05
 8.43677360e-05
 2.85704665e-04
 2.98945141e-04
 4.09532780e-04
 6.08843918e-04
 3.63805611e-04
 1.99197188e-04
 8.78607138e-06
-1.45853055e-04
 2.17563756e-04
 8.98047396e-05
-2.07474165e-04
 3.40127164e-04
-5.77776876e-05
-1.79815026e-04
 1.28380076e-06
-3.83186202e-04
-5.47504507e-04
-2.82825613e-04
 4.30610344e-04
-3.82231959e-04
-6.51798604e-04
 2.43776043e-04
-1.53751880e-04
-1.79147357e-04
 3.05759672e-04
-2.89906442e-05
 1.73422620e-04
 4.10660411e-04
-5.82520309e-04
-3.88104367e-04
 2.05338691e-04
 3.13938493e-04
 6.24002844e-06
-1.58858577e-04
 2.27985031e-04
-4.04802829e-04
-5.51173614e-04
-2.44308088e-04
-2.55943573e-04
-2.05388742e-04
 3.11668306e-04
-1.00552998e-04
-4.27404952e-04
-2.03491938e-04
-7.62320888e-04
-3.11713207e-04
 9.21598386e-05
-1.10638907e-04
-5.30851335e-04
-3.19194376e-04
 4.83194418e-04
 2.05607886e-04
 3.34053575e-05
-8.39938920e-05
-4.17289703e-05
 1.67526280e-04
-5.91946804e-05
 9.97615512e-05
 3.71320674e-04
 5.63153078e-04
-1.42673045e-04
-3.97340488e-04
 7.06271208e-06
-2.05863197e-04
-1.31055449e-04
-1.87204669e-04
-3.68774321e-04
 5.43563645e-05
 6.85625188e-04
 2.58650210e-04
-3.85017632e-04
-2.70997668e-04
-4.35628610e-04
-2.76883711e-04
 5.69550317e-05
 5.99623520e-07
 2.20778597e-04
 4.11189912e-04
 1.15668548e-04
 1.11010702e-04
 4.84640393e-04
 1.09454245e-04
 2.15703221e-04
 2.07637361e-04
-6.58791599e-05
 3.28396360e-04
 2.33411288e-04
 6.13492602e-05
-4.87181776e-05
-1.02897860e-04
 2.19691066e-04
-4.57617634e-05
-4.84267148e-04
-3.65900540e-04
 1.13157111e-04
 1.81345701e-04
-5.24704250e-04
 6.49172992e-05
 1.81400106e-04
-2.33848436e-04
 5.55682100e-04
 4.17936983e-04
 6.77502625e-05
-8.81723877e-05
-2.58768379e-04
-3.85759184e-04
 8.95135094e-05
 3.79964134e-04
-5.01166183e-04
 2.14021187e-05
 2.22988542e-04
 2.40555510e-04
 3.18740400e-04
-4.65068907e-04
 4.09226835e-04
 2.49399085e-04
-2.84140004e-04
 1.31466025e-04
-1.00220813e-05
 4.17023973e-04
-1.46294918e-04
-3.28590934e-04
 1.29486196e-04
-7.96450933e-05
 4.92564178e-05
-2.60905456e-05
-1.44263853e-06
 1.34090382e-05
-1.48865936e-05
 1.06450980e-05
-1.55718648e-05
