-2.61121876e-08
 3.12487373e-07
-3.67145701e-06
 8.36733850e-06
 9.17948253e-07
-7.29306780e-06
 6.48432661e-06
-1.03680581e-05
 7.70416036e-06
-1.76860503e-05
 1.82852728e-05
-2.19214066e-05
 4.73568245e-05
 6.15011302e-05
-3.83852378e-04
 3.53060380e-05
 3.28948907e-04
-1.08342121e-04
 1.57827874e-04
 2.36038484e-04
 5.53020485e-05
-4.51571387e-05
-2.35826826e-04
-3.50977882e-04
-5.57837197e-04
-1.03801146e-04
-4.19203484e-05
-5.77914902e-04
-2.69989508e-04
-2.60857890e-04
 8.81999544e-06
 1.80725653e-04
-3.46778807e-04
-4.00255316e-04
-1.09355290e-04
 3.67112047e-04
-1.40216139e-04
 4.53374534e-04
 3.31409622e-04
-7.65279669e-04
 1.19308269e-04
-3.99758323e-04
 1.54434446e-05
 3.19429145e-04
-2.72160769e-04
 3.21417416e-04
-7.78521637e-05
 1.30373337e-04
 1.85537564e-04
-9.11293389e-05
 1.56655451e-04
 5.70948685e-04
 3.40521688e-04
-2.40177211e-04
-8.01116457e-05
 1.27210500e-04
 5.09752964e-04
 9.20781360e-05
 1.17036333e-04
 4.43666880e-05
-1.34590579e-04
 4.64668399e-04
 3.46206656e-04
-2.00891067e-04
-1.39332583e-04
 1.86383099e-04
-3.97381346e-04
-4.57333230e-04
-5.11880641e-04
-7.07587850e-05
-4.67619699e-05
-8.78827200e-04
-6.07774604e-04
-1.46359485e-04
-1.32252224e-04
-4.95668720e-04
-4.81564446e-04
-1.43565673e-04
 3.33985966e-04
 1.84360556e-04
-2.71272994e-04
-1.99630466e-04
 6.87164215e-04
 5.46902387e-04
-7.22874414e-05
 2.09297880e-04
-4.54093355e-04
-7.70920347e-05
 4.06200150e-05
-1.26074281e-04
 1.81960456e-04
-7.82032912e-05
 3.50002430e-04
 8.14532177e-05
 9.49379306e-05
-1.56976843e-04
-8.01269204e-05
 6.12365962e-04
-2.63429068e-04
-2.50059488e-04
 9.87261438e-06
 3.79273990e-04
 4.83409693e-04
-2.33625072e-04
 1.65779713e-04
-3.80159217e-04
-9.90921718e-05
 4.47234853e-04
 2.35579097e-04
 1.26376177e-04
 3.22016617e-04
 4.96254527e-04
-4.38016034e-04
 9.05775472e-04
-1.87014370e-03
-2.67607361e-03
 6.09111073e-04
-2.21819316e-04
 3.11440075e-04
 3.16077981e-05
-6.19659920e-04
-2.49815408e-04
-2.42473697e-04
-3.16113322e-05
 2.28735938e-04
 4.82595075e-04
 2.95906590e-04
 2.54005299e-04
 5.90979445e-04
 4.58524997e-04
 8.41060689e-05
 3.27759795e-04
 4.17917463e-04
-1.13456496e-04
-1.37001115e-04
 1.93751757e-04
 1.95937578e-04
 4.23216370e-04
 1.55774312e-04
-3.75830891e-04
-3.68897830e-04
-1.32528745e-05
-1.53377114e-04
-7.31368189e-05
 7.32566058e-04
 3.02547580e-04
-5.41347932e-04
 2.39430689e-04
 5.38870665e-06
-4.96235387e-04
 3.41768135e-04
 2.26365584e-05
 9.07837729e-05
 2.76935958e-04
 1.01379364e-04
 1.38838428e-04
-2.67722058e-04
-1.46928009e-04
 3.84174076e-04
 4.43022760e-04
-2.18133495e-04
-4.66768920e-04
 4.07127181e-04
-6.35797076e-04
-7.63340416e-04
 5.71670130e-04
-6.56057523e-05
 7.40905567e-04
-2.39100462e-03
-2.42283286e-03
 1.20348167e-03
-1.04165255e-04
 6.84594487e-05
 5.98611524e-04
 4.43855619e-04
 4.12824648e-04
 2.48637307e-04
 6.93922815e-05
 3.59978580e-04
-9.99694243e-04
 1.74389013e-03
 2.95846501e-03
-7.57081266e-04
-3.00384593e-04
 7.18725822e-04
 2.34506084e-04
-1.34338026e-04
 1.06656020e-03
 3.42302404e-04
 3.69556153e-05
 4.26040182e-04
-5.19702297e-04
-3.30614946e-04
 5.84400886e-04
 6.77287187e-04
-1.75724216e-04
-4.80133948e-04
-4.27557133e-05
 4.98942659e-04
 1.27847298e-05
-4.51220991e-04
-2.36707468e-04
 1.16311933e-05
-3.69959606e-04
-1.45324098e-04
-5.56280590e-05
-3.51145918e-04
 1.27944985e-04
-3.61015012e-05
 7.95664146e-05
 8.15281481e-05
-5.30640884e-04
 1.77214989e-04
-8.27763304e-05
-2.32194332e-04
 6.02612645e-04
 3.38063809e-04
 3.94205014e-04
 6.90688047e-04
 8.39017751e-04
 1.47983006e-06
-2.51229959e-04
 2.22661333e-04
-1.71012545e-05
 1.67090778e-04
 5.02252871e-04
 1.76012480e-04
 1.01407506e-04
-1.64243042e-04
-3.69226473e-04
-2.92578802e-04
-1.24723359e-04
-1.61899033e-04
 4.48135056e-04
 9.06499316e-04
-1.32428484e-03
-5.21114470e-04
 6.66643637e-04
-5.02449339e-04
-2.19580634e-06
 2.05448449e-04
 4.03030359e-06
 4.78968017e-04
-1.40099042e-04
 1.48598109e-05
 6.26972819e-04
-2.52544969e-04
-1.20001290e-05
 2.94657254e-04
 5.34116418e-05
-7.16189540e-06
 9.24558685e-06
 2.91116032e-04
 2.60750025e-04
 3.19854939e-04
 6.79041310e-04
 1.85747145e-04
-1.58551373e-04
 4.05540221e-05
 5.13156888e-05
 2.32485824e-04
 1.74298136e-04
 4.94122758e-04
 6.59024984e-05
-9.03114208e-04
 2.75955388e-04
 5.05633707e-04
-2.53012753e-04
-2.50100235e-04
-1.18733176e-04
-1.20686671e-04
-3.47047533e-04
 1.81651196e-05
-2.39245011e-04
 1.59213778e-04
 5.39551121e-04
-1.43416713e-04
-4.79252470e-05
-8.56995672e-05
 9.35079397e-05
 2.03224348e-04
 2.11963584e-04
 3.81944624e-04
-3.01281715e-04
 2.79964944e-04
 7.18787827e-04
-1.00111283e-04
-1.70325039e-05
-9.11459808e-06
-3.13229407e-04
 3.13332355e-05
-1.48033953e-04
-6.12104389e-04
 1.10222183e-06
 6.66939874e-05
-2.35863755e-04
 1.01417608e-04
-3.56794091e-04
-2.37989734e-05
 5.03055542e-04
-2.13225822e-04
 3.63493915e-04
 5.63897370e-05
-5.08928979e-04
-2.67485411e-04
-3.33268253e-04
 3.38584583e-04
 2.77582045e-04
-1.73559446e-04
-1.78601254e-04
 3.32274475e-04
 4.33779569e-04
-3.81357739e-04
 8.68173161e-06
-1.58946178e-04
-5.80195784e-04
 1.69914507e-04
 1.61581983e-04
 2.59084278e-04
 1.57640614e-05
 2.51757989e-04
 4.41186036e-04
 2.55754247e-05
 3.77762485e-04
 1.23866908e-04
 6.55671939e-05
 2.87730980e-04
-2.35857311e-04
-3.08005789e-04
-1.09391361e-04
-1.72592090e-04
 2.57923902e-04
 2.10046808e-04
-1.73008605e-04
 3.54943125e-05
 1.52784208e-04
-4.34976701e-04
-7.47520423e-04
-1.07382510e-04
-1.19580221e-04
 1.11961274e-04
-5.58118561e-05
-8.17700781e-04
-9.75002292e-05
-1.90572902e-04
-9.98922989e-05
 4.39739511e-04
-4.46468712e-04
 3.08864186e-04
 5.56775661e-04
-2.83758425e-04
 4.63415475e-04
-4.26296820e-04
-5.99322030e-04
-1.26227042e-05
 1.67551695e-04
 4.69694599e-04
 2.03703266e-04
 2.80889896e-04
-2.38169442e-04
-9.73749899e-05
 6.26060743e-05
-5.47387542e-05
 4.93133582e-05
-1.92693543e-05
 1.63198120e-05
-1.62673508e-05
-2.71829998e-06
-4.46385463e-06
-3.50445235e-06
