 7.86867924e-10
-2.79978359e-07
 5.96670756e-06
-8.97239402e-06
-3.20094893e-05
 2.81251969e-05
-1.92232645e-05
 2.82454518e-05
-1.89669635e-05
-8.91308776e-07
-5.52961875e-06
-2.85424128e-05
 9.30708078e-05
-2.61153034e-04
 9.59732242e-04
 9.15746887e-04
-8.31057539e-04
-1.78332941e-04
-3.60640971e-05
-1.68437668e-05
 8.92826030e-04
 3.02810252e-04
-4.03743992e-04
-1.20292047e-04
 1.24754253e-04
-1.32163480e-06
-3.51184083e-04
-5.12944161e-04
-7.60432945e-04
-3.30485048e-04
-2.32104587e-04
-3.71323977e-04
 3.25540947e-04
-4.60716230e-04
-9.13544616e-05
 6.37046646e-04
-3.07738863e-05
 5.49567176e-04
-3.94783162e-04
-4.72572648e-04
 1.14666519e-04
-4.82896407e-04
-8.24139374e-05
-2.73878708e-04
-5.03924358e-04
-7.17897932e-04
-6.01482970e-04
 8.02672161e-05
 5.89286393e-04
 2.14659686e-04
 1.81455756e-04
 3.98127547e-04
-1.22824907e-04
-6.54230407e-05
 3.31577469e-05
 2.92538353e-04
 3.52552499e-04
-1.64816450e-04
 2.63524029e-04
 7.72916767e-05
-3.19945837e-04
-1.81332052e-04
-2.63736339e-04
 2.99123715e-04
 3.66627102e-04
-2.10570374e-04
-8.42461328e-04
 6.40747512e-04
-5.55566696e-04
-2.31938398e-03
 1.79892942e-05
 7.11143749e-05
-6.99415663e-05
 3.39450309e-04
-2.61120203e-04
 1.85162116e-04
 4.08662768e-04
-5.87590097e-04
 7.62081895e-05
-7.87757170e-04
 1.27846991e-03
 3.40224044e-03
 5.42439505e-05
-4.23622322e-04
-1.57939640e-04
 2.88302844e-04
-2.76511670e-04
 2.96492772e-05
 8.61711909e-04
 9.64768204e-05
 5.79738135e-04
 1.19774056e-04
-3.70649935e-04
 1.99860143e-04
 6.54413581e-04
-1.92985568e-05
-8.73530358e-05
 1.20809483e-04
-1.67097840e-04
-2.14545492e-04
 1.04353048e-04
 4.43047583e-04
-2.40273674e-04
 4.08267636e-04
-2.73240975e-05
-3.00350919e-04
 2.26796204e-04
-5.71321469e-04
-3.18239947e-04
-1.51615200e-04
 5.88134422e-04
 9.42735889e-05
-2.97333493e-04
 8.16539384e-04
 3.34937362e-04
 5.79407174e-04
 8.25309379e-04
-4.45030297e-05
-5.44775285e-04
-7.61685768e-05
 3.62531596e-05
-7.19088377e-04
 1.72811647e-05
 3.75404087e-04
 9.83754956e-05
 3.83644994e-04
 1.47420043e-04
 5.66700338e-04
-2.25978907e-04
-5.00691264e-04
-1.39529906e-06
-3.86148322e-04
 1.71355934e-03
-1.79871179e-03
 4.53549109e-03
 8.45825681e-03
-1.42254330e-03
-1.18309075e-04
 3.55085987e-04
 5.69838316e-05
 2.89207519e-04
-1.15890070e-04
 7.09680290e-04
 1.36568482e-04
-2.28074151e-04
-5.35111779e-04
 3.92433511e-04
 4.10430500e-05
-1.91610153e-05
 1.09193360e-04
 1.27517627e-04
-3.38092074e-05
-1.76963100e-04
 2.14986220e-04
 3.14667284e-04
 3.81263604e-04
-7.37535317e-05
 2.16652690e-04
 3.95951668e-04
-1.09067705e-05
 7.14696439e-05
 2.72444422e-04
-9.24893080e-05
 8.71830610e-05
 3.14216409e-04
-2.12240783e-04
 8.97205558e-05
 3.10001650e-04
 2.05631166e-04
-2.45720950e-04
-3.48063216e-05
 4.41759570e-04
 2.88485781e-04
-4.85543000e-06
 4.84388505e-04
 3.57028004e-04
-1.47758751e-04
 3.77314330e-04
-3.14883607e-04
 2.29473780e-04
 4.48739209e-04
-6.04751935e-04
-4.35240832e-04
-1.46284124e-04
 1.42007322e-04
 1.41287944e-04
 2.06592232e-04
 2.35402342e-04
 3.17849109e-04
 2.55042742e-05
-6.04342968e-04
 2.28688423e-04
 5.02849629e-04
-1.19278223e-04
 2.48998268e-04
-1.04755770e-04
-4.05801299e-04
-1.39287735e-05
 2.74898094e-04
 2.50104138e-04
-3.84819115e-05
-1.69503047e-05
 3.07551464e-04
 5.00400009e-05
-1.39912604e-04
 1.87648435e-04
-8.75041797e-06
 1.39659579e-05
-1.21073607e-05
-3.64256612e-04
-5.40984571e-04
 9.12795484e-05
-1.90289884e-04
-9.18428449e-05
 4.27458772e-04
-3.66219627e-04
 3.43519607e-04
 4.63387730e-04
-2.45535050e-04
-2.99859794e-04
-3.52466075e-04
 4.89682227e-04
 5.60822077e-04
 1.06262460e-04
 4.86028402e-04
-1.74734495e-04
-4.73679690e-04
 3.42015855e-04
 2.42954219e-04
 2.51463783e-04
 5.31192630e-05
-7.43013013e-04
-1.52615496e-04
 3.37291358e-04
-1.28395370e-04
-6.15611353e-05
 4.31490697e-05
-1.07268354e-04
-3.84691343e-04
-4.09090924e-04
-3.59274074e-04
-3.36225965e-04
-7.43821228e-05
 3.79427981e-04
 2.46201578e-04
-6.22829402e-05
-4.00221155e-05
 3.15295577e-04
-3.18139257e-04
-6.10587480e-04
 3.17566469e-04
 2.97480743e-05
 2.77727080e-04
 4.74586839e-04
 1.77071268e-04
-3.47282902e-04
-2.74116543e-04
-3.17370125e-04
-2.25483242e-04
-5.15365217e-05
-5.67791408e-04
 1.60208075e-04
 5.70973367e-05
 2.62993936e-04
 4.14784934e-04
-4.07854601e-06
 4.13114779e-04
 1.66422919e-04
-3.54902235e-04
-1.54149181e-04
-3.93340468e-05
 5.03477030e-04
 2.32802821e-04
-6.05312348e-04
 2.23015196e-04
 5.10030838e-05
-3.29383297e-04
-3.61512742e-04
 6.59387012e-05
 3.76637662e-04
 1.48131775e-04
-1.75671797e-04
-7.44657841e-04
-2.76268258e-04
 5.47112396e-05
 1.08613435e-04
-1.05471435e-04
 2.60694358e-04
 2.30664061e-04
-9.27203871e-05
 5.29233327e-04
 9.86225956e-05
-9.42765607e-06
 4.13312403e-04
 2.74528067e-04
 2.68442939e-04
-2.00155712e-04
-3.65151181e-04
-3.65685571e-05
-2.57866260e-04
-4.85861227e-05
-3.75462061e-04
-3.35925588e-04
 1.98971833e-04
 1.45165988e-05
 2.06491449e-05
-2.27895836e-04
 4.44641865e-04
-1.13279844e-04
-4.77936678e-05
-2.19682501e-05
-2.99119078e-04
 8.78462273e-04
 2.85957255e-04
-1.46255930e-04
-2.35912594e-04
-4.27015613e-04
-1.04544799e-04
-1.05401186e-04
 1.49588015e-04
 3.38694068e-04
-7.16814253e-05
-7.63772795e-06
-1.36916659e-04
-1.60927806e-04
 1.85959796e-05
-3.13367314e-05
-1.68083131e-04
-2.85297938e-04
-4.62335666e-04
-2.50834456e-04
-5.13014517e-04
-5.23643847e-04
 3.11236213e-04
 2.37469309e-04
 3.08483649e-04
-2.30558841e-04
 1.02014414e-05
 5.94364199e-04
 1.53810302e-05
-8.50944577e-05
-5.31365863e-04
-4.37345473e-04
-1.66051528e-04
 5.15793147e-06
 2.50934821e-04
-2.82947863e-04
-4.68025825e-04
-3.18516648e-04
 2.41908730e-04
 3.61002005e-04
 5.53697143e-04
 7.16209188e-04
-3.36189086e-04
-5.21815669e-05
-1.73840068e-04
-8.99041738e-04
 3.50570185e-05
 2.38552682e-04
-2.38587049e-04
-7.80576330e-05
 2.72662499e-05
-2.92330449e-05
 1.79189198e-06
 2.19863537e-06
 6.29450921e-06
 2.21845649e-06
 1.48479036e-05
-1.60278392e-06
-6.87400107e-06
