 4.07874452e-08
-8.60658608e-07
 2.11423965e-06
 7.59277331e-06
-1.21638665e-05
 3.46850794e-06
 4.28221884e-06
-1.21771314e-06
 1.47406430e-05
-1.99124195e-05
 2.21331587e-05
-1.52033240e-05
 1.97628856e-05
-1.95266228e-04
-2.10501051e-04
 5.56511196e-04
-2.14566071e-04
-3.07269060e-04
-9.41539255e-05
-2.75525330e-04
 3.74475982e-04
-3.91243272e-04
-4.17926642e-05
 3.17155450e-04
 3.29303209e-04
 3.80519156e-04
-8.84565702e-05
 2.49248324e-04
 4.07091889e-04
-2.83652989e-04
-2.07416568e-04
 4.29672281e-04
 2.65401640e-04
 9.77348361e-05
 2.04527404e-05
-4.47976265e-04
-4.62360800e-04
 1.41229926e-04
-3.09715853e-04
-2.18585477e-04
 6.70757742e-05
-3.28459993e-04
 2.23048739e-04
 4.34149128e-04
 2.22056766e-06
 2.25347590e-04
 1.54172113e-04
 2.37195997e-05
-4.85699878e-06
 8.30809299e-05
 2.05658614e-04
-1.38330925e-04
-1.43789445e-04
-3.24499423e-04
 4.64227579e-05
 1.82722763e-04
-2.04266065e-04
 2.24699656e-04
-1.90184662e-04
-1.87457512e-04
-2.42644401e-04
-1.23165537e-04
 5.13115816e-04
 1.50050680e-04
-4.93708457e-04
-2.08305243e-04
 5.27616136e-04
 4.59102432e-04
 7.56400505e-04
 2.66324542e-04
 2.66161840e-04
 1.41785168e-04
-7.30457304e-05
 4.15767291e-04
-3.13386047e-06
-1.50903890e-04
-4.14172161e-05
 8.77748174e-05
-7.42417491e-05
 4.74171078e-05
 1.18974753e-04
 2.87636458e-04
 2.71525942e-04
-4.78234105e-04
 2.09771016e-03
 2.32858899e-03
-2.79199077e-04
-2.34333206e-04
-4.82722305e-04
 2.26746915e-04
-1.25299381e-04
-6.44105724e-04
-3.90409055e-04
-5.60937921e-05
 2.57711439e-04
-5.63377555e-04
-1.73173672e-04
-3.93579049e-04
-3.57115885e-04
 1.95966371e-04
 4.37659522e-04
 6.16247890e-04
 6.27762783e-05
 9.12946231e-05
-1.45666081e-04
-2.56247103e-05
 2.93406806e-04
-3.70963874e-05
-2.21445399e-04
-1.64539315e-04
 6.38232250e-05
-1.01895134e-04
-3.68895729e-04
-2.23126934e-04
-1.01120159e-04
-6.75601271e-04
-2.39506790e-04
 9.19036422e-05
-4.87220814e-04
-3.92231582e-04
-1.06004762e-04
 1.89845028e-04
-2.23810482e-04
-6.09860035e-04
-2.62632736e-04
-4.22672231e-04
-1.53613601e-04
 2.36839844e-04
-5.11592508e-04
-1.27918536e-04
-2.18500513e-04
 3.84029979e-04
 2.10145641e-04
 1.24822118e-04
 6.26072791e-04
-8.21689633e-04
 1.89829048e-04
-1.17127484e-04
 2.31385826e-03
 2.69402375e-03
-1.37669754e-04
 7.09501454e-04
-7.92165822e-05
 2.26475226e-04
 3.98062180e-04
-3.58646963e-04
 1.19607387e-06
 2.55642378e-04
 1.69896962e-04
 9.85549265e-04
-2.22760992e-03
-2.81889009e-03
 4.88723998e-04
-9.33551166e-04
-2.02869236e-04
-1.06231473e-04
-1.84871001e-04
 5.71044493e-04
-1.72211969e-04
 5.95252184e-04
-3.24281997e-04
-1.09431607e-04
 4.48570009e-04
-4.60615625e-04
-3.32943706e-05
 2.08240701e-04
 6.30812640e-05
-8.50626923e-05
-9.28385949e-05
-5.95135078e-04
-1.03207347e-04
 1.10914732e-04
-1.06419383e-04
-4.09695290e-05
-2.24154500e-04
 5.01182466e-04
 1.27651606e-05
-4.29150946e-04
 1.79096663e-04
 1.97528946e-04
 3.42732837e-04
 6.35584797e-04
 4.31955473e-04
 2.64264689e-04
 1.98037037e-05
 2.05888072e-04
-5.20171217e-06
-6.26026940e-04
 2.33578612e-04
 5.49763440e-04
 3.95277612e-04
 1.18873764e-05
-1.25362842e-04
-1.47579369e-04
-1.35622780e-04
 8.56064809e-06
-1.40929149e-04
 1.19676448e-04
 1.31745779e-04
-4.66720544e-04
-1.64124134e-05
 2.64366019e-04
-2.67759933e-05
-3.37586209e-04
-4.19309668e-04
 1.53124538e-03
 5.85196447e-04
-2.33438071e-04
 2.98026797e-04
-2.55619460e-04
-2.27825765e-04
 1.04830309e-04
-3.65324522e-04
 1.95155040e-04
 2.52423987e-04
-7.11901802e-04
 2.77340056e-04
-8.20287575e-05
-2.79407452e-04
-2.01284735e-04
-1.47757399e-04
 9.72147425e-05
-9.33897082e-05
-7.47803182e-05
 4.36462797e-04
 3.03972254e-04
-5.88575904e-04
 8.21389517e-05
 3.14930395e-04
 1.85248943e-04
 2.43629516e-04
-1.60012128e-04
 6.22712491e-05
 6.53979344e-04
 4.08395718e-04
-6.78539065e-05
-3.32865961e-04
-4.32484988e-04
 4.82496433e-04
 2.44090969e-04
-6.70724272e-05
 5.65762701e-04
 7.69484866e-05
-4.00390658e-05
 2.08174626e-04
 1.45898328e-04
-3.79021789e-05
-4.27340064e-05
 5.31897638e-04
 6.21560979e-04
 3.26234621e-04
 6.78868348e-05
 5.39466786e-05
 2.39709558e-05
-6.53296897e-05
-6.29533846e-04
-4.10685326e-04
-3.65283130e-06
 6.15398100e-05
 2.90282479e-04
-2.07107687e-04
-3.80026174e-05
-7.46448034e-05
-4.01112932e-04
-1.20736689e-04
 2.40297523e-04
-1.61293740e-06
 1.23330923e-04
-1.93621121e-04
-6.44156163e-04
-6.10412422e-05
-2.56818737e-04
 1.60282757e-05
 3.39240370e-05
-2.59475679e-04
 3.79765909e-04
 2.04929577e-04
 7.99119923e-05
 4.05352225e-05
-1.74122864e-04
-4.98565784e-05
 7.72793038e-05
 3.40571548e-04
 1.32282188e-05
 1.27217295e-04
-7.74764284e-04
-9.78978372e-04
 2.10196087e-04
-7.02923932e-04
-2.60077954e-04
 1.02347058e-04
-5.21992950e-05
 3.24353105e-04
-3.10877165e-04
 1.74649580e-06
-1.34436306e-05
 6.41231862e-04
 4.07073818e-04
-4.68617349e-04
 8.74528139e-06
-1.92505324e-04
 6.89383500e-05
-6.95163727e-05
 2.37739679e-04
 9.77712206e-05
-2.50499888e-04
 3.17980679e-04
 3.84620656e-05
-2.24881770e-05
-4.11126829e-05
 4.06681872e-04
 4.74822607e-04
 2.02184116e-04
 1.22668053e-04
 2.19375777e-04
 5.75991497e-04
 4.16848738e-04
 2.32836423e-04
-5.82348225e-04
-2.08013325e-04
-1.54759840e-04
-2.30434994e-04
 4.99668313e-04
 1.69233215e-04
 2.57062976e-04
-1.33002583e-04
-3.75351331e-04
-3.39633778e-04
-5.47961054e-04
-4.20736780e-04
 2.32137321e-04
 2.61270934e-04
-4.36501656e-04
-3.95760716e-04
-3.55618329e-04
-2.48463740e-04
-2.34134132e-04
-1.76231714e-04
-4.03339799e-05
-1.11013551e-04
-3.80682079e-04
-4.41441726e-04
-6.62526035e-04
-6.54886823e-04
 2.56056940e-05
 9.19631373e-05
 4.05980262e-04
 3.74882465e-04
 1.15103663e-04
-6.00034523e-05
-2.43485803e-04
-5.76889168e-05
 2.05414482e-05
 8.76239678e-05
-7.11146696e-05
-5.57094720e-05
-3.83849381e-04
-1.29446725e-04
 5.46383759e-05
-2.98170293e-04
 9.02366605e-06
 5.33655861e-06
-8.86021228e-06
 1.30812123e-05
-1.59206623e-05
 1.60050566e-05
-8.69767292e-06
 1.37710431e-05
-2.42516518e-06
 8.66940944e-07
