 3.81431535e-08
-6.76280364e-07
 3.86900508e-06
-7.58664109e-06
 5.59338330e-06
 6.77716999e-06
-4.38742109e-06
 1.48688245e-05
-2.78149899e-05
 1.05273692e-05
-2.71596185e-05
 3.39494285e-05
-3.30360552e-05
-6.19734680e-05
 2.50048651e-04
-3.26670444e-04
-3.16449803e-04
 4.12324537e-05
-8.47086677e-05
 7.49514023e-04
 4.77198535e-04
-1.41227153e-04
-2.72989466e-04
-7.79262016e-04
-2.78156840e-04
 5.87747005e-04
 2.28366092e-04
 1.36593340e-04
 3.06403886e-04
-4.74393677e-04
-2.69147646e-04
-1.53752617e-04
 1.21951824e-04
 1.33118164e-04
-6.74948781e-04
 5.71931975e-05
 8.70952460e-05
-4.50630083e-04
 3.27761074e-04
 2.07124688e-04
-4.04744109e-04
-3.39959117e-04
-5.58153663e-04
-4.82385365e-04
 1.56328256e-05
 1.10239303e-05
-1.15487143e-04
 7.02286054e-05
 1.77680668e-04
-3.25386255e-04
-6.39209241e-04
 2.75925913e-04
 3.47280557e-04
-3.24045313e-04
-1.43925019e-03
 3.62305709e-05
 1.16798304e-03
-2.07246978e-03
 1.46619507e-03
-1.11547991e-03
 1.00965656e-03
-2.84591367e-03
 2.21951044e-03
-8.30134294e-05
 1.53212625e-03
 4.20136703e-02
-2.96001659e-02
-2.48711223e-02
 6.11802080e-02
-2.24847614e-02
-4.67051134e-02
 4.10964207e-02
 3.85536822e-02
-4.21914413e-02
-5.08941661e-02
 2.18358189e-02
 5.86564673e-02
 2.42577921e-02
-3.57629841e-02
-6.34372974e-02
-4.23761439e-02
-9.41254901e-04
 3.44578665e-02
 5.63566729e-02
 6.22987333e-02
 5.74066273e-02
 4.90857877e-02
 4.13853719e-02
 3.84680098e-02
 4.00136347e-02
 4.60612259e-02
 5.46259072e-02
 6.09287566e-02
 5.87644272e-02
 4.27328588e-02
 1.20004031e-02
-2.98971040e-02
-6.10125288e-02
-4.99276515e-02
 5.17256279e-03
 5.50170508e-02
 4.10063129e-02
-3.05722230e-02
-5.86593845e-02
 1.65165706e-02
 5.49707988e-02
-2.19899378e-02
-4.70458459e-02
 4.51778471e-02
 1.86311072e-02
-6.08486384e-02
 4.70410716e-02
-4.21073650e-03
-3.20911846e-02
 4.69452108e-02
-3.84779832e-02
 1.85381530e-02
 1.49722431e-03
-2.07430855e-02
 2.47724177e-02
-1.27674654e-02
 7.36719119e-03
-1.25393897e-03
-3.45096048e-03
 5.18087955e-03
-4.50519387e-03
 5.42153715e-03
-7.75574647e-03
 6.70461682e-03
-1.90541392e-03
 4.53874279e-03
 7.88174826e-02
-6.92595760e-02
-3.44320785e-02
 1.22072571e-01
-6.17385237e-02
-8.21379482e-02
 9.43985941e-02
 6.39535043e-02
-9.67620518e-02
-8.91899491e-02
 6.11154207e-02
 1.15671711e-01
 2.95367995e-02
-8.86633832e-02
-1.24780825e-01
-6.59674109e-02
 2.15163930e-02
 8.71768868e-02
 1.18890411e-01
 1.20097459e-01
 1.01400403e-01
 7.78843377e-02
 6.17523065e-02
 5.59518429e-02
 5.86628750e-02
 7.07853666e-02
 9.25031285e-02
 1.14508230e-01
 1.22701796e-01
 1.03425532e-01
 5.02487782e-02
-3.15135642e-02
-1.09703492e-01
-1.15229975e-01
-1.92358157e-02
 9.56680623e-02
 1.01521960e-01
-3.22093218e-02
-1.25018991e-01
 1.30646754e-03
 1.15792515e-01
-1.50469718e-02
-1.08358124e-01
 6.56789777e-02
 6.90257893e-02
-1.24816763e-01
 6.86471284e-02
 2.25905931e-02
-8.55020704e-02
 9.64915223e-02
-6.32970454e-02
 1.58954904e-02
 2.37381029e-02
-5.66591147e-02
 4.09472191e-02
-1.73219360e-02
 9.11953757e-03
-2.25101430e-03
-2.95584903e-03
 5.82359322e-03
-6.22380557e-03
 4.95294825e-03
-2.48714746e-03
 1.41277247e-03
 1.37252287e-04
-4.75188573e-04
 4.53516131e-04
-3.86493005e-05
-2.74797167e-04
 2.71410190e-04
-1.41239845e-04
-4.07570594e-04
-2.42042231e-04
 1.12853942e-04
 6.93082006e-05
-3.02060876e-04
 1.99430107e-04
 2.00853916e-04
-1.80784315e-04
-7.77899774e-04
-3.61990887e-04
 5.28093049e-04
-1.91475518e-04
-1.67562157e-04
 1.14197527e-04
-3.73720238e-04
 3.12010101e-04
 3.04042509e-04
-8.86549126e-05
-2.59278625e-05
 2.03086184e-05
 1.43440669e-04
-7.04545802e-04
-4.50051234e-04
 3.02920085e-06
-2.75954823e-04
-2.49256920e-04
-2.78216785e-04
-2.06357528e-04
-1.57571627e-04
-6.20105919e-05
 4.00977307e-04
-9.98261642e-05
-4.04155218e-04
 8.08703623e-05
-2.86748967e-05
-1.03365689e-04
-3.17003758e-04
-2.93685091e-04
-2.69309015e-04
-4.10919249e-05
 4.70476639e-04
 6.99551019e-04
 2.79845124e-04
 1.00924995e-04
 1.37978078e-04
-1.83159858e-04
 3.38265167e-04
 3.59378442e-04
-2.05799765e-04
-4.01629471e-04
 2.55982719e-04
 5.48402182e-04
-3.17698573e-04
-8.19697416e-04
-4.23179850e-04
 1.88433311e-04
 1.56181691e-04
 2.31385913e-04
-4.76894428e-04
-3.83266695e-04
 3.03033546e-04
-1.50308086e-04
 5.71461637e-04
 4.29395234e-04
-1.84573060e-04
 7.68849688e-05
-2.96553442e-04
-3.18273557e-04
-4.26755832e-04
-2.16966070e-04
 1.07144066e-04
 2.74293366e-04
-5.86349839e-05
 5.33008352e-05
 4.45679551e-04
-3.01940835e-04
 2.74472016e-04
 4.05660507e-04
 4.62540358e-05
-8.06415118e-05
-3.39548925e-04
-1.97922965e-04
-1.66851036e-04
 4.32855319e-04
 4.15043641e-04
 2.12642055e-04
 2.80019420e-04
 1.14190488e-04
 1.50109514e-04
 1.93257215e-04
 2.48162832e-04
-2.64844503e-04
-3.15282474e-05
 1.74750107e-04
-4.49770256e-05
 1.57829061e-04
-1.33877582e-04
 4.15324546e-05
-2.01158726e-04
 2.81040964e-04
 6.60910850e-04
 4.81378664e-05
-1.49214979e-04
-2.75968516e-04
 2.06756953e-04
 3.32209702e-04
 1.55513869e-04
 1.07078789e-04
 1.37789502e-05
-5.41242991e-04
-6.19205104e-04
 7.25985070e-06
-2.13297634e-04
-3.80085955e-04
-3.11339751e-04
-1.14065339e-04
 2.28113522e-04
 3.77206963e-05
-2.81216789e-04
-2.54845576e-04
 2.64499400e-04
 3.29843369e-04
-1.65973742e-04
 5.27574558e-05
 8.20382792e-05
-3.16628992e-04
 1.63151788e-04
 1.57632962e-04
-4.25560777e-05
 1.86424119e-04
-1.11262525e-04
-1.39079640e-05
 4.05843361e-04
-7.61224899e-05
-3.92907953e-04
 4.38833387e-04
 3.89549575e-05
-3.20623095e-04
 1.54078515e-04
 5.66963773e-04
 3.67755189e-04
-2.73196287e-05
 2.92847627e-04
-2.25797297e-04
-4.63211379e-04
-4.52295421e-04
-1.00554181e-04
 2.88634989e-04
-2.45038158e-04
-3.54264753e-04
 1.07427142e-04
 4.00187843e-04
 2.00883130e-04
 3.27155613e-04
-9.37044583e-05
-1.16510663e-04
 2.12719844e-04
-7.12123269e-05
 7.47856653e-05
-1.30014981e-05
 3.06667597e-06
 7.04535965e-06
-2.34335276e-05
 1.28146302e-05
-1.77204943e-05
 1.24016316e-05
-4.16153309e-06
-9.91252010e-07
