-2.93280446e-08
 1.42421566e-06
-2.79041018e-06
-6.30546300e-06
 8.58094170e-07
-8.32828384e-06
-2.62697374e-06
-1.26999550e-05
 9.08384358e-06
-2.03721953e-05
 1.44546887e-05
-7.34132421e-06
-3.01387546e-05
 2.33883436e-04
 2.73593284e-04
 1.00539269e-04
 2.58957771e-04
 5.05256933e-04
 1.69236574e-04
 1.12422388e-04
 3.47166672e-04
-1.11123923e-04
 1.30248738e-04
 7.28533117e-04
-3.98693620e-04
-5.70460694e-04
 2.31400366e-04
-1.99585180e-05
-9.51387163e-05
-4.09714974e-04
 6.63796484e-05
 4.11369869e-04
-2.11800149e-05
-4.59296899e-04
-8.46719980e-04
-3.31682971e-04
-1.98351696e-05
-1.26551295e-04
-2.23635860e-04
-4.39090991e-04
-1.02191367e-04
 6.63945148e-04
 9.56651866e-05
 1.29126690e-04
 2.54144585e-04
-3.27057183e-04
-2.32554512e-05
-6.39149148e-05
-2.68609573e-05
 9.94890834e-05
 1.34885897e-04
-2.21299034e-04
 7.75836403e-05
 2.68786112e-04
-1.43722975e-04
-2.08917084e-04
-6.49300870e-04
-2.30932270e-04
 5.58101227e-04
 7.59387898e-04
 2.98206192e-04
-1.49422225e-04
-6.11457962e-04
 2.66973007e-04
-1.00726152e-03
-2.40707429e-03
-1.95662202e-04
 1.93036769e-04
-2.19098479e-05
-2.65646588e-04
-4.61119359e-04
-3.16619499e-04
 4.33581891e-05
 3.11954599e-05
-4.77750522e-04
 1.76464138e-04
 8.82845765e-04
 2.92909288e-04
-5.43059354e-04
-1.29130338e-04
-9.11075528e-05
 1.09338906e-04
 3.72863803e-04
-2.68419144e-04
 5.72679539e-06
 7.45994701e-05
-5.88338930e-04
-1.16893558e-04
 4.29043929e-04
-1.32443334e-04
 1.06858829e-04
 4.33160383e-04
-1.35592431e-04
 3.09747737e-05
 4.21924501e-04
 2.95798354e-04
 1.77934972e-04
 3.60714750e-04
 2.48338754e-04
-2.63488421e-04
-2.17957743e-04
 2.90161581e-04
 4.43989983e-04
 2.92112260e-04
-1.64255556e-04
 9.09370451e-05
 2.73726296e-04
-5.68728271e-04
 2.05645960e-04
 5.30175152e-04
 1.87818542e-04
-8.92626177e-05
-2.69294766e-04
 1.15319258e-04
 3.51345977e-04
 2.07930559e-04
-7.25487463e-04
 1.06538778e-03
-3.67973412e-03
-4.85933466e-03
 9.82648319e-04
-3.78639569e-04
-6.83676444e-04
 2.18750444e-05
-5.12220697e-04
 1.78923532e-04
 4.72893505e-04
 1.99673915e-04
 1.12559129e-03
-1.59212824e-03
 3.49151911e-03
 6.26661520e-03
-1.67533071e-04
 3.01410126e-04
 2.94647145e-05
 6.67005709e-05
 3.60640814e-05
 3.29998047e-07
 1.54810142e-04
-3.35271823e-04
 5.33627017e-04
 1.07369904e-04
-2.14376377e-04
 5.19508050e-04
 6.92240873e-04
 1.49978312e-05
-6.04213910e-04
-2.92896723e-04
 7.12033412e-05
 1.49737219e-04
 1.77881437e-04
-6.15505288e-04
 8.28513401e-06
 4.64098985e-04
-2.39637912e-04
-1.17547183e-04
 1.42933211e-04
-3.52940448e-04
-1.58154166e-04
-4.78004324e-05
-3.61045949e-04
 8.81063296e-05
-2.57625829e-04
-4.21132162e-05
-3.25384905e-05
-4.27102289e-05
-6.69391403e-05
-3.35716011e-04
 1.11480294e-04
-1.16178440e-05
 1.42679185e-04
 6.93147093e-04
 5.20124925e-04
 1.54189203e-04
-6.09987522e-05
 1.36189299e-04
 3.86889472e-04
 1.89964482e-04
-1.73332143e-04
 3.20370515e-04
-4.77989556e-06
-2.82020532e-04
 1.58252894e-03
-1.65208771e-03
 5.58516321e-03
 7.97710761e-03
-1.30885534e-03
 6.79521853e-04
 3.36398089e-04
 3.71948891e-04
 1.60376761e-04
-1.07657603e-03
-5.80618396e-05
-2.16216787e-04
-2.55435474e-04
-1.45104501e-04
-5.78397334e-04
-3.30289210e-04
 4.58791147e-04
-2.34527539e-04
 5.02572940e-04
 4.10694543e-04
-6.14565305e-04
 3.30092242e-04
 7.27226335e-04
-3.11207567e-05
 1.91725553e-04
 7.18946075e-04
 5.87191428e-05
-5.42800229e-05
 2.63249243e-04
-8.04167139e-05
-5.57911382e-05
 1.97632810e-05
 1.10672117e-04
-4.74393386e-05
-2.72929006e-04
-3.89139924e-04
-9.04999625e-05
 2.77109832e-05
-6.04015434e-05
-1.20606329e-04
-4.28506862e-04
-7.02955430e-05
 2.63034767e-04
 4.29784520e-04
-3.82661387e-04
-4.02889518e-04
-5.24020488e-04
-6.68386019e-04
 2.58713509e-04
-4.43236668e-04
-3.10529987e-04
 3.95106448e-05
 2.47389075e-04
 3.68739738e-04
-5.83095565e-04
-6.74797251e-04
 1.56845565e-04
-3.01902882e-05
-2.26165859e-04
-1.61644689e-04
 5.61522913e-05
 3.17173590e-04
-3.36472695e-04
-2.16318608e-04
-6.07847228e-05
 4.42196127e-04
 3.04458682e-04
-2.48968925e-04
 2.77842055e-05
 2.16111197e-04
-2.83117390e-06
-1.88403847e-06
-4.96611737e-06
-2.12985051e-04
 2.25012842e-04
-1.25676780e-05
-2.89139688e-04
 1.92360642e-04
 5.59283631e-05
-1.72274785e-04
 1.54940889e-04
-4.36367556e-04
-2.44712413e-04
 8.83090421e-04
 6.17658018e-04
 4.20409864e-04
-1.96511617e-04
-2.75834170e-04
 2.49817653e-04
 3.08360649e-04
 3.11323306e-04
-8.33374686e-05
 5.79046431e-04
 4.05896844e-04
 1.99204047e-04
-2.88369946e-04
-1.23943241e-03
-3.31831015e-04
 1.40124826e-04
-1.74707757e-04
-1.71976018e-04
-1.65833632e-05
-7.98946146e-06
-6.55851488e-05
 3.03487367e-05
-1.73428318e-04
 5.63928831e-05
 2.53520458e-04
-1.07344853e-04
 5.86905127e-04
 2.76572640e-04
-1.23016014e-04
 2.71108152e-04
 1.13363204e-04
 1.31689195e-04
-8.91296716e-05
-3.83755572e-04
-6.26550901e-04
-2.93312059e-04
-1.64706456e-04
-1.56200721e-04
-1.52714066e-04
-3.87659303e-04
-3.34768045e-04
 3.21358708e-04
 2.53611536e-04
-2.91359194e-04
-1.90948500e-04
-3.84251055e-04
 2.09622407e-04
 3.38125317e-04
-1.07689463e-04
-6.36666483e-05
 2.30146438e-04
 5.00995745e-04
 3.99546351e-04
-2.72499358e-04
-1.77765835e-04
 1.74796137e-04
 9.56227651e-05
 6.90939031e-04
 3.78426030e-06
-5.53220309e-06
-6.78821987e-05
-5.51137996e-05
 4.38460909e-04
-2.74012956e-04
-3.55304045e-05
-4.21097432e-05
-9.30783678e-05
 1.65914177e-04
-4.94445909e-05
 1.33909809e-04
 2.06138815e-04
 1.52977491e-04
-1.08188842e-04
-2.76104762e-04
-3.73949730e-04
 1.66302068e-05
 6.61252138e-04
-3.04481355e-04
-3.76847015e-04
-1.80010518e-04
-5.93314969e-04
-2.67185752e-04
 3.46353006e-05
 2.85163822e-04
 5.79754969e-05
-2.68947372e-05
 2.34729122e-04
 6.64867576e-05
-3.06080280e-04
 1.36192287e-04
 3.20193456e-04
 1.09470408e-04
 2.54895413e-04
 4.14645270e-04
 4.03031734e-04
-3.07252900e-05
-1.24317029e-05
 1.81449745e-05
-2.42297976e-05
 2.65229910e-05
-2.11544190e-05
 6.05227099e-06
-9.47575003e-06
-1.38488666e-06
-9.34746645e-06
