-4.82998468e-06
 3.33796291e-04
-1.26583755e-03
-5.74294828e-04
 2.19961292e-03
-4.01102889e-03
 5.45404997e-03
-5.72813340e-03
 5.34575684e-03
-4.05445277e-03
 1.03971702e-03
 4.34184983e-03
-1.36982875e-02
 9.03189952e-02
-3.55133847e-02
-1.23901151e-02
 4.44374937e-02
-6.22629691e-02
 3.27460970e-02
-2.57134856e-03
-4.43704981e-03
 6.99147181e-03
-7.43499005e-03
 6.79927084e-03
-6.64652163e-03
 4.35873706e-03
-1.74128683e-03
 2.81998638e-04
 7.97157676e-04
-7.30325856e-04
 1.08429505e-04
-7.62389243e-05
 6.65945492e-05
-5.41778261e-05
-1.23259633e-04
 3.91764008e-04
 5.03983306e-06
-8.85169851e-05
-4.61854875e-05
-3.64355445e-05
 2.14624418e-04
-1.15102523e-04
-3.61450811e-04
-1.06277003e-04
 7.02555938e-05
-2.11766899e-04
-6.13639836e-05
 3.46791234e-04
 4.66360976e-04
-8.87751449e-05
-2.96357430e-04
 3.06751012e-04
-3.34668931e-04
-3.39779987e-04
-1.78135443e-04
-4.78550249e-04
-1.79789687e-04
-2.09763505e-04
 2.55507499e-04
 6.42215894e-05
-6.10894615e-05
 6.94572795e-05
 2.09106355e-04
 9.17807410e-06
-4.35269643e-04
 6.20285441e-04
 2.15675856e-04
-7.08033812e-05
-2.92827185e-04
-2.09498773e-04
 4.48257410e-04
-3.55610247e-04
 1.24085758e-04
 2.21513256e-05
-5.14461182e-04
-1.40769872e-04
 2.07870260e-04
 8.26252687e-05
-5.04926672e-04
-2.00965427e-04
-1.07911532e-04
-9.89140534e-05
-2.75390436e-04
-2.72158507e-04
 4.36233454e-04
 3.14223574e-04
 3.09692308e-04
-4.20239431e-05
-5.92500231e-05
 2.34383460e-04
 2.56753607e-04
 3.82151091e-04
 5.31481598e-04
 2.48232620e-04
-4.47047422e-04
-8.82998687e-05
 8.02945820e-05
 3.84811144e-05
-9.79977553e-05
-1.02486002e-04
 1.56818202e-04
 3.79490482e-04
 3.21488165e-04
 7.12640414e-05
-1.62911881e-04
-5.26958987e-04
 1.50373932e-05
 2.50117367e-04
 6.02312524e-04
 3.64726593e-04
-1.75896951e-04
-1.06025139e-05
-4.58832299e-04
 3.53039907e-04
 6.05779177e-05
-6.71689871e-04
-1.54068255e-04
-2.84148404e-04
-2.22350192e-04
-3.13639361e-05
 3.28282894e-04
-2.10986164e-04
-4.18894377e-04
 5.31082794e-04
 3.19370513e-04
 3.34166006e-05
 2.92137143e-04
 5.74857823e-05
 2.11134656e-04
 1.58046344e-04
-1.28570146e-05
-8.94762527e-05
-8.75128557e-04
-4.32621738e-04
 2.17313972e-04
 2.18300814e-04
 4.21110154e-05
 2.28544332e-04
 4.15698194e-04
-4.96632979e-04
-3.27760648e-04
 4.03510333e-04
 1.81954241e-04
-1.18827603e-04
 4.72868284e-05
 1.48761193e-04
 1.03796116e-04
-2.92205149e-05
-2.72309789e-04
-3.43927667e-06
-3.83137882e-04
-4.21871659e-04
 2.51589347e-05
-1.73975874e-05
 4.95246311e-04
 1.58923276e-04
 2.41208270e-04
 1.15247863e-04
-5.13692827e-05
 2.87470273e-04
 6.24778142e-05
-1.89498108e-04
-1.98998870e-04
 3.53193596e-04
 2.86565254e-04
-3.79300551e-05
 1.31135494e-04
 2.08681482e-04
-2.54683845e-04
-8.58434460e-05
 4.31622264e-05
-3.65299496e-05
-8.65968886e-05
-1.70703379e-04
 4.35810332e-04
-2.82001538e-05
-7.40895718e-04
-7.42109036e-05
 2.16443536e-04
 3.62723689e-04
 1.95747946e-04
-7.06288421e-05
-1.00123828e-04
 9.32249066e-05
 7.84729636e-05
 8.53912152e-05
 6.52965594e-04
-2.24324554e-04
-6.13936856e-04
-4.36054443e-04
 5.31072633e-05
 6.53653686e-04
 2.72729934e-04
-1.56456727e-04
-3.50291447e-04
 1.02668009e-04
 4.22638831e-04
 3.55114293e-04
 7.76074600e-05
-1.68450777e-05
-1.42226462e-04
-4.40670037e-04
-1.92271509e-05
 8.59586907e-05
-4.91858874e-05
-8.47657082e-05
-5.50890894e-04
 2.06540701e-05
 8.93397731e-06
-2.17033568e-04
 3.15518350e-04
-3.84881070e-04
-4.35253138e-04
 1.60985085e-04
 1.99692355e-04
-3.98975839e-05
-5.35079537e-04
-2.52417375e-04
-4.62662536e-04
-2.30601517e-04
 3.29452858e-04
 4.41735128e-06
 4.46515141e-04
 1.43763932e-04
-3.04273799e-04
-1.68407918e-04
-3.01391027e-05
 1.88638157e-04
 1.48222820e-04
-1.35556769e-04
 7.58409183e-06
 8.81171915e-05
 2.75017304e-04
 5.70734151e-04
-4.71388251e-04
 5.37766831e-04
 6.34071068e-04
-2.33167488e-03
 1.46288475e-03
-6.34300938e-04
 1.45926722e-03
-2.80185856e-03
 2.01066818e-03
-1.52704722e-04
 1.60409084e-03
 4.17769984e-02
-2.91044804e-02
-2.49137445e-02
 6.10115869e-02
-2.20116302e-02
-4.67183846e-02
 4.07738612e-02
 3.84535584e-02
-4.17651203e-02
-5.13474525e-02
 2.15433938e-02
 5.92116190e-02
 2.45674243e-02
-3.53234201e-02
-6.27930654e-02
-4.19430408e-02
-8.94388660e-04
 3.50551805e-02
 5.52883816e-02
 6.14342628e-02
 5.75651284e-02
 4.85355251e-02
 4.18356038e-02
 3.83802816e-02
 3.95383910e-02
 4.57040386e-02
 5.45393296e-02
 6.14506523e-02
 5.91166191e-02
 4.27750490e-02
 1.14283399e-02
-2.94963041e-02
-6.04656872e-02
-4.98305921e-02
 5.41620338e-03
 5.41341805e-02
 4.07775414e-02
-3.00667643e-02
-5.81139087e-02
 1.64543182e-02
 5.42325658e-02
-2.18517044e-02
-4.71102521e-02
 4.48945473e-02
 1.84580279e-02
-6.02925491e-02
 4.67401115e-02
-4.76964671e-03
-3.13101092e-02
 4.65431639e-02
-3.84640136e-02
 1.83749683e-02
 1.32213655e-03
-2.00457060e-02
 2.43619715e-02
-1.32894962e-02
 7.39352402e-03
-1.44537686e-03
-4.08842922e-03
 5.29281561e-03
-4.74524600e-03
 4.79745671e-03
-7.98760010e-03
 6.33318438e-03
-1.62085239e-03
 4.54214058e-03
 7.81008822e-02
-6.87481650e-02
-3.45952218e-02
 1.20236052e-01
-6.12124998e-02
-8.12711127e-02
 9.31595186e-02
 6.33965229e-02
-9.64365770e-02
-8.89497695e-02
 6.10248460e-02
 1.15432778e-01
 3.00976830e-02
-8.73930520e-02
-1.23556683e-01
-6.47682746e-02
 2.19492882e-02
 8.68587798e-02
 1.18392559e-01
 1.19368630e-01
 1.00784342e-01
 7.73142090e-02
 6.17445539e-02
 5.56886605e-02
 5.81297548e-02
 7.10366355e-02
 9.17835188e-02
 1.13967411e-01
 1.21981043e-01
 1.02777725e-01
 5.02925718e-02
-3.19649383e-02
-1.09240514e-01
-1.14873679e-01
-1.89293514e-02
 9.47549573e-02
 1.00553935e-01
-3.15209667e-02
-1.22108499e-01
 6.49937445e-04
 1.14020068e-01
-1.14930295e-02
-1.12297845e-01
 7.23989235e-02
 5.98011515e-02
-1.15361287e-01
 5.99812319e-02
 2.96535530e-02
-8.97764729e-02
 8.46218853e-03
-3.85089831e-03
-1.65718336e-03
 2.33407311e-03
-8.19082147e-04
 1.39915652e-03
-3.50728320e-03
 4.27177298e-03
-2.73333813e-03
 4.17029766e-04
