 4.67530272e-08
-2.82759572e-07
 1.92044712e-06
-3.80855791e-06
 1.24103554e-06
 1.11225917e-05
-2.09425758e-05
 1.67941496e-05
-2.40968707e-05
 3.68961220e-05
-3.32783589e-05
 2.97776516e-05
-1.03718136e-05
-8.18518592e-05
 2.37459134e-04
-3.00080575e-04
-4.26038891e-05
 4.30223620e-04
 1.32736601e-04
-2.85002302e-04
-2.01788644e-04
 3.70295527e-05
-7.83650614e-05
 2.47048862e-04
-2.76666932e-04
-2.69221456e-04
-1.15182404e-05
 3.06677029e-05
-2.21726343e-04
-4.63441550e-04
-2.19451220e-04
-4.81062429e-04
 1.83463235e-04
 3.73969971e-05
-1.17481965e-04
 4.30367626e-04
 1.46540683e-05
-1.86502447e-04
-4.24185588e-04
-3.85452474e-04
 3.61689064e-04
 1.54704966e-05
 9.38393795e-05
 9.98535493e-05
-3.88914029e-04
-4.63288982e-05
-2.79572472e-04
 3.94170866e-05
 8.99193719e-05
 4.43918980e-05
-3.30059155e-04
-5.16933589e-04
 1.87526175e-04
-3.01074438e-04
 8.21707440e-05
 6.86069228e-04
-5.32717597e-05
-1.46544740e-04
-3.65387013e-04
-2.22772140e-04
-1.55627902e-04
-6.89151637e-04
 2.31329647e-04
 8.95987169e-05
-3.44106410e-04
 2.27663052e-04
-6.39352600e-05
-1.40302034e-04
-3.17819907e-04
-7.56714651e-05
 2.92641031e-04
-1.00553160e-06
-4.24033428e-05
 1.93728574e-04
-4.39220233e-05
-6.53999268e-04
-3.78728045e-06
 4.69681214e-05
 1.12183658e-04
 4.04560197e-04
 3.19535227e-04
 5.72167582e-04
-3.68985548e-04
-7.62890789e-05
 4.39080057e-04
 5.57785945e-05
 4.97156832e-04
 3.02432957e-04
-1.03004961e-04
-4.73494328e-04
-4.01541210e-04
-2.46197196e-04
-3.58581836e-04
 2.47738962e-05
 1.37323511e-04
 5.15864741e-04
 4.46097101e-04
 6.87296899e-05
 3.87644833e-04
-1.32015806e-04
-6.05912651e-04
-5.88928798e-04
-4.53736122e-04
 9.80651527e-05
-2.18387446e-04
-2.55263414e-04
 2.61020631e-04
-1.63939696e-04
-2.02189870e-04
 2.07149538e-04
 5.47560710e-05
 2.68285537e-04
-3.43393771e-05
 2.31099657e-04
 3.49426969e-05
-3.85143583e-04
 5.29805216e-04
-1.89115858e-04
-4.76746433e-04
 1.82356327e-04
 6.67696607e-06
 1.24098134e-04
-3.67831244e-05
-4.74080187e-04
-5.17297472e-05
 5.06899513e-04
 3.76694759e-04
-1.99428458e-04
-6.40703016e-04
 2.05432579e-05
 4.83447798e-04
-2.38201709e-04
 7.70537207e-05
 2.02786204e-04
 2.58014735e-04
 2.69216600e-04
-7.06436085e-05
 7.24133020e-05
-1.51400195e-04
 3.85106837e-06
-5.16604573e-04
-3.97823440e-04
 2.72572680e-04
-3.91987467e-04
-1.13027127e-04
 3.82700743e-04
-3.02096401e-05
-3.31150159e-05
 2.54698413e-04
 1.75549838e-04
 3.22755937e-05
-1.33411651e-05
-3.36392112e-04
-2.05469388e-04
 7.63180788e-05
 2.84882922e-04
 2.46325828e-04
-3.00181588e-04
 2.97932069e-04
 5.11410239e-04
-3.44821605e-04
 2.41495920e-04
 4.86340256e-04
-2.04770086e-04
-2.28451736e-05
 1.63097827e-04
-4.09140566e-04
-4.03355751e-04
 3.95999777e-06
-8.02141875e-04
-8.53014935e-04
 1.87658544e-04
 1.84042762e-05
 1.81603367e-04
 4.57893605e-04
-3.09005785e-04
 1.27725344e-04
 5.64613848e-04
 2.82065496e-04
-1.11969203e-04
-3.64701965e-04
 7.75674312e-05
 1.88438209e-04
 6.34223989e-05
 3.48648760e-04
-8.03142034e-05
-4.04497249e-04
 9.34315124e-05
 3.19307467e-05
-1.82949686e-05
-8.53325554e-05
 3.71508388e-04
 1.24741694e-05
-2.63814069e-04
 7.70089450e-05
-1.50688203e-04
 3.98395195e-05
 4.10651314e-05
 1.06226797e-04
-4.87878184e-04
-1.40354288e-04
-6.05776117e-05
-6.50805382e-04
-3.09700308e-05
 2.63577738e-05
 1.21230977e-04
 2.51057185e-04
 2.51149192e-04
 2.88784802e-06
-1.64127644e-05
-1.45572272e-04
-3.32130300e-04
-1.88087832e-05
-4.57407453e-04
-2.43313176e-04
 6.31361317e-04
-1.16769277e-06
-9.13706418e-04
 3.40194805e-04
 2.62190721e-04
-8.15585174e-05
 3.34301554e-05
-3.31726454e-04
 1.65397469e-04
 3.21421394e-04
 1.77701526e-03
-1.94155161e-03
-1.59559940e-03
 3.30100367e-03
-1.52398857e-03
-2.93502150e-03
 2.17737060e-03
 2.10887470e-03
-2.73288821e-03
-3.21111951e-03
 1.38685835e-03
 3.31067623e-03
 1.40268541e-03
-1.35510023e-03
-3.83432209e-03
-3.02978268e-03
 1.61173961e-04
 1.96700252e-03
 3.34730132e-03
 3.48609414e-03
 2.59191020e-03
 2.95581793e-03
 2.90363971e-03
 2.28386500e-03
 1.98636629e-03
 2.55189272e-03
 3.83938582e-03
 4.17458056e-03
 3.93106807e-03
 2.31775447e-03
 5.36377721e-04
-1.71198366e-03
-3.58440792e-03
-2.30251588e-03
 3.42351710e-04
 2.80561903e-03
 2.58699964e-03
-1.41518866e-03
-3.62738610e-03
 8.28764339e-04
 3.68108590e-03
-1.09463368e-03
-2.63501023e-03
 2.35417009e-03
 5.43368419e-04
-3.24052447e-03
 3.09340704e-03
-4.44168193e-04
-1.60500561e-03
 2.96324031e-03
-2.30916819e-03
 1.59617653e-03
-4.65548805e-04
-1.92945322e-04
 2.91941027e-03
-6.77758172e-04
 1.00441916e-03
 7.01476679e-05
 9.80824953e-05
 6.17896209e-04
 3.17860962e-04
 6.65340329e-04
-2.33156321e-04
-3.11025973e-04
 4.36104310e-04
-1.80087845e-03
 8.39331208e-04
-3.27110888e-03
-2.03945930e-03
 6.95966100e-03
-2.92281287e-03
-4.18661580e-03
 5.46577437e-03
 3.21055184e-03
-5.88024340e-03
-5.77729446e-03
 3.36050067e-03
 6.39873624e-03
 1.23148536e-03
-5.10346525e-03
-7.21804917e-03
-3.90493618e-03
 1.58370014e-03
 5.25859505e-03
 7.11632482e-03
 6.62844642e-03
 5.43734461e-03
 4.64198328e-03
 3.34929773e-03
 3.36511323e-03
 3.40405541e-03
 3.65900264e-03
 5.38412371e-03
 6.96336280e-03
 7.21544648e-03
 6.13088047e-03
 3.27804726e-03
-1.30633075e-03
-6.00972791e-03
-6.98384813e-03
-1.23050519e-03
 5.33479862e-03
 5.08932393e-03
-1.85073722e-03
-6.89414745e-03
-6.21521534e-04
 6.03416501e-03
-8.24770268e-04
-6.18122724e-03
 3.46727736e-03
 4.59514122e-03
-6.47795175e-03
 3.45173637e-03
 1.00194073e-03
-4.94898357e-03
 5.36148452e-03
-3.79179164e-03
 1.44786607e-03
 3.80731826e-04
-2.50493662e-04
 6.56255011e-03
-1.61169960e-03
 1.19069827e-03
-3.88822054e-04
-8.37105028e-04
 3.94413235e-04
-6.60677386e-04
 2.03281455e-04
-1.08118421e-04
 8.98444372e-05
-3.11482936e-04
 1.34908755e-04
-3.55318936e-05
-6.01802714e-04
-4.42747963e-04
-1.18098928e-06
 4.99888393e-06
-7.07860193e-06
 1.43415614e-05
-1.43704858e-05
 1.03236654e-05
-3.14927045e-06
 1.49208741e-06
 5.96020144e-07
 1.32722970e-05
