 2.37861952e-08
 3.76723231e-07
-2.80776181e-06
-1.16618029e-06
-5.12892990e-06
-1.48223116e-06
 6.05275369e-06
-4.78208663e-06
 8.57339431e-06
-1.28238145e-05
 1.75653753e-05
-1.58382924e-05
 4.52226250e-05
 1.26090859e-04
 1.35375235e-04
 2.10586450e-04
-1.06771461e-05
-2.11987493e-04
 3.16561468e-06
 2.16234338e-05
-2.67527419e-05
-1.21363551e-04
-4.65302439e-04
-4.93911171e-04
-2.04582356e-04
 4.71529277e-04
 1.38654844e-04
 1.12375351e-04
 3.39066268e-04
 1.56799635e-04
 1.14516033e-04
 1.48927220e-04
 5.77264954e-04
-5.95052478e-04
 1.81426825e-03
 2.30051051e-03
-3.87648765e-04
 4.18626773e-04
-1.94764298e-04
 8.37999350e-05
 1.41953922e-04
-3.45210298e-04
-4.10809927e-05
-6.55512377e-05
-1.89792909e-05
-2.58264133e-04
-1.49821540e-04
 3.85043654e-04
 6.60118641e-04
 5.74136982e-06
-3.06984556e-05
 1.08000202e-04
 4.98212982e-04
 1.26348496e-04
-1.79332954e-04
 2.11515059e-04
 5.55882711e-05
 9.07591748e-04
 5.50736957e-04
-7.94893207e-04
-3.12383595e-04
-7.96981166e-05
-1.99243164e-04
 2.43851544e-04
 2.45270792e-04
 1.66683142e-04
-6.67281401e-06
 1.10319786e-04
 3.86404736e-05
-3.84823046e-05
 5.07398669e-04
 2.54970212e-04
-4.00753486e-04
 1.67380396e-04
 2.32456655e-04
 1.72645487e-04
-1.80876742e-05
-1.69106081e-04
 6.65089961e-04
 2.17152143e-04
-2.94634908e-04
 1.26762543e-04
-2.63429184e-04
 4.53053082e-05
 3.20810846e-04
-4.96661455e-05
 1.12822636e-03
-7.86364559e-04
 2.95924222e-03
 4.71986593e-03
-6.94575262e-04
-2.01813727e-04
 2.94016708e-04
-2.14076448e-04
-7.77237786e-05
-1.90699059e-04
-4.04964797e-04
 2.45660775e-04
-4.91327601e-04
 1.32020500e-03
-3.76190743e-03
-6.05121674e-03
 5.49679095e-04
-1.70054248e-04
 1.52359702e-05
-4.27603219e-05
 3.79587320e-04
-1.36542348e-04
-2.90925355e-04
 8.17635660e-04
-5.04056625e-04
-2.61179364e-05
 2.66336610e-04
-7.96484119e-05
-2.66566109e-04
-1.96002363e-04
 1.05866518e-04
-2.11668131e-05
-5.35726673e-05
 2.33304616e-04
-1.96463586e-05
 2.59206768e-04
-1.00067724e-04
-4.28761239e-04
 2.90009459e-04
-1.59060688e-04
 2.44434680e-04
 8.09812772e-05
-2.58517480e-04
 3.86707642e-04
 4.07759620e-04
 2.02757188e-04
-1.12976055e-04
-1.94676577e-04
-4.21991170e-04
-2.81079747e-04
-1.14809954e-04
-2.10055922e-04
-3.73705874e-04
 7.41202044e-05
 4.08002491e-04
 6.58594152e-05
 6.98837287e-04
 2.87280674e-04
 2.11896316e-04
-1.73664076e-05
-2.22184318e-04
 3.19543597e-04
 1.07676246e-04
-2.88820868e-04
 4.74354616e-05
 2.41215534e-04
-1.57942486e-03
 1.39593603e-03
-5.40399414e-03
-6.99493598e-03
 1.44421590e-03
-1.04519430e-03
 3.27699471e-04
 8.76196279e-05
-2.11319900e-04
 3.99960929e-04
-6.40630482e-04
 5.83850151e-04
-8.45093017e-05
-5.71006874e-05
 2.42875799e-04
-1.80237510e-04
 1.88023078e-05
 1.00251534e-04
 1.80728568e-04
 4.44524400e-04
-1.11532955e-05
-4.86955365e-05
 2.75635892e-04
-3.61209119e-04
-5.82471034e-04
 1.17226610e-04
 1.41471081e-04
 2.31832467e-05
-4.75110270e-05
-3.04531239e-04
-4.52061086e-04
-2.79271355e-04
 9.89399986e-05
 6.23858561e-04
 4.62137616e-04
-2.94734921e-04
 1.51240541e-04
-5.35120608e-05
-9.54131526e-05
 6.49129410e-04
-1.14208582e-04
 4.86878948e-04
 4.03503838e-04
-7.85569862e-04
 1.54244738e-04
-2.46875718e-04
-2.24256715e-04
 3.46103890e-05
-1.80734034e-04
 2.19257481e-04
-1.92268618e-04
-5.15226634e-05
-1.88508987e-04
-4.88972900e-05
 2.89069148e-05
-1.04395496e-04
 1.24050299e-04
-2.27129869e-05
 3.81414569e-04
 1.64411748e-04
-1.22991480e-04
 2.71250061e-04
-3.06328378e-05
-6.69036465e-04
-4.73010525e-04
 2.32151040e-04
 3.68676457e-05
-1.24161471e-04
-1.14846408e-05
-9.87771181e-05
 8.62265505e-05
 3.22204232e-04
 4.04378648e-04
 1.84373071e-04
 1.52160534e-05
 1.40739952e-04
 5.36505618e-04
 3.06112314e-04
 2.34480535e-04
 4.75290123e-05
-2.76189026e-04
 1.83607380e-04
 1.06488945e-04
-3.10450581e-04
-9.04934833e-05
 8.77757002e-04
 3.07225857e-04
 2.31427121e-04
 2.04119265e-04
-2.12080654e-04
 1.14234610e-04
 3.47859940e-05
 4.07030967e-04
-1.11056183e-04
 1.00339399e-04
 3.03231956e-05
-4.42952610e-04
 1.47039563e-04
 3.96137344e-05
 1.23192918e-04
 3.50856690e-04
-1.19378110e-05
-5.01020159e-04
-3.65855345e-04
-2.59139697e-04
-8.58523650e-05
 8.87043178e-05
-1.71617328e-04
 2.19738479e-04
 4.59776463e-04
 1.06567179e-04
-2.25749718e-04
 3.88060612e-04
 5.38028126e-04
-1.96990330e-04
 1.64394135e-04
 3.73655412e-04
 7.07770663e-05
 1.16100648e-04
 7.72157377e-05
 4.20401236e-04
-2.40542929e-04
-5.23030066e-04
-2.67639486e-04
-6.18382036e-04
 4.73718365e-04
 1.01780705e-04
-4.15436248e-04
 4.41593729e-04
 5.41088583e-04
 4.97101885e-04
-1.02810501e-04
-4.99937072e-04
-5.19808909e-05
 1.68252537e-04
 2.33619087e-04
 7.27647795e-04
 4.21073648e-05
-1.34735670e-04
 5.36492324e-04
 3.72440945e-04
-6.17956597e-05
 2.17701291e-04
 6.98991081e-04
 7.14091933e-06
-5.16135141e-05
-1.41742496e-04
-2.79436067e-04
 8.74319520e-05
-1.54146263e-04
-1.65193211e-04
 1.31960885e-04
-2.41242924e-04
-4.14459432e-04
-2.28619882e-04
 4.42975472e-04
 8.19620576e-06
-6.98991874e-04
-4.33237917e-04
-3.91449026e-04
 6.03158643e-05
-2.27807301e-04
-5.19512395e-04
-3.14848383e-04
 1.17542873e-04
-4.27964170e-04
-4.38177296e-04
 6.92852618e-04
 1.64910634e-05
-5.26012702e-04
-1.55819095e-04
-2.09214130e-04
-3.80582907e-05
 2.16801331e-04
-8.60862486e-05
 6.13841648e-06
 8.39979121e-05
 5.22981550e-04
 4.27134098e-04
-4.79285240e-04
-9.10094419e-05
 5.43119782e-04
-6.23019999e-05
-2.58034785e-04
 3.26876664e-04
-2.28341478e-05
-1.31632427e-04
 4.88242210e-05
 7.73017413e-05
 7.20621472e-04
 3.75184689e-04
-2.68349796e-04
 1.26264255e-04
 4.53077157e-04
 3.40395807e-04
 4.60435260e-04
 1.34156988e-04
-7.18778209e-04
-1.86103205e-04
 8.81758617e-05
-2.91164363e-05
-1.65377763e-04
 2.03942663e-05
 3.03531166e-04
-3.06045824e-04
-2.96963210e-04
 1.21541935e-04
 4.25706976e-04
 1.52962239e-04
-5.71006382e-05
 3.55817182e-05
-2.47772956e-05
 1.86115826e-05
-1.03799179e-05
-7.70036495e-07
 6.25197628e-06
 2.09095298e-06
-2.49422231e-06
