-3.11829751e-08
-3.35421192e-08
 1.62096005e-06
 1.47676145e-06
 7.59189562e-06
-8.88396130e-06
 1.06301224e-05
-1.00616407e-05
-3.40764277e-06
-2.21102387e-06
-1.29496224e-05
 3.34222741e-05
-7.11114821e-05
-2.35196024e-05
-2.60772415e-04
-9.70212419e-05
 1.58765799e-04
-1.18263807e-04
 2.61948670e-04
 4.31741983e-04
 1.30505713e-04
-8.51215222e-05
-2.22302565e-04
-5.03931133e-04
-5.21355158e-04
 3.34417087e-04
 3.31758742e-04
 1.92359621e-04
 2.65506734e-05
-6.63231303e-04
 5.62335860e-05
 5.91737773e-05
-2.18288254e-04
 1.10296657e-04
 6.63168392e-05
 2.17136642e-04
 1.98975041e-04
-8.38198667e-05
-1.34858437e-04
-4.68632916e-05
-2.77130430e-04
-6.42906029e-05
 5.92563960e-05
-2.32453862e-04
 1.32527731e-04
-1.08470941e-04
-5.25599906e-04
 1.08429426e-04
 4.46757512e-04
 2.10616741e-04
 3.05833542e-05
-3.74130042e-05
-5.27165916e-04
-4.11890393e-04
 4.29976101e-04
 3.63051929e-04
-3.78760706e-04
-9.64539830e-05
 2.77053638e-04
 3.64407998e-04
 3.76735339e-04
 7.27021411e-05
 1.83063261e-04
-1.06152986e-04
 3.21580599e-04
-1.12266295e-04
-7.97790526e-04
 1.43416380e-04
-2.15992823e-04
-2.17115549e-04
 1.47314480e-04
-1.99361229e-04
 4.79468142e-05
 2.03053039e-04
-2.52317029e-04
-3.01762420e-05
 6.44113193e-04
-4.47903892e-05
-6.83352857e-04
-2.00151586e-04
 1.64736059e-04
-3.05432707e-04
-1.65462085e-04
-5.19359734e-05
 6.58870315e-05
 9.11673729e-04
 1.38620137e-04
-7.04037465e-04
 3.64252133e-04
 6.67928102e-04
-3.26433110e-04
-1.77321045e-04
-6.89078334e-05
-6.97842674e-05
 2.49714767e-04
-2.80842652e-04
 3.43518741e-04
 7.33186501e-05
-3.84326381e-04
 1.77683617e-04
-4.18248877e-04
 2.12444429e-04
 1.39620758e-04
-5.70016193e-04
-6.18408709e-04
-6.05128247e-04
 1.25735779e-04
-2.07564983e-04
 2.34016578e-04
 6.69468263e-04
 5.90674207e-04
 6.23349500e-04
 2.32572069e-04
 7.96757066e-05
-4.78673190e-04
 1.76373421e-05
 3.36581690e-04
 4.87542508e-04
 1.85108873e-04
-4.05101181e-04
-1.30971827e-04
 3.62798986e-04
 5.18739712e-04
 4.20086055e-04
 2.17958219e-04
-4.38264083e-04
-2.71743337e-04
-3.24159839e-04
-5.66868329e-04
-4.13967365e-04
-1.15930579e-04
 2.43222381e-04
 1.66999340e-04
 2.54010412e-04
-1.22868967e-04
-1.38609615e-04
-6.34208775e-05
 2.52248469e-04
 3.26876539e-04
-3.28211992e-04
 2.93271621e-04
-4.05357888e-04
-3.62221108e-04
 2.57660581e-04
 6.29683998e-04
 1.42408702e-04
-1.01722678e-03
-2.96215869e-04
-4.51062278e-04
 1.14150602e-04
 1.21894595e-04
-4.67403354e-05
 6.53694049e-04
 6.84830317e-05
 7.00659153e-05
-1.39621517e-04
-3.12379709e-04
 1.85444822e-04
 5.27565309e-06
-1.35510003e-04
-1.61997416e-04
 2.89942609e-04
 9.54128629e-05
 1.58890857e-04
 1.77438636e-04
-3.76226919e-04
 2.81771419e-04
 2.16873832e-04
 2.14843358e-04
 9.56374961e-05
-1.86418877e-04
-1.82601871e-05
-3.42178290e-05
-9.43370813e-06
 2.64435064e-04
 4.10575777e-04
 1.81458508e-05
-5.30773728e-05
 5.29442304e-04
 8.37438606e-05
-3.27966985e-04
-2.07809862e-04
-5.02819269e-04
 8.39451288e-05
 1.89084495e-04
 2.89363267e-04
-2.32224622e-04
-4.06045264e-04
-5.63996446e-05
 5.19817919e-05
 5.35223510e-04
 9.37394930e-05
 1.46137896e-04
 1.84493311e-04
 1.39495114e-04
 3.10989579e-04
 3.67255269e-04
 1.73076366e-04
 1.04755238e-04
 2.79387318e-05
-5.47987884e-04
-4.35338976e-04
-4.39284540e-04
-1.38887637e-04
 5.39803223e-04
 1.42241800e-04
 8.41564647e-05
 2.31602255e-04
-4.46582291e-06
-2.98158159e-04
-2.46564676e-04
 6.13076268e-04
 4.07994334e-04
 4.66111275e-04
-1.14285505e-03
-1.83438884e-03
 2.36376316e-04
-2.70615076e-04
-3.52754304e-04
 2.94263827e-04
-1.86923287e-04
-4.07598933e-04
-6.86775307e-05
-4.89645234e-04
 1.42313827e-04
 7.53435411e-04
 6.84522554e-06
 2.30544217e-04
 2.19610410e-04
 5.25887327e-04
 4.06650129e-04
 1.73329730e-04
 4.16885571e-04
-4.57406167e-04
-3.46915837e-04
 2.02681717e-05
-3.50713188e-04
-7.73278645e-05
 1.39161955e-04
 1.66832889e-04
-2.35462597e-04
-7.59996167e-06
 4.85775738e-04
-1.09366651e-04
 2.22620830e-04
 9.31837941e-04
 2.61894297e-04
-5.43074254e-06
 9.69749228e-05
-1.38809639e-04
-1.93601570e-05
 4.65483204e-04
 4.82205872e-04
-6.06687368e-04
 9.92987582e-06
 5.83620259e-04
 2.39724412e-04
-7.82738178e-05
-3.70898391e-04
-7.94379984e-05
-2.59778052e-04
 3.16160070e-04
 4.00082277e-04
 4.83009587e-04
 5.26154392e-04
-3.53204418e-04
-2.81950980e-04
-5.26724972e-04
-2.89552935e-04
 4.50587717e-04
 9.20235087e-05
 2.39202677e-04
-4.24641567e-04
-5.23486123e-04
-1.33550219e-04
 2.26762182e-04
-5.11989046e-04
-7.76076245e-04
 5.57783530e-04
-1.08136397e-03
 2.02414199e-03
 2.44927391e-03
-1.05748640e-03
 8.04355926e-04
 3.61100880e-04
-3.33374535e-04
 5.71569164e-04
 8.69698572e-05
-5.83805550e-04
 1.51329653e-04
 5.00692247e-04
-3.80782187e-04
 1.38577467e-04
 3.48490236e-04
 3.22166338e-06
-1.10751925e-04
-7.14289414e-04
 4.06506828e-05
 8.55459932e-04
-1.04023846e-04
 9.18082581e-06
 3.01992637e-04
-1.21405561e-04
 2.44077907e-04
-4.36913993e-04
-4.92802066e-04
 2.78489101e-05
 9.69870797e-05
-2.14164666e-04
 6.07192514e-05
 5.20159127e-04
 9.92159886e-05
 9.85763960e-06
-2.21351868e-04
-2.74485716e-04
-1.02322518e-04
-9.26528514e-05
 5.29162215e-04
 3.42185029e-04
-9.62055926e-05
 4.30418030e-04
 1.66029800e-05
-1.46120073e-04
-1.79485269e-04
 5.72913799e-04
 5.26033434e-04
-3.79899507e-04
 1.10303661e-05
-2.28524009e-04
-2.49459674e-04
 2.18037450e-04
 3.83801918e-04
-5.78634715e-04
 1.27319172e-03
-1.19417669e-03
-4.66318278e-03
-2.78022216e-04
 6.57584265e-04
 2.00560867e-04
 2.76890961e-04
 3.68067151e-04
 3.26236069e-04
-5.08128518e-04
 1.95284603e-04
 2.87227419e-05
-2.67633048e-04
 5.29477526e-06
 1.05404642e-04
 2.02989749e-04
-1.60314876e-04
-2.54294405e-04
 8.63498855e-05
 3.26374021e-04
 2.20987573e-04
-2.08852432e-04
-1.24913113e-04
 6.56362605e-05
-2.59368600e-04
 8.04510172e-05
 2.58489402e-04
-5.11205893e-05
 3.54036286e-05
-2.14594957e-05
 1.51886506e-06
-1.95279120e-06
 5.90674521e-08
 8.26756127e-06
-7.77636528e-06
 9.63642492e-06
-6.45765907e-06
