-4.76639580e-08
 5.77873828e-07
-2.46266359e-06
 3.99866590e-06
 2.17555432e-06
-9.98328829e-08
 1.08429625e-05
 1.74297561e-06
 8.29744689e-06
-1.19044228e-05
-3.70775518e-07
-2.00643861e-05
 2.35630834e-05
 3.88237355e-05
-2.24018323e-04
-1.42687267e-04
-9.44466460e-05
-4.78357966e-04
-2.83587333e-04
 5.61200019e-05
 3.35912836e-04
 5.97398098e-04
 1.52381041e-04
-3.85421050e-04
 1.23878136e-04
 5.31394827e-04
-3.52120139e-06
-3.15352445e-04
-1.76100311e-04
 1.98260175e-04
-1.94805526e-04
-2.46894371e-04
 1.24248479e-04
 1.94250018e-04
-8.49954560e-05
-3.78675678e-04
-2.28346782e-04
-4.84002584e-04
 5.49217831e-05
-5.75072071e-05
 8.09303575e-05
 3.99546074e-04
-3.48891612e-04
 4.87468736e-05
 1.30029220e-04
 1.37446918e-04
 2.57464366e-04
 9.01237748e-05
-1.68692837e-04
 2.10605271e-06
 2.66356203e-04
-3.28760797e-04
-1.12649953e-04
 2.14467694e-04
 4.72602713e-04
 3.22371099e-04
-3.52656164e-04
-8.91908259e-05
 4.83140979e-04
 3.08980060e-04
 1.19137064e-04
-1.82838399e-04
 3.51166862e-04
 1.67744599e-04
-5.68921508e-04
 1.77090454e-03
-1.59366630e-03
-1.31427574e-03
 3.70935168e-03
-1.83663162e-03
-2.85526756e-03
 2.86731206e-03
 2.50117009e-03
-2.41349085e-03
-3.17246404e-03
 1.66539206e-03
 3.64539647e-03
 1.37286962e-03
-2.43464336e-03
-3.78172441e-03
-2.19863467e-03
-2.56604075e-04
 2.19914566e-03
 2.78274167e-03
 3.28740297e-03
 3.30810915e-03
 2.35528418e-03
 2.57273905e-03
 2.32645659e-03
 2.27742923e-03
 2.52079315e-03
 2.96651140e-03
 3.20335909e-03
 3.06723003e-03
 2.19151377e-03
 3.92558001e-04
-1.86384666e-03
-3.77218075e-03
-2.70429276e-03
 3.98045820e-04
 3.31875875e-03
 2.64272777e-03
-2.02083251e-03
-2.74922981e-03
 1.11861722e-03
 2.25891626e-03
-1.14510540e-03
-2.51037816e-03
 2.54292691e-03
 1.16336588e-03
-3.67219895e-03
 2.04534872e-03
-3.89044403e-04
-1.77108991e-03
 2.55954551e-03
-1.74429774e-03
 1.06365500e-03
 7.80366115e-05
-1.65783616e-03
 6.58106611e-04
-8.39590372e-04
 2.99335972e-04
 1.17624462e-04
-2.32037346e-04
 2.52083599e-04
-6.45526450e-04
-3.97408729e-04
-5.06156295e-04
 4.71483617e-05
-7.13184567e-05
-4.61916136e-05
 3.80973131e-03
-3.75965944e-03
-2.39046151e-03
 6.70304384e-03
-3.41938444e-03
-4.79191981e-03
 5.56465630e-03
 3.48400926e-03
-5.55841076e-03
-4.74607844e-03
 3.21566820e-03
 6.16091708e-03
 1.79225003e-03
-4.24849254e-03
-6.66513325e-03
-3.95527456e-03
 1.34195064e-03
 4.79061946e-03
 6.87164344e-03
 7.11978715e-03
 5.70694104e-03
 4.48406145e-03
 3.16460838e-03
 2.37925672e-03
 3.12871319e-03
 4.35498709e-03
 5.13526367e-03
 6.97047233e-03
 7.50851236e-03
 5.80905654e-03
 2.79194906e-03
-1.95936880e-03
-6.10744775e-03
-6.30476067e-03
-9.53482979e-04
 5.42656388e-03
 6.04394079e-03
-1.86888612e-03
-7.07451547e-03
 2.14546304e-04
 6.79625504e-03
-4.97274698e-04
-5.96850364e-03
 3.91852422e-03
 3.35815474e-03
-7.19531198e-03
 3.82810231e-03
 1.43350463e-03
-5.21737238e-03
 5.24448665e-03
-2.43280476e-03
 4.33811214e-04
 1.77543242e-03
-4.73509502e-03
-2.44498272e-04
-1.87027815e-04
 2.05327240e-04
-2.95046841e-04
 1.82507216e-04
 6.17957214e-04
-8.21483837e-04
 4.20846106e-05
 8.92189047e-05
-5.30683158e-04
 1.95308594e-04
-3.55156940e-04
-1.81597217e-04
-1.22903573e-04
-6.90990913e-05
 3.73654845e-04
-8.47746738e-05
 1.65317973e-04
 4.92090627e-05
-3.92893597e-04
-6.76458576e-05
 2.89965043e-04
-2.58141597e-04
 1.90880622e-04
 6.21546233e-05
-1.83347605e-04
 1.10049916e-04
-3.08355332e-04
 1.21530591e-04
-3.64137703e-04
-2.39496185e-04
 3.24654749e-04
-7.60028070e-05
 3.05531268e-06
 8.94727425e-06
-1.97002713e-04
 3.65095825e-05
-2.67283845e-04
-7.50806621e-04
 3.44369971e-04
 2.40249463e-04
-1.75858843e-04
 6.86236092e-05
-2.16168342e-04
 8.33400297e-05
-2.86127230e-04
-2.43925752e-04
 6.71812548e-05
-1.03594334e-05
-6.07827007e-06
-3.68225359e-04
-5.25027428e-05
-4.83584793e-04
-7.09061160e-04
 1.49852566e-04
-4.17560266e-04
-7.11076533e-04
-2.55113110e-04
 4.05323620e-06
-2.63417883e-04
-4.34222716e-04
 2.90053497e-04
-8.50602997e-06
 2.92024500e-04
 3.39108471e-04
-3.31649189e-04
 9.74440524e-05
 1.04763943e-04
 1.72244625e-05
-1.14864572e-04
-4.60314310e-04
-3.01360695e-04
 7.27809122e-05
-9.25463064e-05
-1.41064744e-04
-2.09056293e-04
 1.37063385e-04
 3.19883824e-04
-1.68709288e-04
 3.54219521e-04
 6.14207505e-06
-3.32431346e-04
-2.93687117e-04
 1.97616234e-04
 3.95141027e-04
-7.81910781e-05
 9.65157615e-04
 4.88845768e-04
 7.11806510e-05
 4.93118242e-04
 1.68222932e-04
 6.23646951e-04
 4.42428466e-04
 2.07962083e-04
 7.44212591e-05
-2.99369079e-04
-9.99655004e-06
-2.34710305e-04
-1.62710548e-04
 2.13911837e-04
 7.91808099e-06
-7.30333985e-05
 9.07528728e-05
 4.46113738e-04
 2.98198878e-04
-7.21422144e-04
-2.23522649e-04
 3.06788176e-04
-1.87873247e-04
-2.39550285e-04
-5.37845336e-04
-9.58288289e-05
-1.68559632e-05
-1.95521081e-04
 2.86709418e-04
-2.24042455e-05
-2.14031411e-04
 3.41084489e-04
 4.18659527e-04
-1.75513238e-04
-2.90943346e-04
 6.19267729e-05
-3.33637423e-04
-2.95804084e-06
-7.47681605e-05
-6.82178718e-04
 1.77168025e-04
 6.43121394e-05
-1.53485586e-04
 4.14181636e-06
-2.21822166e-04
 5.05376218e-05
-2.72278876e-05
 3.36443712e-04
 7.72460849e-04
 4.77473043e-04
 8.75054236e-05
-1.42254512e-04
-1.62837011e-04
-1.71974128e-04
-1.28141292e-04
-2.42205872e-04
-2.91152178e-04
-2.36512762e-04
 5.77094549e-05
 2.30838715e-04
 3.41588652e-04
 3.09555166e-04
-1.94179474e-04
 2.22765091e-04
 5.97901538e-04
 4.46750385e-04
 5.70081648e-04
 2.39785746e-04
-1.23520800e-04
-4.88179869e-05
-2.66004078e-04
 4.97536752e-05
 3.50728884e-04
-2.05772809e-04
-2.40726324e-04
-1.68593525e-04
 2.01982897e-04
 8.12100657e-05
-7.45171948e-04
-1.49459109e-04
 2.30098977e-04
-5.33994472e-04
-3.54901178e-04
-2.07620578e-04
-3.71941976e-04
-1.97877190e-04
 3.96947093e-05
 1.28558038e-04
-4.66434158e-05
 5.02645053e-05
-2.99396294e-06
-1.04503867e-05
 2.24866499e-05
-5.48949749e-06
 1.30713490e-05
-1.30612941e-06
 7.55009352e-06
-5.59691937e-06
-5.12542035e-09
