-4.50699816e-09
 1.05322766e-06
-2.15009927e-06
-1.39840410e-05
 1.27419995e-05
-3.13142065e-06
 2.80049160e-06
 5.43824706e-06
-3.21453385e-06
 7.49130090e-06
-2.41798527e-05
 5.24598314e-05
-7.78655989e-05
 3.49687297e-04
 3.84717776e-04
-4.66064976e-04
-1.63506763e-04
 1.07827626e-04
-3.54584660e-04
-5.32038238e-06
 3.34203324e-04
-2.86579819e-04
-3.45733469e-04
-2.37204334e-04
-1.35299951e-04
 2.59967179e-04
 1.28631539e-04
 2.36870629e-04
 2.15016927e-04
-1.54489998e-04
-8.91758128e-05
-1.10715990e-04
-2.78611531e-04
-2.08871196e-04
 6.91566384e-05
 4.82997773e-04
 6.93636178e-04
-3.65593853e-05
-3.09039632e-04
 3.35543223e-04
-1.03718021e-04
-1.38771239e-04
-1.40167060e-04
-3.11431662e-04
 1.06758580e-04
-3.56391612e-07
 3.07543043e-04
-5.68667943e-05
-7.34687494e-04
-4.72088486e-04
-4.85638405e-04
 1.04151515e-04
 5.97677082e-04
-8.58617488e-04
-3.64055714e-05
 6.26183618e-04
-6.20123064e-04
 2.74824048e-04
-1.15141282e-05
 4.36525368e-04
 5.72815564e-04
-1.79467388e-04
 4.21329214e-04
-1.34789583e-05
 3.19018988e-04
 1.47945239e-04
-2.98988124e-04
 4.28210366e-04
-1.41803999e-04
-2.53034645e-04
-1.38518100e-06
-5.57807791e-05
 7.07975794e-04
 5.22707860e-04
-8.96593796e-05
-7.42104177e-05
-6.52152258e-05
 2.29138274e-04
 5.14229188e-04
 4.48846805e-04
 5.67189824e-04
-3.92846016e-04
-4.67090807e-04
 3.74132383e-04
 2.48552363e-05
-1.51780188e-06
 1.00403302e-04
 1.39468553e-04
-8.53025143e-05
-2.84797201e-04
-6.90919088e-05
 1.89577741e-04
 5.10342342e-04
-3.37577499e-05
-1.06256374e-05
 4.74254100e-04
 1.04566641e-04
-2.78837209e-04
-2.42675323e-04
 8.87847945e-05
-4.14247736e-04
-4.78787824e-04
 1.27656114e-05
 2.65970902e-04
-1.68784247e-04
-2.00937326e-04
 6.89938812e-06
 1.92223591e-05
 4.02107465e-04
 4.84041531e-04
 1.67146469e-04
-7.84169230e-04
-1.15128040e-05
 2.38584093e-04
-3.83912850e-04
 3.89671267e-04
 3.79880308e-04
 5.70150956e-04
 6.51956385e-04
 1.03854572e-04
-1.17196990e-04
-4.52314449e-04
-6.91055876e-05
-2.32222136e-04
-5.34931778e-04
 3.96379589e-04
-1.50119937e-04
-1.20756883e-04
 3.12505438e-04
-4.88154110e-04
-7.32942898e-04
-2.58927634e-04
 6.22148496e-05
-5.11605596e-04
-1.25304280e-04
-2.06416157e-04
-1.99876806e-04
 3.55498060e-04
-1.23583146e-04
-4.34012709e-04
-6.06405699e-05
 5.44531059e-06
-4.63289960e-04
 3.64757494e-05
 3.27726248e-04
 2.04096798e-04
 5.90713886e-05
 2.39543925e-04
 8.04698270e-04
-1.06366962e-04
-2.44176852e-04
-5.92316095e-05
-1.93411775e-04
 3.27867992e-04
-8.95510242e-05
 3.55550130e-04
 9.65089812e-04
 3.28484650e-04
 4.64083498e-04
 1.30327965e-05
-2.09945312e-04
 3.43473081e-04
 2.46078009e-04
 3.33720149e-04
-5.24685559e-04
-1.83808924e-04
-1.60256217e-04
-6.83468680e-04
 1.55920236e-05
 1.20135493e-04
 2.37707259e-04
 1.31534531e-04
-1.17919684e-04
-1.46633464e-05
 4.00639980e-04
 9.67666248e-05
 4.30723232e-05
 2.51622277e-04
-4.65145440e-06
-6.86478514e-05
-1.06507356e-04
 1.05853338e-04
 1.34617854e-05
 4.65221453e-05
 5.79849970e-05
-2.04357202e-04
 6.10799659e-06
-2.21578395e-04
-1.47908948e-04
 2.63939396e-04
-7.01009490e-05
-2.47200381e-04
 1.70895030e-04
 4.32039952e-04
 2.62613335e-04
-9.15826883e-05
-6.47968447e-04
-1.01346480e-04
 4.57086264e-04
-4.15894764e-05
 3.11315767e-04
 8.97920802e-04
 6.21055304e-04
 2.84437813e-04
-4.51986840e-05
-1.04597136e-05
 2.99273129e-04
-4.90309743e-04
-1.48854748e-04
 4.34478948e-04
-3.17465241e-04
-1.59770046e-04
-2.12017989e-04
-6.48117176e-04
-3.84207359e-05
 3.69195201e-04
 1.70953789e-04
 9.19533954e-05
-3.53716159e-04
 1.29956145e-04
 9.28552666e-04
 5.73743002e-04
-4.30352652e-05
 5.21634422e-05
 2.44616812e-04
-1.22974472e-03
 1.44267086e-03
 2.88916047e-04
-1.06198267e-03
 7.51728521e-04
-8.55920694e-04
 2.32635819e-03
-4.40281638e-03
 5.87079157e-03
-7.76803287e-03
 1.68063098e-02
 3.82607819e-02
-5.08549688e-02
-1.12838256e-03
 5.69889566e-02
-3.58539922e-02
-3.97472176e-02
 4.26451127e-02
 4.34161533e-02
-3.51152364e-02
-5.69433562e-02
 9.88984444e-04
 5.38326831e-02
 5.04383545e-02
 9.56129246e-05
-4.67530077e-02
-6.12057616e-02
-4.94152282e-02
-2.32189748e-02
 4.51643509e-03
 2.74263576e-02
 4.08802032e-02
 4.56752234e-02
 4.70868478e-02
 4.63100242e-02
 4.29092738e-02
 3.27306307e-02
 1.25462149e-02
-1.45587348e-02
-4.19532731e-02
-5.95717774e-02
-5.46030930e-02
-1.71459012e-02
 3.67842192e-02
 5.91654410e-02
 2.18668633e-02
-4.35086472e-02
-5.35632776e-02
 2.14412403e-02
 5.84075197e-02
-1.68175194e-02
-5.13009225e-02
 3.10684559e-02
 3.85869076e-02
-5.98552719e-02
 1.41230473e-02
 3.71934137e-02
-5.66073112e-02
 4.16337340e-02
-1.02757530e-02
-1.89530087e-02
 3.36262188e-02
-3.43619819e-02
 2.98247053e-02
 1.04010020e-02
-6.15137940e-03
 4.24271213e-03
-3.55834958e-03
 5.17273277e-03
-5.51901599e-03
 4.74018861e-03
-1.49885065e-03
 2.10669210e-03
-7.81379696e-03
 9.89063768e-03
-1.60931573e-02
 4.48676345e-02
 6.80421630e-02
-1.07190625e-01
 1.77786309e-02
 1.06901346e-01
-8.56966952e-02
-6.53488221e-02
 9.78718396e-02
 7.28800311e-02
-8.66049231e-02
-1.05256088e-01
 2.15606669e-02
 1.14546067e-01
 8.54775037e-02
-2.29602971e-02
-1.07215541e-01
-1.20878779e-01
-8.32819832e-02
-2.44842298e-02
 3.40245682e-02
 7.73918527e-02
 9.92248013e-02
 1.05719830e-01
 1.07493098e-01
 1.06687956e-01
 1.03108364e-01
 8.81665974e-02
 5.27493943e-02
-1.08228033e-03
-6.21640657e-02
-1.10144652e-01
-1.20404365e-01
-6.21045380e-02
 4.84759364e-02
 1.18521137e-01
 6.90551909e-02
-6.28320016e-02
-1.18687151e-01
 9.86418450e-03
 1.21864639e-01
-3.28325886e-03
-1.10330871e-01
 3.38356396e-02
 9.89565493e-02
-1.03830072e-01
-6.98393126e-03
 9.90410209e-02
-1.11159661e-01
 6.12323811e-02
 7.73632763e-03
-5.88054398e-02
 7.46711417e-02
-6.58513096e-02
 4.62865752e-02
 3.51799112e-02
-1.88289027e-02
 1.64502246e-02
-1.44130068e-02
 1.04294153e-02
-6.52152962e-03
 2.25499411e-03
 6.36681734e-04
-2.00129676e-03
 2.12095528e-03
-1.87331225e-03
 9.70814228e-05
 4.72949685e-05
 4.61087753e-06
-7.36677169e-07
