 3.30553104e-10
-1.86293455e-06
 3.71933039e-06
 1.37352713e-05
-9.03784773e-06
 7.73610625e-06
-1.27824188e-05
 3.73875450e-06
 3.59626369e-06
 4.11340635e-06
 1.80109922e-05
-2.92520933e-05
 5.83140091e-05
-4.10490803e-04
-4.41408575e-04
 2.46076180e-04
 6.13954364e-05
 1.81659505e-04
 9.91873106e-05
-5.54548494e-04
-2.63448033e-04
-2.59267544e-04
 1.94852140e-04
 2.73148595e-04
 1.30126825e-04
 2.62687424e-04
-7.44611910e-05
 8.28958674e-05
-5.37754472e-04
 2.45965992e-04
 1.20474623e-04
-1.10232494e-03
 4.51856592e-05
-4.11697933e-05
-4.29406534e-04
 1.57989916e-04
 1.81066861e-04
 4.74302521e-04
 7.13039858e-05
 1.90887603e-04
 2.59324515e-04
-3.77388168e-04
 7.91203867e-04
-7.35295609e-05
-2.43250740e-04
 4.77674147e-04
-2.11604654e-04
-1.92270148e-04
-4.18679555e-04
-3.33909477e-04
 3.35151937e-04
 4.99344796e-04
-6.94769128e-04
-3.72918412e-04
 2.83202098e-04
 6.66066524e-05
 4.48946725e-05
-1.34046260e-04
 4.57822168e-05
 3.52492411e-05
-4.61280597e-04
-2.41267879e-04
 1.71988936e-04
-3.37245840e-04
-3.60297308e-04
-2.32755097e-05
-1.37499252e-05
 2.04388979e-04
-7.82702642e-05
 1.13989804e-04
 3.08403217e-04
-4.25388378e-05
-6.75278835e-05
 1.36411015e-04
 2.22628972e-04
 2.39082267e-04
 4.07009277e-04
-1.59483451e-04
-1.91086661e-04
-4.84885689e-04
-5.06830141e-04
 8.79080312e-05
 2.35781264e-04
 3.71278729e-04
 2.66007647e-04
 2.39103564e-04
-1.33375325e-04
-9.44968740e-05
 3.07870547e-04
 4.11027745e-04
 1.38924252e-04
-8.08577915e-05
 2.21819410e-04
 4.28898424e-04
 2.63289274e-04
 9.47424400e-05
 1.44907342e-04
 1.88119454e-04
-8.18996414e-05
-5.53144000e-04
 2.43694827e-04
 4.79992973e-04
 3.29172779e-04
 7.85752389e-04
 2.17753096e-04
 2.43930357e-04
 8.16779751e-05
-4.88448998e-04
 3.93516176e-04
 6.14955509e-04
-8.10062651e-05
 2.26624444e-04
 4.60661046e-04
 2.23525494e-04
 5.87591378e-06
-1.40524137e-05
 4.72333425e-06
-2.70883660e-04
-2.30411982e-06
 1.15490747e-04
-3.30780618e-05
-2.85166743e-04
-6.08104823e-04
 3.34806205e-04
-2.19831656e-03
-2.19572070e-03
 6.66031220e-04
-1.57307890e-04
 2.33623832e-04
-8.90727723e-05
-1.75347514e-04
-5.02597181e-05
-1.08968393e-04
 5.39675651e-04
-1.01928629e-04
-5.31985474e-04
-3.87216974e-04
-4.20782644e-04
-4.79556365e-04
-2.88020349e-04
 4.65694358e-04
 4.10066944e-05
-1.15723362e-04
 5.59975375e-04
 3.03293438e-04
 3.34185205e-04
 1.57600476e-04
-1.43203837e-04
-3.25749898e-04
-2.87230221e-04
-1.99767352e-04
 5.42534175e-05
 2.57221053e-04
 2.80822082e-04
-3.20769007e-04
-6.69477683e-04
-7.26824090e-05
 9.97010286e-05
 3.97667239e-05
-4.59553024e-04
 2.35232010e-04
 5.33646616e-04
-7.66873432e-05
-1.18546511e-04
-7.92346028e-05
 2.82913064e-04
-2.76605979e-04
-2.09881755e-04
 6.65854929e-05
-4.09404434e-04
-2.02849634e-04
-1.94639597e-04
 3.20770443e-04
-2.81594842e-04
-4.17469776e-04
 3.81332523e-04
-1.09980618e-04
 1.59998647e-03
-3.13110758e-03
-4.58848420e-03
 8.83580935e-04
 1.12140395e-04
-1.77319106e-04
 4.27995920e-04
 3.74662155e-04
 3.24543541e-05
 4.52074594e-05
 4.38854769e-04
 9.21592362e-04
-1.07194691e-03
 3.99790686e-03
 5.65096131e-03
-1.01861362e-03
-2.76996604e-04
 6.29714722e-05
 2.39055625e-06
-4.81187481e-04
-7.78789303e-05
 4.50920065e-04
-2.14175415e-04
 1.56966343e-04
-2.88969132e-04
-2.59636850e-04
 5.52829817e-04
 7.19334659e-04
 2.31398482e-04
-1.12167506e-04
-1.20403851e-04
 1.76831536e-04
 1.75287257e-04
 2.83985467e-04
 1.59176124e-04
-6.40850778e-05
 1.25307946e-05
 6.67193026e-05
-7.08048213e-05
-7.08371909e-06
-9.08900076e-06
-2.09840146e-04
-6.67147089e-04
-3.61795421e-04
-1.55851805e-04
-2.61446037e-04
 2.73438718e-04
 1.59204791e-04
 1.71993099e-04
 1.54197180e-04
 6.11889382e-04
 2.45344942e-04
-6.92626046e-05
 5.29409469e-05
-3.61925302e-04
 4.34947265e-04
 2.19865038e-06
-7.03955045e-05
 9.68849859e-04
-7.90564821e-05
-1.03166530e-04
-1.98519337e-04
 6.35486248e-04
 2.12423797e-04
-9.16561846e-04
 9.20844414e-04
-2.57701183e-03
 5.29611666e-03
 7.31961548e-03
-1.78346585e-03
 7.25613038e-04
 6.00085538e-05
 3.02041607e-04
 7.31700653e-04
-2.57082961e-05
 1.95098527e-05
-1.96557097e-04
 7.25663726e-05
-6.53669780e-04
-1.39785280e-04
 1.00736603e-04
-1.16685187e-04
 2.60105302e-06
-5.99846739e-06
-1.71627628e-04
-2.88712171e-04
 4.03079758e-05
 4.14128559e-04
-3.26069975e-04
-9.09020818e-05
 2.76573777e-04
 1.04006011e-04
 2.60876302e-04
-2.49161483e-04
-2.54664928e-04
 3.44747151e-04
 4.15415111e-04
 3.56874382e-04
 3.46024453e-04
-2.53232569e-04
-3.15760364e-04
-3.16850014e-04
-3.13345993e-04
 1.85030619e-04
-1.67819816e-04
-1.43453251e-04
 4.05821622e-05
-3.34696553e-05
 1.88092870e-04
 5.22400358e-05
-4.38918718e-04
-4.27797971e-04
-8.21269171e-05
 2.06812556e-04
 4.39357980e-04
 1.04786917e-04
-4.27463803e-05
-1.41626304e-04
 2.15442401e-04
-2.09806065e-05
-6.82537984e-05
 4.42732938e-04
-5.23371355e-04
-7.92201717e-04
 3.83223487e-04
 6.50906072e-04
-1.12049483e-04
 2.02352655e-04
 2.22983572e-04
 6.40944116e-04
 7.27074133e-04
-2.11078615e-05
 1.85274791e-04
 1.92165006e-04
 8.59823589e-06
 2.64290850e-05
-3.39014280e-05
 4.12724909e-05
 4.55699194e-04
-2.54880485e-04
-1.14800877e-04
 1.19915695e-04
-2.58408049e-04
-3.10030606e-05
-2.42808931e-04
-3.04207558e-04
-2.65659356e-04
-9.23499708e-05
 2.72927638e-04
 3.11784563e-04
 1.61850760e-04
 4.49561735e-04
 8.61865063e-05
-4.35116263e-04
-3.12638639e-05
 1.68794734e-04
 2.37375481e-04
 2.77628096e-04
-8.70248744e-05
-1.80724499e-04
-2.41819135e-04
-1.91222562e-04
 2.87648600e-04
 7.42960467e-05
 2.38020043e-05
 9.39760230e-05
-2.09281641e-04
-2.44691645e-04
-5.32694218e-04
-1.85457908e-04
 2.06364598e-04
 2.77331394e-04
 6.05690481e-05
-3.32135355e-04
-1.03257685e-04
-2.36600478e-04
-4.73367949e-04
-1.50561964e-04
 5.67830563e-04
 2.51398140e-04
-3.19779313e-04
-4.58696803e-04
-6.00095328e-04
-3.17268501e-05
 4.01119996e-05
-3.21907006e-05
 3.68242082e-05
-1.95676480e-05
 1.99383211e-05
-2.48137234e-05
 6.83794546e-06
 5.40884955e-06
 9.41700220e-06
