 4.37912359e-08
-1.48553739e-06
 3.34848163e-06
 1.37150800e-06
-7.99198238e-06
-1.57512184e-06
-9.32153879e-06
 8.63453040e-06
-6.91752306e-06
 3.33442840e-07
-7.05433609e-06
 4.28758594e-06
 2.11094499e-05
-1.63471525e-04
 7.20024641e-05
 3.79476633e-04
 2.64487483e-04
 1.23467160e-04
-1.12523735e-04
 3.69691789e-05
 3.81413986e-04
-1.72440145e-05
-2.93514042e-04
-7.01018049e-05
-7.24675652e-04
-7.80990694e-04
-9.27522580e-05
-2.90187846e-04
-1.26455214e-04
 1.32460280e-04
-3.75001285e-05
 2.81453990e-04
 9.92189155e-05
-3.39679178e-04
-5.53890067e-04
-4.77615064e-04
 1.91351164e-04
 2.26393557e-04
 1.98874494e-04
-3.50213358e-05
 3.98737797e-04
 6.28230555e-04
-3.31308443e-04
-5.58773335e-04
-1.36861575e-04
 1.00049456e-04
 8.80452856e-05
 6.13858964e-04
 1.59010261e-04
 1.79708283e-05
 1.31147370e-04
-1.07282834e-05
 2.20777260e-04
-3.97102157e-04
-8.74565388e-05
 2.73980279e-05
 3.27319324e-04
 3.52931067e-04
 2.08284167e-05
-1.56017709e-04
-5.19267933e-04
 5.81983897e-04
 3.83981457e-04
 2.95447730e-04
 3.30730945e-04
-1.61036605e-04
 5.63451984e-04
 5.86697578e-04
 5.09574163e-05
-3.49646680e-04
-3.62078197e-05
 4.46772021e-04
 3.11919763e-04
 5.30161108e-04
 3.09546742e-04
-1.41316487e-04
 1.58714109e-04
-1.61543285e-04
-2.75207541e-04
-1.36977481e-04
 3.57053615e-04
 4.43846876e-04
 9.28219972e-05
-1.23725318e-05
 6.99396608e-04
 1.23449566e-03
 1.01773421e-04
 1.97923269e-04
 1.92079220e-04
-3.79457589e-04
-1.88178576e-06
 6.36285171e-04
 3.77193397e-04
 4.57492198e-04
 1.70439904e-04
-2.78679085e-04
 1.87278219e-04
-8.90110354e-05
 1.64617443e-04
-1.09435284e-04
-7.14480123e-04
 1.19109644e-04
 6.57093343e-04
 1.04018973e-05
 3.12242043e-06
 2.94319256e-04
 1.11759925e-04
-3.07925661e-04
 1.12816527e-04
 1.01743650e-04
-6.84063063e-04
 4.01658106e-04
 3.92905683e-04
 3.49730584e-05
 6.24061110e-04
 4.11134660e-04
 7.41168630e-07
-2.64178189e-04
 5.29426138e-05
-4.93601841e-06
 2.21545845e-04
-7.45566446e-05
-5.38273688e-04
-8.15515486e-05
-8.43997403e-05
 1.58078951e-04
 1.52683702e-04
 6.69117372e-06
-2.99224146e-04
 3.18041608e-04
-7.55637792e-05
-3.41917986e-04
 4.33296496e-04
-1.20615131e-04
-2.72382443e-04
 3.40323206e-05
 5.81155239e-04
-1.60381916e-03
 2.20853610e-03
 4.13840924e-03
-4.98837734e-04
-5.45052159e-06
-6.18749164e-05
 6.15864783e-05
 1.55383187e-04
-3.07173156e-04
 3.44977542e-04
 2.98220592e-04
-5.51872359e-04
 1.09138461e-03
-2.04264998e-03
-3.84451977e-03
 2.04360129e-04
-2.10045018e-04
-2.77900436e-05
 2.24552791e-04
 7.69526648e-05
-1.13650975e-04
-7.81478017e-05
 7.55726570e-04
 2.75833694e-04
 1.45729392e-05
 3.25397009e-04
-1.58171469e-04
-2.15703199e-04
-3.17304224e-04
-3.10722044e-04
 4.92347902e-05
-9.69037563e-04
-4.87643034e-04
 1.34072137e-04
 3.71684001e-04
 5.66868432e-04
-5.15072385e-05
 5.11975086e-05
-8.16689760e-05
 6.48085138e-05
 4.99757696e-04
-1.23125621e-05
-8.36412777e-06
 4.57015656e-04
 2.45152123e-04
 3.59171184e-04
 1.54215682e-04
-3.50935898e-04
-3.03083459e-04
-7.35317969e-04
-2.23514351e-04
 1.96041077e-04
-1.03689009e-04
 5.96366435e-04
 3.93166169e-05
-2.10678283e-04
 4.52839981e-04
 5.10126918e-04
 1.31542150e-04
 1.07314404e-04
-1.99313660e-04
 1.44450899e-04
 2.32907864e-04
 1.48153921e-04
 5.93006778e-04
-1.01053696e-03
 2.45524653e-03
-5.96434348e-03
-8.80210452e-03
 1.62090464e-03
-1.00646505e-03
-1.55089029e-04
 1.06753447e-04
-5.09779406e-04
 6.65090385e-04
-3.55062294e-04
 1.62563220e-04
 3.96343880e-04
 5.07986438e-04
-1.37945909e-05
 1.13838195e-04
 3.90983029e-04
 9.23594059e-05
-1.69123022e-04
 5.97664510e-05
 1.47175220e-04
-2.60076772e-04
-7.89253188e-05
 1.91729645e-04
-1.00071879e-04
-6.68666040e-04
-9.96230962e-05
 5.63118272e-04
 1.10756659e-04
-1.49285531e-04
 4.92864370e-05
-1.42493083e-04
-3.01248014e-04
 5.02473326e-04
 7.66876439e-04
 1.55381078e-04
-3.66928432e-04
-2.54665119e-04
 1.53453603e-05
 2.52977190e-04
-7.64277320e-06
-2.41580515e-04
 3.81747347e-04
 2.38790789e-04
-4.42930470e-04
-3.23468113e-04
-3.39897873e-05
 1.30160588e-04
 8.59030527e-05
-1.75225782e-04
-4.44057057e-04
-7.40696657e-05
-8.05771929e-06
-3.32576440e-04
 5.08513319e-04
 5.56353049e-04
 2.61152077e-04
 9.15743570e-05
-3.73289681e-04
-4.43021141e-04
-6.55603077e-04
-3.60147971e-04
-1.77167214e-05
-7.95607225e-05
-1.09055659e-04
 5.28300299e-04
 1.80703524e-04
-2.11518629e-05
 3.33490400e-04
-8.24776603e-04
 1.94639837e-04
 5.91053384e-04
-5.00826143e-04
-3.98562174e-05
-2.19930870e-04
-6.92640296e-04
-4.62737878e-04
-2.57482697e-04
-2.73507684e-04
-5.26202582e-04
-2.64394152e-04
-1.14556426e-04
 4.18079737e-05
 5.42943950e-04
-3.47411536e-04
 1.86748646e-04
 9.14800417e-05
-2.91014068e-04
 5.99132903e-04
-1.13470952e-04
 4.11206071e-04
 8.01910773e-04
 1.41807836e-04
 1.68018451e-04
 3.89819258e-05
-1.50811791e-04
 3.11995180e-04
 3.17788354e-04
 7.16350070e-05
 7.60461682e-06
-6.41348844e-05
 4.31231905e-04
 4.73475153e-04
 2.66071761e-04
 2.96580335e-05
-2.09383949e-04
 1.03804751e-05
 1.41877394e-04
-1.70243119e-04
 3.45160697e-04
-4.90365410e-05
-1.51421544e-04
 2.59776617e-04
-4.45768923e-04
-4.48630789e-06
 7.29471597e-05
-1.46218857e-04
 6.51477647e-05
 2.47291484e-04
-7.87299264e-06
 3.20158472e-04
 8.53347603e-04
-3.45465773e-04
-8.16401128e-05
 1.00295004e-04
-2.10492056e-04
 4.15713476e-04
-3.55271368e-04
 4.28685303e-04
 3.79901162e-04
 1.28107558e-04
 5.07714055e-04
-5.87460778e-04
-9.90849138e-05
-5.63285865e-04
-4.59302073e-04
 2.52019356e-04
-2.88849794e-04
-2.49061423e-05
-4.93187415e-04
-3.19668969e-04
 1.26389906e-04
-1.77447589e-04
-1.52565926e-04
-1.74360467e-04
-1.15837460e-04
-1.70279628e-04
-1.23922723e-04
-6.20357332e-05
-3.09270446e-04
-9.58511089e-04
-1.94389690e-04
-2.08342696e-05
-6.03564584e-04
 7.65040654e-05
-9.51129573e-05
 5.25698137e-05
 2.30243199e-04
-3.13848126e-06
 3.50044660e-05
-1.90114164e-05
 3.44286567e-05
-8.23755424e-06
 3.56022555e-06
 1.07604883e-05
-4.45757010e-06
 3.01934845e-06
-3.00239466e-06
