-2.27584814e-08
 2.36603464e-06
-1.08066778e-05
-1.58031568e-08
-7.13575193e-06
-4.35556578e-07
 1.56776608e-05
-2.92641390e-05
 4.40099588e-05
-5.75804995e-05
 7.77532822e-05
-7.69444547e-05
 1.02848469e-04
 4.51671296e-04
 1.17608945e-04
 2.94998201e-04
-2.87792262e-04
-9.59182899e-05
 2.01086832e-04
-2.70991251e-04
 5.10454076e-05
-4.04428009e-04
-2.68520754e-04
 3.27981423e-04
 1.83627901e-05
-4.48671784e-04
-4.71352041e-04
 7.85306031e-05
 5.73091871e-05
 1.55318731e-04
 4.57735323e-04
-3.69706057e-04
-5.54305602e-04
 4.15333230e-04
 5.09978445e-04
 2.17426440e-04
 2.96749079e-06
 2.78134889e-04
 3.68967991e-04
-4.10339048e-04
 1.11004620e-04
 3.61633301e-05
-3.83902755e-05
 6.02168507e-04
 4.63594958e-05
 1.20347348e-04
 1.05110586e-04
 1.51712159e-04
 4.68711472e-04
 5.26250595e-04
 2.11081295e-04
-6.67567535e-04
-1.26654110e-04
 2.65385316e-04
 6.14093522e-05
 1.38560337e-04
-1.18136514e-04
 5.91241132e-04
 4.61204887e-04
-2.14751545e-04
 1.58148896e-04
 2.24045027e-04
-7.84056470e-05
 4.09980622e-05
-3.54301225e-04
-5.56722913e-04
 2.60134872e-04
 4.11758013e-05
-1.96178912e-04
-1.64017445e-04
 3.00662762e-04
 2.09198175e-04
-3.86691086e-04
-2.28185765e-04
-3.72837352e-04
-1.24010077e-04
 2.20147602e-04
 3.23965789e-04
-3.28770724e-05
-3.18078402e-04
-2.75505656e-04
-1.78267410e-05
 1.42223297e-04
 1.32284899e-04
 2.15509769e-04
-3.37201181e-04
-5.10119941e-05
 2.49347581e-04
-4.26041374e-04
-1.51610803e-04
 6.33164805e-05
 2.08758436e-04
 2.35873516e-04
 1.50523645e-04
 4.62808939e-04
-3.99348066e-05
 2.85292882e-04
 7.18990575e-05
-4.05702294e-04
 4.43497289e-05
-1.00924301e-04
 3.34658430e-04
 1.87008030e-04
 9.53592716e-05
 1.26033302e-04
 4.83009263e-05
 3.52465316e-05
-1.04170419e-04
 2.29225854e-04
-2.54444416e-04
-4.17828243e-04
 4.55394152e-04
 6.75859079e-04
-4.60322776e-04
-4.11614722e-04
 1.42221914e-04
-3.37777343e-05
 5.58318078e-06
-3.42326131e-04
 6.27776543e-05
 2.62308263e-05
-3.96302302e-04
 4.77761030e-05
 1.61146757e-05
-8.17776750e-06
-2.22166852e-04
 1.13296070e-04
 5.21636158e-04
 4.66835620e-06
 7.49976688e-05
-4.24938578e-05
-1.29694931e-04
 3.00903169e-04
 2.18623845e-04
 2.00230405e-04
 9.41797271e-05
-5.41105970e-05
-7.49634919e-05
-2.09865594e-04
 1.77133074e-04
 4.25296837e-04
 3.51802630e-04
 3.25946712e-04
 6.11677076e-04
 2.02665519e-04
-2.50535373e-04
 5.67672981e-04
 7.19298577e-04
 1.03480823e-04
 2.08880095e-04
-6.37900306e-05
-2.17308054e-04
 4.13919813e-04
-3.54880387e-04
-6.16212101e-04
 5.53515509e-04
 5.03653088e-04
-1.65914172e-05
 3.23527462e-04
 5.37964723e-04
 7.65192019e-05
-3.62125006e-04
 1.18644692e-04
 1.73242147e-04
-1.50770779e-04
 2.38038913e-04
 2.32766003e-04
 2.53169029e-04
 1.15603021e-04
-2.56578479e-04
-2.11740398e-04
-2.97147303e-04
 8.05723426e-06
-1.74849797e-04
 9.90529565e-05
 3.85725362e-04
 4.20130172e-04
 2.77041008e-04
-3.49938881e-04
-2.89616311e-04
-1.31342557e-04
 3.67110489e-04
-6.21839881e-04
-4.44247867e-04
 3.11462756e-04
-2.16006188e-04
-1.31890002e-04
 1.03256824e-04
 4.08413577e-04
-1.81318738e-04
-7.83437537e-05
 1.45032419e-04
-7.27210525e-04
-5.69511724e-04
 2.15711462e-05
-2.88863380e-04
-4.31273628e-04
 8.27218990e-05
 1.07440168e-04
-9.75234548e-05
 2.71776078e-04
 3.09277704e-04
-2.75925215e-06
 5.39939133e-05
-1.16218555e-04
-1.87996630e-05
 4.21636521e-04
-3.29061134e-04
-2.71727604e-04
-4.70725778e-04
-1.02250815e-04
 4.06793471e-04
 1.20406463e-04
 3.56506909e-04
 6.65662934e-05
 2.28140691e-03
-1.15098206e-03
-1.75572534e-03
 3.38089439e-03
-1.21702861e-03
-2.62828160e-03
 2.32978077e-03
 2.15128522e-03
-1.61286146e-03
-3.30785528e-03
 7.92916160e-04
 3.64367402e-03
 1.15948002e-03
-2.14478610e-03
-3.84025175e-03
-2.14964373e-03
 1.00364873e-04
 2.25701938e-03
 3.20116692e-03
 3.33891080e-03
 3.52828918e-03
 2.65229539e-03
 2.38539376e-03
 2.05297344e-03
 2.15401719e-03
 1.99267820e-03
 2.34934448e-03
 3.90416250e-03
 3.60144523e-03
 2.02558918e-03
 6.42563066e-04
-1.32328730e-03
-3.20456341e-03
-2.95178764e-03
 2.61922059e-04
 3.17486466e-03
 2.12180037e-03
-1.62878645e-03
-3.22665741e-03
 9.83743966e-04
 3.23326580e-03
-7.11921399e-04
-2.47156035e-03
 2.75129864e-03
 1.49258648e-03
-3.79755971e-03
 2.39876192e-03
-7.49058011e-04
-1.89037602e-03
 3.03164296e-03
-1.76499443e-03
 1.08391666e-03
 4.40426028e-04
-1.42575506e-03
-9.81673908e-05
-6.60147805e-04
 1.41896714e-04
-3.80405316e-04
 7.19781041e-05
 6.87671949e-04
 5.10966038e-04
 5.72203442e-04
-2.12357678e-04
 3.64087673e-04
 1.77742645e-06
-2.53171612e-04
 4.27160674e-03
-3.50759543e-03
-2.43946804e-03
 6.76206090e-03
-3.70553019e-03
-5.07637210e-03
 5.40670545e-03
 3.42235744e-03
-5.30581095e-03
-4.54992198e-03
 3.42535374e-03
 6.69030928e-03
 1.81484760e-03
-5.11127021e-03
-6.83948045e-03
-3.41333550e-03
 1.56380017e-03
 4.94810975e-03
 6.47777210e-03
 6.75037093e-03
 5.94376548e-03
 4.69625597e-03
 3.99722797e-03
 3.60930307e-03
 3.40743748e-03
 3.97523749e-03
 5.17688091e-03
 6.69372681e-03
 6.91155059e-03
 5.46937760e-03
 2.37922706e-03
-1.60660353e-03
-5.80071088e-03
-6.57684427e-03
-8.46570862e-04
 5.64480009e-03
 6.11235910e-03
-1.74632317e-03
-7.38837988e-03
 4.13061674e-04
 6.48316207e-03
-8.05231356e-04
-6.25984395e-03
 3.15958002e-03
 4.09574118e-03
-7.03824376e-03
 4.09915639e-03
 1.52832179e-03
-5.33629160e-03
 5.05890462e-03
-3.05856869e-03
 1.17799665e-03
 1.86138195e-03
-4.60277859e-03
-3.92078214e-06
-8.74112687e-04
 2.31578551e-04
-2.73165015e-04
-2.25860398e-05
 8.21313695e-05
-3.84386596e-04
 2.28081161e-04
-3.17202058e-04
-8.12887343e-05
 3.79962814e-05
-1.30343014e-04
-7.06080205e-05
-7.75068831e-05
-3.37409055e-04
 8.42437649e-05
 4.36976577e-04
 3.22327522e-04
-3.75445012e-05
-4.43547265e-04
 1.59920189e-04
 4.09957828e-06
-4.14295398e-04
 3.65679183e-04
 1.40859218e-04
-1.29937920e-04
 5.66240073e-05
-4.56557774e-05
 1.95952764e-05
-9.26835316e-06
 1.17998035e-05
-2.04050624e-06
-3.82619371e-06
 1.16678473e-05
-1.21870678e-05
