-9.33435317e-08
 1.69133716e-06
-2.60540686e-06
-7.56893078e-06
 1.14368869e-05
-5.26169012e-06
 9.05871212e-06
-2.09184675e-06
 4.13289454e-06
 5.51356071e-06
-2.46207369e-05
 2.56339881e-05
-8.45867680e-05
 2.83324307e-04
 1.29478675e-04
-4.11367746e-04
-5.01701454e-05
-1.37466340e-04
-1.52597655e-04
-9.28548570e-05
 1.55203324e-04
 4.98611818e-04
 4.26130461e-04
 2.24323535e-04
-3.45588937e-04
 1.35347864e-05
 6.91217706e-05
 5.49418099e-05
 1.94197426e-04
-7.18725289e-04
 7.15886000e-05
 5.46696365e-04
-3.28477439e-04
 1.36939524e-04
 2.08926630e-05
-3.28893184e-04
-4.01266335e-04
-5.95054448e-04
 5.07718203e-05
 2.61367576e-04
-2.85301977e-04
-5.29436498e-04
-3.21399812e-04
-8.21424887e-05
-1.59749695e-04
-2.69266481e-04
-6.31149273e-05
-4.25303269e-04
 1.75956591e-05
 3.29472910e-04
 9.64093305e-05
 1.70112540e-04
-3.77719080e-04
-1.51897223e-04
-2.77455093e-04
-3.06158420e-04
-5.67602836e-04
-4.39625992e-04
 1.60013978e-04
-2.31853862e-04
 3.92989133e-04
 8.66918983e-05
-5.34812909e-04
 4.13822097e-06
-4.59795143e-04
 1.58458891e-04
 5.32098631e-04
-1.86616715e-04
-1.25647553e-04
-1.76053403e-04
 1.71028742e-04
 4.73961942e-04
 3.89694044e-04
-9.49058056e-05
 1.70147393e-04
 3.82333505e-04
-5.55916799e-04
-2.38471141e-04
-3.79989549e-04
-7.16234723e-04
 2.97894638e-04
 3.58328985e-04
-3.69955513e-06
-1.62782077e-04
-2.08059321e-04
-1.00352134e-04
-4.60420001e-04
-2.85566546e-04
 7.11028032e-05
 1.67149919e-04
 4.45590804e-04
-5.58887251e-05
 1.97196543e-04
 6.85870187e-04
 4.52435271e-04
 2.73402282e-04
-3.52998804e-05
-1.56538531e-05
-1.99543143e-04
-3.20491933e-04
-7.34910774e-04
-4.72676391e-04
 1.13014208e-04
-3.35905348e-04
-1.63765989e-04
 4.12230253e-06
-1.29611284e-04
 3.74681796e-04
 3.92760873e-04
 4.00847354e-04
 5.96893768e-04
 3.92275520e-05
 2.15254755e-04
-3.16304685e-04
-4.46676825e-04
 6.75674356e-04
 3.90105416e-04
-3.66377789e-04
-6.72587752e-04
-2.44219084e-04
 1.14871710e-05
-2.32078035e-04
-1.85564017e-04
-2.95537029e-04
-1.74928223e-04
 5.89577818e-05
-1.51035762e-04
 5.96507111e-05
 2.01251474e-04
-2.96148196e-04
 8.34238916e-05
-1.40317600e-04
-4.10910287e-04
 6.51137237e-06
-4.05256606e-04
-7.25516946e-04
-4.76331696e-04
 3.59561403e-04
 5.38208293e-06
-6.68676548e-04
-5.21304638e-05
 5.49167179e-04
 7.79228307e-05
-7.73009499e-05
-9.95782301e-05
 8.73896329e-05
 3.05437019e-04
-6.56661012e-04
-2.99636562e-04
 1.66416173e-04
-1.03216332e-04
-2.83197563e-04
-4.57119347e-05
-7.47652128e-05
-2.46485164e-04
 2.51792969e-04
-3.24333444e-04
-3.85719309e-04
 1.26062826e-05
-1.01705718e-04
-1.98740850e-04
 3.25717652e-05
 3.51327712e-05
-1.85941284e-04
 1.45105695e-04
-3.39853083e-05
 5.09568087e-04
 6.33670590e-04
-3.86215463e-04
 3.66022345e-04
 5.23458879e-04
-6.90584260e-05
 3.00257206e-05
 1.58527875e-05
 5.01938246e-04
 5.46263142e-04
 3.95037724e-04
-7.13535880e-05
-2.80762109e-04
 5.92758907e-05
 4.54700650e-04
 5.84389553e-06
-4.77759160e-05
-1.74701968e-04
-3.54701265e-04
 1.85309821e-03
-1.17379136e-03
-1.05026031e-03
 3.03962656e-03
-1.43953334e-03
-2.27484231e-03
 2.53065976e-03
 2.22395526e-03
-1.90059170e-03
-2.75219759e-03
 8.19347755e-04
 3.77375028e-03
 1.81032431e-03
-1.65799882e-03
-2.79054903e-03
-2.31218403e-03
 1.91209932e-04
 1.93442756e-03
 3.36270723e-03
 3.56131624e-03
 2.44136248e-03
 2.93336040e-03
 2.52421813e-03
 1.76078816e-03
 1.67479262e-03
 2.33901571e-03
 3.11113275e-03
 3.14124874e-03
 2.93358939e-03
 2.38728143e-03
 8.46733135e-04
-1.80784393e-03
-3.25588898e-03
-2.50232475e-03
 1.56155700e-04
 2.84351689e-03
 2.38760108e-03
-1.24045874e-03
-2.80393757e-03
 1.00851481e-03
 2.72641359e-03
-1.18181497e-03
-2.19014975e-03
 2.38933870e-03
 9.75381898e-04
-2.97492803e-03
 2.71045647e-03
-2.60358768e-04
-1.93199539e-03
 2.12075814e-03
-2.41122488e-03
 6.93053503e-04
 4.13362477e-04
-1.20166034e-03
 5.44672116e-04
-5.24800250e-04
 2.34853630e-04
-2.62379497e-04
-5.76475861e-05
-1.44855996e-04
-6.62207431e-04
 4.79583851e-04
-2.65620929e-04
 6.09107980e-04
 2.06433285e-04
-2.88556460e-04
 4.52153019e-03
-3.66070935e-03
-1.94576298e-03
 6.85687647e-03
-3.92538863e-03
-4.62235791e-03
 5.69854563e-03
 4.36766631e-03
-5.08944626e-03
-5.41687903e-03
 3.17576113e-03
 6.41468785e-03
 1.41805452e-03
-4.74092151e-03
-6.98526648e-03
-3.95213428e-03
 1.93817778e-03
 5.03334734e-03
 6.51591296e-03
 6.97654180e-03
 5.58976828e-03
 4.27774246e-03
 3.09779745e-03
 3.18303095e-03
 3.43003117e-03
 4.04633810e-03
 5.13184103e-03
 6.44429251e-03
 7.35027543e-03
 5.65226627e-03
 2.53312512e-03
-1.48802815e-03
-5.76797469e-03
-6.48951181e-03
-1.44667716e-03
 4.65880205e-03
 5.40422326e-03
-1.50032734e-03
-6.74906234e-03
 1.62508361e-04
 6.60881142e-03
-6.38105128e-04
-6.52936194e-03
 2.91200673e-03
 3.82367710e-03
-6.69901177e-03
 4.15618251e-03
 1.60612405e-03
-5.31894800e-03
 5.34720959e-03
-2.66296166e-03
 2.76714168e-04
 1.88465757e-03
-3.91197905e-03
 1.23987318e-04
-7.23742301e-04
 1.62484232e-04
-9.52612780e-05
-2.16399689e-04
 1.36570760e-04
-4.69256254e-05
 1.30828425e-04
 1.72807980e-05
 3.01516122e-05
-3.21408214e-04
-3.19626789e-05
-3.10981503e-04
-4.42906669e-04
 3.05712793e-04
 1.78745053e-04
-1.78607406e-04
-1.69379077e-04
-5.98149426e-05
 2.53980235e-05
-3.71569725e-04
 3.86563490e-05
 5.06743324e-04
-1.38863029e-04
-3.77618403e-04
 6.75605368e-05
 1.57919058e-04
-3.95506019e-04
-1.06663121e-04
 1.17459516e-04
-3.71309636e-05
 2.16707209e-04
-2.62320243e-04
 2.86654075e-05
-2.83234600e-04
-4.94685605e-04
 3.86623492e-04
 1.93225198e-04
 2.06270565e-04
 2.27191341e-04
 1.86535309e-04
-8.25026690e-05
-1.88940595e-04
 2.26437939e-04
 4.75243565e-05
-6.27678479e-04
-6.15903824e-05
 5.08161016e-04
-1.41312552e-05
 5.61732117e-05
-1.18174750e-06
-2.10232677e-04
-3.72457141e-04
-4.24355246e-04
-1.46169183e-04
-7.51467610e-06
 6.66656285e-06
 1.23143159e-06
-1.15017087e-05
 2.24902559e-06
 3.13283335e-07
-1.41731750e-07
 6.48114459e-06
 6.13510153e-06
 7.61146615e-06
