-2.47706454e-09
-8.49654282e-07
 4.45383041e-06
-1.99036909e-06
 4.50403906e-07
-2.47932877e-06
 6.67321434e-06
 1.76187605e-06
-1.41912882e-05
 2.58260388e-05
-4.85540709e-05
 6.82594986e-05
-9.47593941e-05
-7.02184897e-05
-2.84482759e-05
 1.27569864e-04
-2.45133968e-05
-4.14802313e-04
 3.34799568e-04
-1.74880883e-05
 1.24745077e-04
 1.54350221e-04
-1.40028754e-04
 1.42836785e-04
-3.48693843e-04
 1.63201781e-05
-2.05270738e-04
-1.18491462e-04
 1.35912543e-04
-5.40766626e-04
-2.77884561e-04
 2.67681054e-04
-3.17823134e-05
-4.67763287e-04
 3.14732893e-04
 4.77320612e-04
-6.53167684e-05
-1.27940017e-04
 2.84735235e-04
-7.08138093e-05
-2.83529946e-04
 4.24230216e-04
-3.06961277e-04
 2.82383289e-05
 2.00753132e-04
-4.26180022e-04
-2.42088854e-04
-3.57121845e-04
-5.06571583e-04
-2.58668854e-04
-2.62464765e-04
-8.17509192e-04
 3.26676312e-04
-8.96546725e-04
 1.21597049e-03
 4.55372858e-03
-2.17652160e-03
-1.60233701e-03
 3.47627860e-03
-1.36883425e-03
-2.42745374e-03
 3.06067926e-03
 2.77106767e-03
-2.46986362e-03
-3.25290882e-03
 7.30374782e-04
 3.82303909e-03
 2.13763675e-03
-2.01281284e-03
-3.44875224e-03
-2.09579711e-03
 2.17822910e-04
 2.05133444e-03
 2.92210555e-03
 3.48496884e-03
 2.89886268e-03
 2.51807169e-03
 2.36137813e-03
 2.04151515e-03
 2.28867625e-03
 2.60773505e-03
 3.37532522e-03
 3.77543110e-03
 3.58422124e-03
 2.52824659e-03
 5.79740696e-04
-1.81840719e-03
-3.19606445e-03
-2.47327578e-03
 1.63911316e-04
 3.52966719e-03
 2.90312534e-03
-1.52567500e-03
-3.39026721e-03
 4.71842861e-04
 3.01469980e-03
-1.18904874e-03
-2.84118103e-03
 2.24497018e-03
 8.90127233e-04
-3.30819403e-03
 2.44163672e-03
-3.92792221e-04
-1.92068360e-03
 2.61269336e-03
-1.55943960e-03
 9.51608885e-04
 1.48569265e-04
-2.42904269e-03
-4.67265064e-04
-3.64124294e-04
 5.70827470e-04
 2.45631590e-04
-1.48596839e-04
-3.04367180e-05
-8.41272837e-04
 3.04168295e-04
 4.95266865e-04
 5.27378181e-04
-5.75726581e-04
 1.22220519e-03
 6.17094150e-03
-3.84237283e-03
-1.62877245e-03
 7.28011409e-03
-3.49665758e-03
-4.53151472e-03
 4.98943489e-03
 3.13417252e-03
-5.56432400e-03
-5.16425156e-03
 3.01472694e-03
 6.49191761e-03
 1.73984055e-03
-5.23261729e-03
-6.79616053e-03
-3.14700391e-03
 1.19948240e-03
 4.94981587e-03
 7.20871827e-03
 6.83855571e-03
 5.42669101e-03
 3.77596549e-03
 3.41661760e-03
 3.24945150e-03
 3.17579919e-03
 4.19096755e-03
 5.37698443e-03
 6.20543189e-03
 6.29955125e-03
 6.04984743e-03
 2.79599367e-03
-1.76453869e-03
-5.95224173e-03
-6.27461954e-03
-1.03253266e-03
 4.87353759e-03
 5.65024088e-03
-2.02785832e-03
-6.96078848e-03
 4.35962320e-04
 7.10987696e-03
-2.58564369e-05
-5.82220783e-03
 3.97238242e-03
 4.49124560e-03
-7.11028634e-03
 3.44932869e-03
 1.56222417e-03
-4.43241482e-03
 5.54249734e-03
-3.77818704e-03
 1.33881953e-03
 1.64941996e-03
-2.91509669e-03
 2.98523319e-03
-8.13123485e-04
 4.74826707e-04
-1.93756425e-04
 5.58144318e-04
 7.92124565e-04
-6.43547965e-04
-6.19944725e-05
-2.49266036e-04
 5.02044304e-04
 7.47972314e-04
 3.03805082e-04
-5.33457370e-05
 2.66305387e-04
 3.81289753e-04
 2.46087086e-04
 4.17032580e-04
 3.49895238e-04
 7.35280403e-05
 3.66671280e-05
 2.02391462e-04
 1.36170433e-04
-1.39712661e-04
 3.35643830e-04
-2.99195771e-06
-5.92177169e-05
 5.89568582e-05
-3.54652872e-04
 1.30585517e-04
 2.79549949e-04
 3.86414450e-04
 1.53386379e-04
-3.84515964e-04
-4.58317267e-05
 3.31744746e-04
-1.16436041e-04
-3.51705961e-04
 1.25915975e-05
-8.41206637e-05
-4.80199866e-04
-2.90500303e-04
-2.07347635e-04
 1.60592057e-05
 6.98244042e-05
-3.00727950e-05
 1.96867982e-04
-2.31034828e-04
-5.34686664e-04
-4.50420286e-04
 2.28204243e-04
 7.03696403e-04
 3.07690636e-04
 1.76856044e-04
-2.43685950e-04
-4.43129240e-04
 8.12498022e-05
-1.29033521e-04
 1.37811382e-04
-2.64661605e-05
-7.94287675e-04
 1.49087715e-04
 9.49350287e-05
-3.89481157e-04
 1.47542646e-04
-2.90968362e-04
 2.59859541e-04
 4.37140289e-04
 1.07707433e-04
 3.98817466e-04
-2.54782727e-04
 1.64140026e-04
 3.70142470e-04
-8.34378597e-05
 1.28612116e-04
 4.22320763e-04
 3.53941711e-04
 3.17233029e-05
 5.90828136e-05
 3.52826063e-04
 6.86766687e-04
 5.57022663e-04
 6.68140394e-04
 3.92060970e-04
 5.48881184e-04
 6.65428204e-04
-2.97751738e-04
 1.84870950e-04
 2.88429902e-04
 7.88100394e-05
 3.75117645e-04
 2.38051921e-04
 1.95487503e-04
 1.04115923e-04
 1.65837868e-04
 3.27133880e-04
 4.32950115e-04
-1.88024290e-04
-8.74241768e-04
 2.90747482e-05
 3.43680824e-04
 9.24545199e-05
 2.19629856e-04
-4.73706226e-04
 1.95393663e-04
 1.94362837e-04
-4.63889662e-04
-3.92400963e-04
-8.09479806e-04
 1.32694987e-05
 1.58051899e-04
 4.18380426e-04
 5.33864630e-04
-8.91291758e-05
-8.60235835e-05
-2.75688727e-04
 6.65709165e-04
 1.52377991e-04
-8.45323306e-04
-1.98891425e-04
 5.54581179e-05
 2.43456024e-05
 9.60296495e-05
-3.55905096e-06
-2.09739825e-04
 2.75162371e-04
 2.49078973e-04
 6.10194995e-05
 2.80496770e-04
 3.17247616e-04
 3.54209748e-04
 5.89237103e-04
 1.30599895e-06
 1.01466006e-05
 7.44893165e-04
-7.95143066e-06
 4.27297898e-05
-4.92063881e-04
-7.30227042e-04
-8.61312375e-05
 1.22488056e-04
 2.19259812e-04
-1.31688071e-04
-2.40669074e-04
-3.64853781e-05
 2.19706801e-04
-1.47833106e-04
 1.42854846e-04
 2.39236830e-04
 2.80635164e-04
 1.06682553e-04
-1.12547867e-04
-2.29772862e-04
-2.23357913e-04
 5.29280085e-04
-1.90179169e-04
 1.53860637e-04
 7.79686100e-04
 2.49311990e-05
-1.23159214e-04
-8.42944896e-05
-6.12017515e-05
 3.75074855e-04
 1.11347850e-04
-7.00443250e-04
-1.40972697e-04
 2.88160478e-04
 5.46596838e-04
-2.95260505e-05
-4.21531953e-04
 1.77931699e-04
 2.41345457e-04
 6.49776470e-05
-1.04992194e-04
 3.84960930e-04
 3.25465245e-04
-3.88255100e-06
 2.14606280e-04
-4.74606196e-05
-6.59462835e-04
 3.97575833e-05
-2.48958566e-04
-4.35657641e-04
 3.16440101e-04
-3.49839100e-04
-1.17768929e-04
 9.11027615e-05
-5.96896995e-05
 4.50542838e-05
-3.29343838e-05
 3.60476468e-05
-1.44012307e-05
 9.39675873e-06
 7.29756676e-06
-9.17002692e-06
 1.00356447e-05
