 2.97700751e-09
 4.06132639e-07
 4.10330093e-07
-1.34343239e-06
-9.48355403e-06
 3.10895731e-06
-1.17331164e-05
 4.42859841e-06
-1.47427938e-06
 1.98528210e-06
 1.06709632e-05
-1.38675497e-05
 4.95040554e-05
-5.48297077e-05
 2.53019562e-04
 3.23179188e-04
 8.44866879e-05
 2.80865125e-04
-1.29904683e-05
-1.98412906e-04
-1.34541478e-04
-1.96196354e-04
-4.20400483e-04
-6.62222012e-04
 1.88065547e-05
 2.67201034e-04
 2.51002380e-04
 1.74462996e-04
-2.64426914e-04
-1.29892471e-04
-6.52493060e-05
-1.44014462e-04
-1.24486966e-04
 2.75239689e-04
-2.73370116e-05
-1.52807604e-03
 1.28384308e-03
 2.26188577e-04
-1.20947310e-03
 1.13992667e-03
-4.00322228e-04
 2.09901409e-03
-4.53091906e-03
 5.40804311e-03
-8.15939727e-03
 1.66760950e-02
 3.84893436e-02
-5.02966707e-02
-7.39305149e-04
 5.67763802e-02
-3.65853995e-02
-3.99143211e-02
 4.28794438e-02
 4.33508171e-02
-3.50078990e-02
-5.73733766e-02
 7.68849587e-04
 5.40898741e-02
 5.01652421e-02
 2.14044976e-04
-4.67843579e-02
-6.07801176e-02
-4.86358880e-02
-2.28162018e-02
 5.10422510e-03
 2.72920728e-02
 4.02208110e-02
 4.52057144e-02
 4.66623890e-02
 4.54665513e-02
 4.21876938e-02
 3.26595681e-02
 1.26261142e-02
-1.48076378e-02
-4.12048919e-02
-5.90934533e-02
-5.49112439e-02
-1.69450119e-02
 3.70773413e-02
 5.99794068e-02
 2.14374037e-02
-4.29043398e-02
-5.31010139e-02
 2.03781136e-02
 5.84928392e-02
-1.69168492e-02
-5.11380009e-02
 3.10585006e-02
 3.82482795e-02
-5.94907427e-02
 1.41670318e-02
 3.70080183e-02
-5.61494944e-02
 4.16056452e-02
-9.95588246e-03
-1.84624474e-02
 3.29616002e-02
-3.47626579e-02
 3.08978238e-02
 1.13438954e-02
-7.08951264e-03
 3.51765895e-03
-3.89065361e-03
 5.26132314e-03
-5.36436832e-03
 4.19271261e-03
-1.39292034e-03
 2.15209410e-03
-7.36005555e-03
 9.80633516e-03
-1.45077959e-02
 4.65957415e-02
 6.74988283e-02
-1.06352783e-01
 1.70798355e-02
 1.06213011e-01
-8.54580280e-02
-6.54558076e-02
 9.73302467e-02
 7.19555606e-02
-8.56342306e-02
-1.04554925e-01
 2.20383280e-02
 1.14848808e-01
 8.55599580e-02
-2.24552373e-02
-1.06708861e-01
-1.19680977e-01
-8.24338058e-02
-2.44150467e-02
 3.32823486e-02
 7.59792094e-02
 9.86081198e-02
 1.05997838e-01
 1.07390672e-01
 1.06908715e-01
 1.02512379e-01
 8.69368021e-02
 5.21561275e-02
-1.03247696e-03
-6.13504109e-02
-1.10156480e-01
-1.20190959e-01
-6.22753738e-02
 4.78322629e-02
 1.18394302e-01
 6.86274831e-02
-6.24583381e-02
-1.17901938e-01
 1.01787102e-02
 1.21222511e-01
-3.94685714e-03
-1.09966856e-01
 3.34843047e-02
 9.81214987e-02
-1.03366089e-01
-6.79374482e-03
 9.82087797e-02
-1.10656087e-01
 6.14158470e-02
 7.91771087e-03
-5.80083255e-02
 7.48267390e-02
-6.45334483e-02
 4.58400446e-02
 3.33475188e-02
-1.92069764e-02
 1.63425927e-02
-1.40066391e-02
 1.09714222e-02
-6.25898113e-03
 2.59465093e-03
 9.30538279e-04
-2.17784003e-03
 2.20823496e-03
-1.17048318e-03
 3.01351916e-04
-4.41141246e-04
-7.01514135e-04
-3.57503335e-04
 1.42251045e-04
-1.26396618e-04
-3.07092834e-04
-1.47945140e-04
-3.62474220e-04
-3.10063949e-05
-3.41861943e-04
-6.88950386e-04
-1.79028706e-04
-2.66718253e-04
-3.43250925e-04
 1.07448019e-04
 4.25036829e-04
-2.90843285e-04
 1.28127457e-04
 8.01571222e-04
 3.73783311e-05
 2.05344997e-04
 3.14066715e-04
-5.62848589e-04
-2.53353380e-05
 3.03596063e-04
 6.24319766e-04
 8.03512688e-04
 2.12091859e-05
 3.19715149e-04
 2.72126086e-04
-7.22848428e-05
-3.39604344e-04
 1.29887363e-04
 1.70464996e-04
-1.23286601e-05
 2.63458577e-04
-4.67484289e-04
-2.19149631e-05
 1.95910347e-04
-4.89941411e-04
-4.22701701e-04
-8.37321993e-05
-7.79921693e-05
-4.52075018e-04
-5.04525817e-05
-1.78930726e-04
-5.01294158e-04
-1.69715085e-04
-1.11031027e-04
 3.32209837e-04
 1.26455534e-04
-4.18694041e-04
-1.14001420e-05
 3.29523787e-04
-1.93353922e-04
-3.41937406e-04
 4.99531431e-04
 4.44991146e-04
 1.39459614e-04
 1.81111229e-04
 2.55135599e-04
 4.89337975e-04
 2.50517679e-04
 1.84156719e-04
-6.37573485e-05
-1.35396616e-04
-9.07624339e-05
 1.45201503e-04
 2.31633961e-04
 1.29385222e-04
 1.42743736e-04
-5.41991565e-05
-1.35576481e-04
-1.49297682e-04
-3.14478481e-04
-8.71048716e-04
-3.73906819e-04
 2.38385353e-04
 2.71362838e-05
-4.82917020e-04
 2.89967861e-04
 7.31202988e-04
-9.86731389e-05
-1.35843838e-04
-2.81253234e-04
-1.45906225e-04
 7.38879849e-05
-3.17302457e-04
-1.97141351e-04
 1.32333395e-04
-3.79201365e-04
-2.87945965e-04
 1.89053222e-04
-3.65766948e-05
-9.07043755e-05
 3.03117696e-04
 3.31697543e-05
-2.39104518e-04
 2.14400137e-04
-3.90686277e-04
-2.06420261e-04
 4.11194383e-04
 1.40301747e-04
-2.08198846e-04
 1.48459589e-05
 1.80984236e-04
-3.90369424e-04
 3.45210168e-04
-6.98823329e-05
-5.76903512e-04
 2.29837760e-04
 1.19099603e-04
-3.65218594e-04
-1.97294416e-04
 3.48742278e-04
 1.97557574e-04
 3.04358773e-04
-3.32422975e-05
-2.78292112e-04
 3.05426422e-04
 1.54495603e-04
-1.70403872e-04
-5.73013858e-04
-2.65180834e-04
 5.32234659e-04
-3.00309100e-05
 6.64036696e-06
 4.27208576e-04
 2.76650823e-04
 8.09301080e-05
 2.63005262e-04
 1.05989173e-03
 3.42402890e-04
-2.63006618e-04
-3.87909108e-04
-4.45504684e-05
 2.83060868e-04
-2.80901916e-04
-1.36634123e-04
-1.93791257e-04
 1.56364234e-04
-6.01301952e-05
 2.82865292e-04
 6.15164875e-04
-4.64907654e-04
-2.29612198e-04
-4.40978061e-04
 1.06927157e-05
 8.69923799e-04
 1.34754673e-04
 6.72985528e-05
 3.36972955e-04
 3.97041796e-04
-2.73079392e-04
-2.82144272e-04
 5.66424340e-04
 1.53767998e-04
-2.66250050e-04
 8.40144643e-05
-1.53598911e-04
-2.83625867e-04
 3.83949416e-04
 1.88653563e-04
 1.04342020e-04
 1.71420913e-04
-3.33520523e-04
 3.26716809e-04
 2.28620857e-04
-3.89161155e-04
 9.13562231e-05
-3.00897129e-04
-3.46989873e-05
-3.24076691e-04
-2.08702626e-04
 2.69498590e-04
-2.43193618e-04
 3.72878993e-04
 3.34512273e-04
 2.94804376e-04
-6.73946331e-05
-3.34090420e-04
 1.54279065e-04
 2.89855561e-04
 1.62183361e-04
-5.90449427e-05
 2.38530874e-05
-8.54887207e-06
-5.86567839e-06
-3.14171894e-06
-8.25473872e-06
 8.80606425e-06
-4.27195509e-07
-1.72831736e-07
