 5.01042723e-08
-6.60844863e-07
 2.56682088e-06
 4.38405716e-06
-1.70426128e-05
 1.04140187e-05
-6.37744023e-07
 4.54504682e-06
 1.30195407e-05
-2.22527976e-05
 3.13800736e-05
-3.40848863e-05
 7.61545987e-05
-2.34059564e-04
 6.45741766e-05
 5.76733108e-04
-3.67664181e-04
-3.01149494e-04
-1.20564232e-04
-3.14074777e-04
 3.55775420e-04
-2.47800242e-04
-5.56256219e-04
 3.48994542e-04
 5.63081399e-04
-2.21817977e-07
-1.81785832e-04
 1.35735550e-04
-6.13211671e-04
-4.97326522e-04
-3.80042842e-04
-9.44697960e-04
-4.79914048e-04
-1.15770122e-04
 4.69134469e-05
 1.76888658e-04
-4.01995685e-04
-3.96423850e-04
 5.57417763e-04
-1.54976701e-04
-6.07245324e-04
-6.50871000e-05
-1.96484802e-04
-1.96402206e-05
 2.56983141e-06
 1.71363672e-05
 5.99811618e-05
-1.37207384e-04
-1.27999045e-05
 9.83259859e-05
 5.52825826e-04
 5.03415982e-04
-6.01113820e-05
-7.10945197e-07
 7.52108473e-06
 4.39068110e-04
 2.03489732e-04
 1.74235663e-04
-3.89671487e-05
-5.15788166e-04
 3.00777041e-04
-3.78927518e-04
-1.08812950e-03
-1.91142613e-04
 3.10278388e-04
-4.41619966e-04
-3.66449373e-04
 4.01245225e-04
 8.58878247e-05
-4.50386674e-04
-1.35513237e-04
 3.42755155e-04
 1.42327892e-04
-1.79137223e-04
-1.54838821e-04
 1.28967410e-04
-6.01365030e-04
-3.37060884e-04
 4.38239801e-04
-5.91111852e-04
-2.99511935e-04
-3.61660240e-05
-4.28459445e-04
 1.05185150e-05
 2.58069218e-04
 6.21821426e-05
-1.18461003e-04
 5.47825806e-04
 4.86602280e-04
 7.49180327e-05
 1.63240051e-04
 4.12395950e-04
 4.29229548e-04
 1.27050368e-04
-4.54651685e-04
-6.80163539e-04
-2.87821131e-04
-3.40571188e-04
 2.65823501e-04
-1.90315031e-04
-2.68236457e-04
 3.48521771e-04
-2.57948874e-04
 1.29836091e-04
-1.87028889e-04
-7.98586261e-04
 3.56096385e-05
 1.26262124e-04
-1.00193956e-04
 2.89326412e-04
-9.74806743e-05
-4.26391854e-04
-1.05301975e-04
 3.72851465e-04
-1.78818484e-04
-4.29403437e-04
-1.69846342e-04
-7.61584987e-04
 2.06410001e-05
 7.85917721e-05
-1.60911407e-04
 5.89436849e-06
-1.74829218e-04
 1.39981187e-04
-3.86557117e-04
 1.18348369e-04
 4.06942524e-04
-1.46343945e-04
-7.77843193e-05
-2.65645292e-05
 1.25864482e-05
-2.99708425e-04
-4.79126343e-04
-1.50791675e-04
 4.74147938e-05
-2.37795906e-05
 7.50860564e-05
-3.90768138e-04
-7.93129240e-04
-4.93916491e-05
 5.05256655e-04
-1.07725439e-04
-5.34791144e-05
 4.24952947e-04
-1.61756591e-04
-1.42243666e-04
-3.58660390e-04
-6.87388165e-04
 4.73082464e-04
 3.98857119e-04
-1.34810059e-04
-6.20461837e-04
-2.71345255e-04
-6.85656945e-05
-8.69414539e-04
 1.55532388e-03
-7.69721519e-04
-1.08716087e-03
 3.74594265e-03
-6.32399072e-04
-2.96930296e-03
 1.95817279e-03
 2.17786534e-03
-2.46685795e-03
-3.19979545e-03
 1.16528959e-03
 3.40738184e-03
 9.72158209e-04
-2.03669524e-03
-3.34992157e-03
-2.77312223e-03
-6.70723762e-04
 1.73849764e-03
 3.23405344e-03
 3.38883427e-03
 3.47764071e-03
 3.15171496e-03
 2.49455411e-03
 1.94520230e-03
 2.25907488e-03
 3.11294214e-03
 3.29920069e-03
 3.50802357e-03
 3.33069228e-03
 2.14525607e-03
 7.01975482e-04
-1.27951698e-03
-3.10614350e-03
-2.97263796e-03
 1.31497956e-05
 3.40122379e-03
 2.27834158e-03
-1.66081218e-03
-3.55115491e-03
 4.59745043e-04
 3.18466020e-03
-1.46952278e-03
-2.49600837e-03
 2.51939268e-03
 1.24246508e-03
-3.25473395e-03
 2.27029313e-03
-3.22415019e-04
-1.93106699e-03
 3.18713928e-03
-2.06983763e-03
 1.01618443e-03
 1.98231702e-04
-2.13913086e-03
 9.40440026e-04
-8.17805285e-04
 7.87489432e-04
 6.86053995e-04
-3.67195047e-04
 6.70578044e-04
 4.10113656e-04
 2.40143282e-05
-8.79784822e-04
 6.31885568e-04
 1.38961230e-04
-2.65678479e-04
 4.49613400e-03
-3.90618259e-03
-1.76022919e-03
 7.23975988e-03
-3.23585690e-03
-4.14834191e-03
 4.47089244e-03
 3.26404556e-03
-5.44105957e-03
-5.42227080e-03
 3.73815009e-03
 6.49090200e-03
 1.67289547e-03
-5.16886718e-03
-7.18183228e-03
-3.27508773e-03
 1.48237852e-03
 4.77503092e-03
 6.14842528e-03
 6.85261705e-03
 6.23660500e-03
 4.49752505e-03
 3.35196003e-03
 2.82743867e-03
 3.47901874e-03
 4.27499280e-03
 4.75176429e-03
 6.27467943e-03
 6.98480171e-03
 6.32596526e-03
 3.54217553e-03
-1.70020718e-03
-6.23003994e-03
-6.33444436e-03
-8.33610684e-04
 5.48255523e-03
 5.94528074e-03
-1.76644718e-03
-7.32400677e-03
-1.16722545e-04
 6.64995492e-03
-1.12158377e-03
-6.08117467e-03
 4.42438055e-03
 3.67916764e-03
-7.47369725e-03
 3.84625697e-03
 1.16489814e-03
-5.08076605e-03
 4.92720618e-03
-3.47908755e-03
 7.35586902e-04
 1.64864132e-03
-4.64955459e-03
-3.31112553e-04
-8.79533894e-04
 5.31157629e-05
-2.26585061e-04
-2.06131641e-05
 4.23469880e-05
-5.23121184e-04
-6.34456327e-04
-4.53989112e-04
-1.25151328e-06
-3.13053169e-04
-1.34584212e-04
 3.40998360e-05
-1.48240331e-04
-3.47047266e-04
-5.94074813e-05
 4.76041067e-04
 5.90601338e-04
-1.09532814e-04
-9.18305197e-05
-8.94965266e-05
-5.54354034e-04
-1.71773022e-04
-5.96406937e-04
 2.97779043e-04
 1.27624059e-04
-5.31213212e-04
 9.51403005e-05
-3.95218127e-05
 5.30740169e-04
 3.96585522e-04
 2.33744288e-04
-1.45177153e-04
-3.76467139e-04
 2.58918008e-04
-1.08705786e-05
-2.21773621e-04
 1.51485908e-04
 1.89056743e-04
-1.52475864e-04
-2.30580406e-04
-4.55265019e-04
-7.49148024e-04
-5.65463777e-04
-5.32343310e-04
 1.94237897e-04
 1.44005714e-04
 1.56224759e-04
 4.49555196e-04
 3.37841761e-06
-1.55065583e-04
-5.07612890e-04
 6.80349727e-05
 1.56691446e-04
-1.89165496e-04
 1.00472843e-04
 2.39924297e-04
 1.66762269e-04
-1.22124945e-04
-9.43449224e-05
 4.29995190e-05
 1.95042796e-04
 1.54882144e-04
-3.04074911e-04
 3.01080130e-04
 6.37034956e-04
 3.38380271e-04
 1.58448426e-04
-7.84841126e-05
 2.87416140e-04
-9.26999188e-05
-1.80055469e-04
 1.44907467e-05
 1.46773899e-04
 2.58451420e-04
-5.88068306e-05
-4.06360677e-04
 2.00774738e-04
 6.89940712e-04
-1.55191518e-04
-8.00327709e-05
-1.24600561e-05
 3.42232777e-04
 6.83206245e-04
 1.32467296e-04
-2.47265233e-05
 4.68926854e-06
 6.56646479e-06
-6.88504980e-06
-1.18182473e-05
 5.45740398e-06
 1.27780355e-06
-2.96857030e-06
-6.79632488e-06
-1.27194438e-05
