 1.39358723e-08
-1.61939066e-06
 1.62179048e-06
 1.43798913e-05
 2.17022594e-06
-1.05769571e-05
 1.01677559e-05
-3.41713474e-06
 1.24863524e-05
-8.51350337e-06
-6.15479384e-06
-1.09211249e-05
 1.94000040e-05
-2.48082584e-04
-7.27868079e-04
 7.03840905e-05
 4.37463753e-04
-3.94031144e-04
-2.28191932e-04
-9.79044204e-05
 1.53009942e-04
 7.51786376e-04
 3.40726218e-05
-1.11703849e-04
 3.50337926e-04
 3.85019842e-04
 1.28009788e-04
-2.66090274e-04
 5.57204526e-05
 5.07718820e-04
 1.29389168e-04
-2.64691530e-04
 4.42306793e-04
 6.17617508e-04
-3.41449680e-04
-7.74785030e-04
-6.93883061e-04
-2.19295346e-04
 2.05503377e-04
 3.46295815e-04
 5.90262387e-04
 3.14697316e-04
 1.70761260e-04
 9.21395746e-05
 2.49487238e-05
-1.79432686e-04
-9.13071564e-05
-6.92693630e-05
-2.19787057e-04
-8.70500299e-05
-1.63800079e-04
-2.30016054e-04
-2.49013350e-04
 2.27040866e-04
 3.06226022e-04
 1.83534821e-04
 6.20448209e-05
 6.17347818e-05
 5.69945424e-04
 4.71510631e-04
 1.34758834e-04
-7.97044956e-05
 3.95044035e-04
 1.03908857e-03
 4.25724921e-04
-1.86831453e-04
 2.04485422e-04
 2.13300991e-04
-4.60832623e-05
 4.04848915e-04
 1.12940873e-04
-1.23476233e-04
 3.26725241e-04
 5.52442288e-04
 2.18987525e-04
 3.82746686e-05
 3.85965634e-04
 4.00763279e-04
 7.53187328e-05
-3.00815371e-04
-6.81655986e-05
-1.75281720e-04
 2.20774642e-04
 7.03179490e-05
-3.38949935e-07
 8.35786371e-04
 2.12390765e-04
 5.04003981e-04
 3.75988874e-04
-1.74062913e-04
 2.15118404e-04
 4.47863706e-06
 2.20584990e-04
-4.68892062e-05
 1.56094445e-04
 2.03017649e-03
-1.41650339e-03
-1.33274133e-03
 2.99027635e-03
-1.52423750e-03
-2.28060816e-03
 2.52486108e-03
 2.07457096e-03
-1.98230036e-03
-2.56093537e-03
 1.26293686e-03
 3.47409406e-03
 1.74554036e-03
-2.28124421e-03
-3.70102276e-03
-2.22596224e-03
-1.17224055e-04
 2.06958583e-03
 3.16452667e-03
 3.45784477e-03
 3.14775650e-03
 3.03358907e-03
 2.95644294e-03
 2.44876201e-03
 2.23935766e-03
 2.50128366e-03
 3.40227185e-03
 3.67779366e-03
 3.53164416e-03
 2.76707591e-03
-6.59742012e-05
-1.72729487e-03
-3.06774867e-03
-2.85231636e-03
 8.93545717e-04
 3.42107810e-03
 2.17593419e-03
-2.01061337e-03
-2.98656245e-03
 5.32068500e-04
 2.22098170e-03
-1.54926998e-03
-3.12694448e-03
 2.85601622e-03
 1.44806345e-03
-3.88201629e-03
 2.39073559e-03
-3.99401466e-05
-2.02952938e-03
 2.57902863e-03
-1.86033997e-03
 8.87188787e-04
 6.14780753e-04
-1.33209075e-03
 8.55205352e-04
-7.92539310e-04
-2.05830605e-04
 2.87721251e-04
-2.52078903e-04
-1.47213425e-06
-2.03168777e-04
 2.03303699e-04
-3.77495099e-04
 1.50318460e-04
 1.52838271e-04
 5.36324230e-04
 4.55146596e-03
-3.93616578e-03
-1.85096945e-03
 6.89671275e-03
-3.73364121e-03
-4.69505389e-03
 4.99038359e-03
 3.81283767e-03
-5.54400871e-03
-5.37641404e-03
 3.90067939e-03
 6.84980429e-03
 1.23225431e-03
-5.21982788e-03
-6.65415288e-03
-3.87053997e-03
 1.19587002e-03
 5.22104274e-03
 6.58073547e-03
 6.63841324e-03
 5.75651248e-03
 4.22708407e-03
 3.30236446e-03
 2.69235466e-03
 3.23343073e-03
 4.39457391e-03
 5.06897538e-03
 6.92849479e-03
 7.12762606e-03
 5.65193961e-03
 2.93706629e-03
-2.15437849e-03
-6.64458582e-03
-6.43913855e-03
-2.00757326e-04
 5.57647341e-03
 5.42996445e-03
-1.88531717e-03
-6.96667125e-03
 7.80776632e-04
 6.70906778e-03
-8.69562527e-04
-6.33632476e-03
 3.16249375e-03
 3.64436776e-03
-7.27268350e-03
 3.75210883e-03
 1.02987887e-03
-4.80918253e-03
 5.51882468e-03
-3.58936129e-03
 4.51559061e-04
 1.21846694e-03
-4.69114535e-03
 9.58881121e-04
-6.26021763e-04
-3.15095781e-04
-4.02979139e-04
-3.01419773e-04
 4.29803204e-04
-4.95980229e-04
-4.22224639e-04
-2.21565940e-04
 1.08007705e-04
 5.59328892e-04
 3.90572198e-04
-8.88136299e-06
-1.75683564e-04
-4.11753233e-04
-3.90322906e-04
 5.65824819e-05
 3.13176312e-04
 3.05564324e-04
 1.90309092e-04
-5.53920942e-04
 2.68621163e-04
 1.53936768e-04
-1.74559026e-04
 2.94676892e-04
-2.07944732e-04
 5.53819771e-04
-1.31346475e-04
-2.45339061e-04
 5.68425364e-05
-2.41904695e-04
-2.96753884e-05
-1.89924328e-04
-4.77017787e-05
-1.14144920e-04
 4.84413973e-04
-3.98715242e-04
-1.08824709e-03
-6.43104880e-05
-5.98078643e-06
 1.56572038e-04
 5.41647778e-05
 2.82352374e-04
 4.84365088e-04
 7.41484985e-05
 4.62146177e-04
-1.95037059e-04
-2.33946263e-04
 1.81786630e-04
-4.14295211e-04
 5.71084381e-05
 3.31048378e-04
 5.46894075e-05
 1.61163968e-04
 2.34539520e-07
-5.20340586e-04
 7.39176546e-04
 6.47941956e-04
-6.09579411e-04
 4.30552224e-04
 4.40733067e-04
-1.22839960e-04
-2.92171636e-04
-2.15530612e-04
 3.86245026e-04
 1.61311410e-04
-4.99306025e-04
-8.51020551e-05
 3.07495899e-04
-1.46740449e-04
-4.19443124e-04
 1.41896945e-04
 2.85489796e-05
-3.92083856e-04
-5.49314014e-05
-2.54442938e-04
 5.47741822e-04
 2.46456675e-04
-5.10412157e-04
-5.10662651e-05
 5.58647303e-05
 2.29715557e-04
 2.09840617e-04
 4.55753024e-04
 4.98112295e-05
-2.65784550e-04
 3.59740913e-05
 4.07141737e-04
 4.80605152e-05
-3.51181461e-04
 5.33939756e-04
 5.08629483e-04
-4.41239032e-04
-2.62176560e-04
-7.68289037e-06
-2.44683439e-04
 4.51353385e-04
-5.96412900e-05
-5.69255025e-05
 1.80304642e-04
-5.00005718e-04
-1.77711253e-04
-1.50608611e-04
 5.00062947e-04
 6.90694977e-04
 1.60989104e-04
-4.16336665e-04
-1.25926813e-04
 2.26222481e-04
-6.17109562e-04
 1.98413297e-04
 6.36509574e-05
-5.83080302e-04
 2.12732103e-04
 8.95847177e-05
 2.04943156e-05
 8.22902415e-05
-5.19043803e-05
-1.20405576e-04
 1.19534140e-04
 4.22991215e-04
 1.45444921e-04
-2.91912728e-04
-3.07897407e-04
-2.84908197e-04
-3.15259297e-04
-2.78056120e-04
 1.77639499e-04
 2.85633013e-04
 7.43361256e-05
 1.11083308e-04
-3.21259675e-04
 4.73142877e-05
 5.37649226e-04
 3.03654915e-04
-6.21575767e-04
-3.90917762e-04
 2.30116212e-04
 8.74425540e-05
-1.32113182e-04
-3.68013693e-04
 4.22376193e-04
 1.64654623e-04
 1.18155371e-04
 5.14104616e-04
 3.43291890e-05
 4.49606741e-06
 1.24078006e-05
-1.54467628e-05
 1.03791076e-05
-6.65785259e-06
 1.22352028e-05
-1.38467084e-05
-1.13671971e-06
-2.22432643e-06
