-1.89742376e-09
 2.77803617e-07
-3.39563411e-06
 4.46659183e-06
-1.99789809e-06
 2.60912798e-06
 6.76524269e-06
 1.49173618e-06
 1.26114176e-05
-3.69711334e-05
 4.82546658e-05
-5.19958093e-05
 7.52900377e-05
 6.24393967e-05
-1.57687059e-04
 3.33715319e-05
-2.49989539e-04
-1.97355180e-04
-4.68922204e-04
 3.60533101e-04
 4.65569912e-04
-6.38372557e-04
 1.32647494e-04
-2.83582424e-05
-2.53451086e-04
-3.07868541e-04
-2.71194422e-04
-1.41560073e-07
 9.28199257e-05
 1.47401579e-04
 8.37809055e-05
-8.59245281e-05
-6.50722313e-04
-3.82558172e-05
 1.71781744e-04
 3.23112565e-04
 1.47048633e-04
-1.74453555e-04
 6.68364009e-04
 3.09664248e-04
-2.23032454e-04
-1.67132189e-04
 3.20284493e-04
 1.57595624e-04
-1.41135658e-03
 6.02792467e-05
 8.32430087e-04
-2.06547213e-03
 1.79420527e-03
-7.23652004e-04
 1.30014035e-03
-2.98723836e-03
 2.15219734e-03
 1.70042815e-04
 2.02326111e-03
 4.20083547e-02
-2.98184336e-02
-2.40218166e-02
 6.16937997e-02
-2.23386942e-02
-4.65717169e-02
 4.13020353e-02
 3.93652225e-02
-4.20447649e-02
-5.14513675e-02
 2.09011837e-02
 5.87301786e-02
 2.48554851e-02
-3.62552009e-02
-6.35302243e-02
-4.22670539e-02
-1.22877062e-03
 3.47388197e-02
 5.61339594e-02
 6.23315571e-02
 5.78010862e-02
 4.87095663e-02
 4.13064971e-02
 3.83480345e-02
 4.00017782e-02
 4.54055278e-02
 5.38682143e-02
 6.17086904e-02
 5.96654944e-02
 4.28057312e-02
 1.19974327e-02
-2.94252173e-02
-6.10927859e-02
-4.97747853e-02
 5.40915142e-03
 5.43190803e-02
 4.07607454e-02
-3.05603227e-02
-5.83905733e-02
 1.65442718e-02
 5.48661905e-02
-2.15313774e-02
-4.73581095e-02
 4.51175995e-02
 1.86518027e-02
-6.06726088e-02
 4.66732525e-02
-5.06914229e-03
-3.18202723e-02
 4.68403248e-02
-3.84007117e-02
 1.83172149e-02
 1.65671259e-03
-2.05206301e-02
 2.41035495e-02
-1.28932348e-02
 7.26070059e-03
-1.41402127e-03
-3.49233622e-03
 5.32929430e-03
-4.66277480e-03
 5.42995400e-03
-7.68088335e-03
 6.08662313e-03
-1.50436033e-03
 3.43038431e-03
 7.67995672e-02
-6.85668457e-02
-3.51911311e-02
 1.20424559e-01
-6.13030330e-02
-8.22982266e-02
 9.30722285e-02
 6.32859850e-02
-9.64677046e-02
-8.84567846e-02
 6.13971947e-02
 1.15591043e-01
 2.98558760e-02
-8.80339418e-02
-1.24129630e-01
-6.56259897e-02
 2.15211226e-02
 8.66569414e-02
 1.18510833e-01
 1.19929812e-01
 1.01169200e-01
 7.79534720e-02
 6.13187062e-02
 5.55660306e-02
 5.83521070e-02
 7.03333915e-02
 9.19219567e-02
 1.13968079e-01
 1.22407289e-01
 1.02854151e-01
 4.99155357e-02
-3.16519521e-02
-1.09912221e-01
-1.14996338e-01
-1.90006904e-02
 9.53193739e-02
 1.01209578e-01
-3.22199103e-02
-1.24452739e-01
 1.55428528e-03
 1.15802773e-01
-1.47719939e-02
-1.07538265e-01
 6.55708670e-02
 6.81960630e-02
-1.24087977e-01
 6.82227457e-02
 2.24660114e-02
-8.51241785e-02
 9.60288168e-02
-6.30696915e-02
 1.61136539e-02
 2.35494416e-02
-5.54978589e-02
 4.28080226e-02
-1.76046902e-02
 8.42613199e-03
-2.35305626e-03
-3.23365582e-03
 5.44323212e-03
-6.31096785e-03
 4.69742462e-03
-2.51165425e-03
 1.74675139e-03
 4.68666027e-04
-2.93625041e-04
-2.45323947e-04
 1.06799092e-05
 2.52193541e-04
 2.98579330e-04
 1.77097193e-04
-1.20180786e-04
 4.72643699e-04
 6.03794451e-04
-2.30656908e-04
-4.43302254e-04
 1.67835996e-04
 6.90392144e-05
-3.08801067e-04
-6.73834874e-04
-6.52744674e-04
 2.04887476e-04
-5.44356743e-05
-1.80171874e-04
-1.72429001e-04
-1.03962014e-04
 4.30839021e-04
 1.47157306e-05
-4.58994525e-04
-1.02643881e-04
 5.27805997e-05
-1.12759552e-04
-1.35615063e-04
-3.48463098e-04
 4.37198965e-04
 5.37315673e-04
-1.51797103e-04
-2.10489400e-04
-3.07771915e-04
-1.60319335e-04
-2.03057393e-04
 6.94756058e-05
 1.28267412e-04
-3.81452933e-04
-4.73058845e-04
-5.80430470e-04
 1.87200992e-04
 3.64965603e-04
-2.13489126e-04
-7.01099519e-04
 8.04318150e-05
 9.58894239e-05
-9.27235301e-04
 3.52240451e-04
-1.07033332e-04
-6.10296170e-04
-4.29358136e-05
-2.65746960e-06
 2.30114534e-04
-4.18025253e-05
-1.26154341e-05
 3.60563850e-04
-2.69793661e-04
-1.65284754e-04
 5.23786324e-04
 2.66245918e-04
-1.63018920e-04
 4.88868204e-05
 7.68338147e-06
-5.35866681e-04
 6.17006166e-06
-9.87663597e-05
 5.17756041e-05
 2.54965516e-04
 5.27374613e-04
 2.36599979e-04
-5.80991049e-04
-5.11996039e-04
-4.64819062e-04
-3.72672973e-04
-3.40879771e-04
 1.88095693e-04
 1.24273298e-05
 1.76197071e-04
 3.58295851e-04
 2.03920583e-04
 1.77136652e-04
-3.22136981e-04
 2.52266310e-04
 3.40477689e-04
 1.82035917e-05
 2.54968655e-04
 1.19135373e-04
 5.40400843e-05
 3.46328123e-04
 7.27569677e-04
-1.26840443e-04
 2.59534451e-04
 4.46817001e-04
-3.67328722e-04
 1.17295353e-04
-1.26692715e-04
 5.58249255e-05
-7.23874093e-05
-2.82241598e-04
 1.80351109e-04
-1.66854995e-04
 2.41604929e-05
 8.06725336e-05
-1.05383680e-05
 9.76413881e-05
 2.08481870e-04
 5.52603937e-04
 6.30234826e-05
 3.44870853e-04
 3.68222374e-04
 7.86009518e-05
 4.52269506e-04
-1.75676211e-05
 4.72047445e-04
 3.90379881e-04
-3.40418417e-04
-5.23437632e-05
-4.68391947e-04
-8.26921830e-05
 3.82086775e-04
-1.35496978e-04
 2.50685362e-05
 2.14410041e-04
-7.06470877e-05
 1.85866673e-05
 1.09485347e-04
 1.01858052e-04
 1.16025182e-04
-1.10244594e-04
-1.68160521e-04
-2.63498180e-04
-2.21784199e-04
 1.07706726e-04
-5.53516917e-05
 1.48880138e-04
 4.86616970e-04
-2.95660356e-04
-5.50786134e-05
 4.57485783e-04
-2.69120974e-04
 2.25081282e-04
 3.67972443e-04
 1.75381724e-04
 4.72290429e-04
-3.21695895e-04
-1.59523168e-04
 7.75407376e-05
-3.71413285e-04
-4.88161837e-04
-4.66821513e-04
-3.85059481e-04
-3.67824426e-04
 5.80492765e-04
 2.76966478e-04
 1.06465419e-04
 1.24030785e-04
-2.84867394e-04
 6.58462067e-04
 1.77710691e-04
 6.94805927e-05
 2.99323290e-04
-5.15355260e-04
-7.86787848e-04
-2.29622071e-05
 6.00849095e-04
 3.75107217e-04
 2.52766541e-05
-2.88657713e-04
 1.25396415e-04
 6.10704107e-05
-1.80881425e-04
-1.67288155e-04
-1.08679777e-04
 1.00604427e-04
-4.78340286e-05
 6.10561760e-06
-7.75877707e-06
-3.16504622e-06
 1.35024466e-05
-1.24388056e-05
 7.54019090e-06
-2.17642046e-06
 6.95549071e-06
