 1.51265570e-10
 2.61638729e-06
-4.54483482e-06
-2.44185181e-05
 6.71258606e-06
-1.78988662e-05
 1.43595714e-05
-1.12789012e-05
 3.69983874e-06
-6.19723274e-06
-1.40158649e-05
 4.83685578e-05
-1.14559035e-04
 6.47071865e-04
 9.19813357e-04
 7.02023635e-05
 1.15499779e-04
 6.24203357e-05
-1.46657299e-04
 4.33490234e-04
 1.82972995e-04
-1.44843061e-04
-1.12579442e-04
-6.59131704e-05
 1.69423176e-04
 9.33481950e-05
 4.95588567e-04
 3.58622279e-04
-2.74465679e-04
-1.33777188e-05
-3.72021652e-05
-4.78387915e-04
-2.63442874e-04
-2.36578356e-05
 2.33389645e-04
-1.52426054e-04
-6.98141891e-04
-3.71104301e-04
-1.69378359e-04
 1.11244697e-05
-3.59454032e-05
 1.87590856e-04
 2.51121632e-04
-2.64168746e-04
-1.48284355e-04
-6.84444431e-05
 1.88503732e-04
 3.49891519e-04
 1.41326299e-04
 1.11562368e-04
 6.35969940e-04
 5.31623079e-04
-4.28154566e-04
 1.85902033e-04
-2.20016716e-03
-2.14677420e-03
 8.31650475e-04
 6.06954161e-05
 5.31499385e-04
 1.73473592e-04
-1.30348747e-04
-8.84081718e-05
-4.39246082e-04
 1.35032989e-04
-2.71418693e-04
-1.86393167e-05
 1.99186187e-04
-1.84789776e-04
 3.43323195e-04
 1.22556329e-04
-3.72546967e-04
 2.45886210e-04
 5.35154739e-04
 5.24115474e-04
-3.77944605e-05
-2.94637570e-04
 1.17902072e-04
-3.72178440e-04
-5.41143193e-04
 2.03273538e-04
 2.75510947e-05
-3.19331452e-04
-2.51971075e-05
 1.63833483e-04
 2.94060050e-04
-2.22622653e-04
-2.38380657e-04
-2.91279399e-04
 3.31557585e-04
 4.21098130e-05
-6.69825663e-04
 3.84600681e-05
 3.58804039e-04
 4.32052849e-04
-5.39107066e-04
 8.91321881e-05
 2.15139415e-04
-7.40677970e-05
 4.61657092e-04
 1.34757563e-04
 4.46237273e-04
-8.97831314e-05
 5.16827790e-04
-1.70074287e-05
-5.94254415e-04
 2.97536235e-04
-2.87591984e-04
 8.61593627e-04
-2.03497336e-03
-2.80924702e-03
 2.48415625e-04
-7.87920051e-05
 5.98694695e-05
 3.37661730e-04
-2.88579541e-04
-5.02766086e-04
 1.20482093e-04
 4.29273552e-04
 9.44911235e-04
-8.30937605e-04
 2.17922912e-03
 3.13950061e-03
-1.14378470e-03
-3.16853771e-04
-4.51816814e-04
-1.24954793e-04
 5.83695248e-04
-1.12249481e-04
-1.48662564e-04
-2.59342588e-04
 9.40651836e-05
 4.43331621e-05
-3.77485413e-04
-2.44213109e-04
-5.65458601e-04
-4.39234714e-04
 4.67186354e-05
-1.37165475e-04
 7.12205300e-04
 7.63841623e-04
 2.30832747e-04
 6.94555843e-05
 9.97910989e-05
 6.31336565e-05
-5.90868315e-04
-4.81844922e-04
-4.66467995e-04
-3.56270302e-04
-6.17906102e-04
-6.05357583e-04
-3.28034186e-04
-3.22471246e-04
-4.24588458e-04
-1.55317762e-04
 2.28128949e-04
-4.94689159e-04
 2.24058811e-06
 4.41432006e-04
 1.71006580e-05
-3.52766265e-04
-4.78758472e-04
-2.23289792e-04
 9.93162214e-05
 4.04903756e-05
-9.75515464e-05
-1.45096893e-04
-1.23927898e-04
 1.36442629e-04
-5.75367467e-04
-1.83333649e-05
 1.43745679e-04
 4.13260945e-04
-2.28873727e-04
 2.33804410e-05
 7.12140736e-04
-1.60382982e-03
-4.90606615e-05
 3.42378560e-04
-1.89830991e-04
-2.52929604e-04
-4.75606344e-04
 2.65406868e-04
-2.79452398e-04
 1.48506708e-04
-2.71938122e-04
-2.43113595e-04
 6.91801894e-05
-3.71652673e-04
 4.48638895e-04
 2.20916231e-04
-1.86481566e-04
-3.10718720e-04
-4.07548417e-04
 5.96640688e-04
 1.49071659e-04
 3.34496003e-04
 3.42634118e-04
-5.78042380e-04
 6.87204010e-05
-3.67721539e-04
-1.84778481e-04
 3.58941671e-04
-6.90550062e-05
-1.24111296e-04
-1.18679813e-05
 3.57129257e-04
 1.50814776e-04
 6.82162393e-05
-1.42507598e-04
 6.72410431e-05
 5.21891200e-04
 1.17094415e-04
 6.71170017e-05
 1.70765064e-04
 9.99741744e-05
-1.04851404e-04
-9.07957581e-06
 2.74234282e-06
-1.46702869e-04
-4.02503193e-05
 2.06063805e-04
 3.28083507e-04
 1.72130225e-04
-1.90462743e-04
-7.70269593e-04
-3.68904989e-04
-3.02696126e-04
-9.77836571e-05
 2.55896098e-04
 6.37796693e-05
 3.16749913e-04
 3.06798172e-04
 2.63559161e-04
-1.32411059e-04
-3.10266319e-04
 1.22521883e-04
 3.71263432e-04
 4.78539888e-05
-3.12850008e-04
-2.23027774e-04
 5.39094060e-05
-1.02467165e-04
-3.26153311e-04
-9.61934156e-05
 9.39747235e-05
 1.22172964e-04
-2.11730338e-05
-3.62476701e-04
-3.96241902e-04
 2.25342877e-04
 9.94284116e-05
 3.22514108e-05
-1.15635660e-04
-6.72375693e-04
-3.38863745e-05
 6.75237584e-04
 1.17712929e-04
-5.01204635e-04
 1.17231128e-04
 6.12108404e-04
 2.60886811e-04
-1.69077288e-04
 7.98449005e-05
 6.40351307e-05
-2.72372317e-04
-1.11269120e-04
 5.01602496e-06
 4.19513932e-04
 4.48980854e-04
-1.24663713e-04
-4.84000554e-04
-2.04487692e-04
 1.87750236e-04
 3.25561515e-04
 1.69728725e-04
 1.67575259e-04
 9.82180218e-05
-7.58381584e-04
 1.20579429e-04
 4.58551225e-04
-3.14892672e-04
 3.43471115e-04
 1.38743641e-04
 1.75291457e-04
 5.65499334e-04
 1.31579519e-04
 2.16893819e-04
-1.25060085e-05
-5.60329084e-05
 2.01788058e-04
 2.38978053e-07
-3.29149072e-04
-2.86908206e-04
 3.47719817e-04
 3.05227680e-04
 1.47051049e-04
 1.06466681e-04
-1.26519443e-04
 3.81005289e-04
 4.26560187e-04
 1.46500104e-04
 1.37536275e-04
-6.17973711e-05
 1.67712894e-04
 3.58862674e-04
-2.44240621e-04
-3.01506000e-04
 5.62635411e-05
-1.67785375e-04
 8.20616063e-05
 3.44240623e-04
 4.22751781e-04
-1.19494858e-04
-6.17810904e-04
 1.76912056e-04
 2.68063457e-04
 4.07162131e-04
 5.19390512e-04
-1.69084974e-04
-2.49455003e-04
-1.84080682e-04
 1.93644875e-04
 4.12431908e-04
 4.42436025e-04
-1.27780437e-04
-2.54437122e-04
 1.71609889e-04
 1.10793141e-04
 3.19101738e-04
-4.22597405e-05
-3.21475691e-04
 4.82581393e-05
-1.64850199e-04
-1.78623943e-04
 3.21722023e-04
 1.41792865e-04
 3.62601341e-04
 3.91338714e-04
 3.82945842e-04
-6.20506598e-05
-4.57843856e-04
 2.37153183e-04
-3.77635666e-04
-3.17591320e-04
-2.11649622e-04
-1.88307198e-04
 2.02853927e-04
-4.67707153e-04
-1.21821466e-04
-9.16982896e-05
-1.36634712e-04
 7.52111611e-05
 5.58923193e-04
 8.64802370e-04
 2.39769415e-04
 1.70457522e-04
-2.88253178e-05
 6.81466041e-05
-1.90579517e-04
-7.70413525e-05
 1.94454426e-04
-9.73029804e-05
 5.11370732e-05
-3.99177990e-05
-5.13308605e-06
 1.03080089e-06
-1.05312360e-05
 1.19153940e-05
-1.07190090e-05
 1.17641260e-05
