 2.58113489e-08
 3.35478777e-08
-1.19963771e-06
-4.97865219e-06
 9.05657908e-07
-9.62077286e-06
 2.65842982e-06
-8.08888032e-06
 1.50583870e-05
 8.57759997e-06
-1.34764862e-05
 2.80664197e-05
-5.05032436e-05
 2.28696021e-04
 9.60082787e-05
 1.94087021e-04
 1.92640747e-04
 1.27182725e-04
-3.62223001e-05
-7.69036494e-04
-8.86610245e-05
-5.11405262e-05
 3.55870442e-04
 7.48291921e-05
-3.50454517e-04
 8.76551805e-04
 5.78241163e-04
 1.44035158e-04
 2.45835964e-04
-4.55108007e-05
-2.25816063e-04
 5.83970372e-05
-2.27027891e-04
-1.95332808e-06
-2.39468710e-04
-4.61634605e-04
 2.13858599e-04
 3.69559859e-07
 1.10156448e-04
 1.89896745e-04
 1.59187141e-04
-3.88303858e-04
-5.41748350e-04
 2.67044761e-04
 1.62008248e-04
 8.94237189e-05
 8.38859726e-05
-4.32555325e-06
 9.92440124e-06
 3.66253569e-04
 6.56083029e-04
 1.06382475e-04
-3.95584095e-04
-8.57665690e-07
-5.93209198e-04
-1.73421645e-03
-8.02870002e-04
 7.47108109e-05
-3.77315382e-05
-7.25948510e-04
 3.05471201e-04
 4.57982628e-04
-5.62028612e-04
 2.77790209e-04
-1.15221781e-04
-1.05494207e-04
 5.67501109e-04
 1.36496665e-04
 1.20724378e-04
 8.10367213e-07
 5.19958882e-05
-9.79108946e-05
-1.90357592e-04
 4.88253535e-04
 2.15898282e-04
 2.09185731e-04
 3.23744300e-04
 2.74691468e-04
 1.03251016e-04
-2.12430860e-04
-2.01084805e-04
-4.23291103e-04
-1.11035498e-04
 1.19498777e-04
-8.84849316e-05
 6.71148684e-06
-2.01218357e-04
-5.87823394e-04
-3.16178076e-04
-4.08757474e-04
-3.01037947e-04
 1.41483018e-07
-4.64212608e-04
 3.24382512e-04
 2.61159118e-04
-2.75068591e-04
 7.18835476e-04
 8.03895052e-05
-3.41449616e-04
 2.14971004e-04
 7.72910303e-04
 7.21940111e-04
 8.94135195e-05
-1.39167011e-04
-6.38261255e-04
-5.34716711e-05
 2.76430957e-05
 1.48331384e-03
-2.79532152e-03
-4.74686524e-03
 6.86591180e-04
 1.79194665e-04
 1.57330289e-04
-1.52276519e-04
-2.29977018e-04
 7.34390509e-04
 3.49430608e-04
-5.45012965e-04
 3.78337875e-05
-5.41419802e-04
 2.01373628e-03
 3.99371440e-03
-2.07146633e-04
 1.26380550e-04
-3.42826756e-04
-4.69334233e-04
 1.53254882e-04
 3.35928375e-04
 5.21302666e-04
-1.93916213e-04
 6.83630669e-04
 4.13342808e-04
-2.98246559e-04
-1.06605297e-04
 8.36676641e-04
 5.01594128e-04
-2.11938958e-04
-2.02369719e-05
 4.20540008e-04
 6.01918413e-04
 7.29754209e-05
 3.90969865e-04
-6.28074166e-05
-3.86412458e-04
 6.02948107e-04
 2.27043698e-04
-3.70583150e-04
-1.89726594e-04
-1.15132062e-04
 1.80898647e-04
 3.18461902e-04
-2.30401479e-04
-3.91882084e-04
-3.14882023e-04
-1.82604686e-04
-9.95983838e-05
-1.18569638e-04
 6.67567624e-04
 1.22552894e-04
-6.34697949e-04
 3.64441666e-05
 5.51871252e-06
-2.44546935e-04
-2.03395590e-04
-2.58124678e-04
 4.61922258e-04
-5.23554958e-05
-4.85145236e-04
-5.76131651e-04
-2.37106181e-04
 1.65354954e-04
-2.33569122e-04
 1.48397433e-03
-2.06764174e-03
 5.96439732e-03
 8.97585141e-03
-1.30831621e-03
 5.62952646e-04
-2.14857395e-05
-4.53995892e-04
 4.34183326e-07
-1.87227460e-04
-6.68358852e-05
-2.59096168e-04
 4.70540767e-04
 1.05067531e-05
 1.88983183e-04
 3.50814417e-04
-7.82050568e-05
-4.59344008e-04
 6.26243814e-04
 3.42916155e-04
-2.29782253e-04
 4.35639157e-04
-2.09700675e-04
-5.92508594e-04
-5.10903895e-05
 1.86208324e-05
 3.28009175e-04
-2.49232186e-04
-4.09969859e-04
 2.11628542e-06
 3.75535649e-05
 3.48227767e-04
-4.76846749e-05
-4.09270100e-04
 3.55541147e-05
 1.24401296e-04
-2.91824979e-04
-1.30064195e-04
-9.78539643e-05
-2.00726487e-05
-9.26772109e-05
-6.29608575e-05
-4.89641890e-05
-3.28642825e-04
 2.98209750e-04
 6.34547818e-05
-2.14338776e-05
 1.08834715e-04
 5.08805105e-04
 8.07030321e-04
-3.36470888e-04
 3.40872040e-04
 4.52628669e-04
 4.60716122e-05
 4.10198315e-06
-3.70352152e-04
 6.94294431e-06
-1.43281408e-04
-6.24446062e-04
-5.27376351e-04
 3.05063753e-04
 1.15832663e-04
-1.56979486e-04
 1.94500393e-04
 7.78591076e-05
 8.31488066e-05
 2.01200562e-04
 5.35097054e-05
 1.35866086e-05
-4.12651988e-04
-5.13358021e-04
-2.42875842e-05
-3.71310435e-04
-7.56329114e-05
 2.21789270e-04
-5.05667833e-04
 5.67924578e-05
 1.79428094e-04
-4.92608188e-06
 4.86262515e-04
-4.30367624e-04
-3.61488892e-04
 3.05771274e-04
 1.60818094e-04
-1.88119320e-04
-3.84419149e-04
 1.66431786e-04
-4.53107047e-04
-4.78126635e-04
 3.29916647e-04
-3.12365147e-04
 5.12606444e-04
 4.21316350e-04
-8.73366303e-04
-4.70233365e-04
 9.83543022e-05
 5.94414434e-05
-1.24731000e-04
 1.62500172e-04
-9.17648005e-04
-3.39645273e-04
 6.72179716e-04
 5.63938412e-05
 3.51908693e-04
-5.02264828e-04
-1.84026686e-04
 3.28255519e-04
-5.24388768e-04
-7.17009067e-05
 1.26942853e-04
-6.25475752e-04
-5.69543282e-04
-1.13090996e-04
-3.32455322e-04
 4.90687189e-07
 2.31505029e-05
 1.55301320e-04
 5.17364729e-04
 3.15594064e-05
 1.02717049e-04
-2.74727174e-04
-1.42064678e-05
 5.42507400e-04
-2.31501436e-04
-3.48120494e-04
 7.69875549e-05
 2.41024992e-04
 7.14876134e-05
-2.29943297e-04
-6.18761960e-05
 2.13737368e-05
-3.51032363e-05
-2.28837382e-05
-3.98723746e-04
 3.32275915e-04
 1.61340606e-04
-2.68038473e-04
 1.47730546e-04
-1.61167897e-04
-1.57707838e-05
 9.38950045e-05
 6.66874276e-04
 6.21204418e-04
 4.50767978e-05
 1.45492734e-04
-5.19327377e-04
-6.29052155e-04
-1.78554237e-04
 2.09810282e-04
 1.83742673e-04
-6.06794835e-04
 4.45229881e-05
 5.34564615e-04
 4.65207213e-04
 4.81528861e-04
 1.40866990e-04
 2.12628133e-04
 3.63845820e-05
-3.75388276e-04
-1.21439111e-04
-1.50816584e-04
-2.40136839e-04
 1.37877267e-04
 1.35873212e-04
 5.82706345e-05
 3.52990050e-04
 1.02015381e-04
-9.30513693e-05
 1.82815363e-04
-1.86018157e-05
 5.31189198e-04
 2.94387044e-04
-3.52188805e-04
-1.63912444e-04
 1.97463077e-04
 5.06677341e-04
-1.10643517e-04
-1.01430989e-05
 1.70672899e-04
-5.07174867e-04
-4.12693224e-04
 1.05724534e-04
-2.42919974e-04
-3.44650745e-04
-2.61682095e-05
-2.57804166e-04
-1.57210767e-04
-3.21224989e-04
-1.65317116e-04
 7.56282745e-05
-4.10287094e-05
 4.08639679e-05
-2.38753896e-05
 1.62337181e-05
 2.54595598e-06
-9.83441530e-07
 8.04873909e-06
-7.24997260e-07
