-7.86578855e-08
 8.16932332e-07
-3.53173321e-06
-1.19943566e-07
 8.99380079e-06
 3.02847792e-06
 1.12859025e-05
-2.05945470e-05
 2.68672247e-05
-3.77729171e-05
 3.27959836e-05
-2.69425689e-05
-1.03974491e-05
 1.92544628e-04
-2.20755938e-04
-3.19212503e-04
-5.10078570e-04
 2.27355662e-04
 1.12444204e-04
-7.15443420e-05
 4.50252720e-04
-2.07192746e-04
 4.07751037e-04
-4.03710935e-05
 1.44409215e-04
 6.07739558e-04
-5.17251886e-04
-8.46949112e-04
-2.81792688e-04
 2.73223419e-04
-4.03343438e-06
 1.72343200e-04
 4.02245000e-05
-1.99796378e-04
 7.47759157e-05
-3.37693291e-05
-2.46551144e-04
 7.99003672e-05
 2.42504833e-04
-3.23834199e-04
-2.86587731e-04
 1.70386069e-04
 1.54322783e-04
 6.53212000e-05
 1.09510862e-04
 3.61146927e-04
 1.33625805e-04
-8.98579098e-05
 1.15432462e-04
-5.53151482e-04
-2.28603318e-04
 2.27120302e-04
-2.80585526e-04
-1.68720458e-04
-8.26989040e-05
 1.56107811e-04
-7.36652119e-06
-9.08552389e-06
 9.97427147e-05
 2.73181067e-04
 7.55290913e-04
 4.51779998e-04
-1.16842659e-04
-2.90960163e-04
-2.28043125e-04
-2.73746346e-04
-1.25747678e-04
-1.93972565e-04
-2.95327272e-04
-1.62042493e-04
-2.09766039e-04
-4.67875868e-05
-8.70881722e-05
-2.15874607e-04
-2.09476300e-04
-1.85450464e-04
-7.62147925e-05
-3.14214132e-04
-1.87859044e-04
-8.85975456e-05
-3.92072901e-04
-3.23996592e-04
 1.33765616e-04
 5.62134091e-04
-6.47835824e-05
-3.19752009e-04
 3.25084251e-04
 1.95795357e-04
 3.51384872e-05
-1.61577492e-04
-3.79369195e-04
-5.50128778e-04
-4.65978880e-04
 5.40960974e-05
 1.40033582e-04
-8.74968286e-06
-1.62658190e-04
-3.63047756e-04
-3.02331185e-04
 2.88605209e-05
-2.72006472e-04
-5.08743405e-04
 6.71401564e-04
 7.29998868e-04
-1.21783122e-04
 1.39263359e-04
-2.43395144e-04
-4.34001368e-04
 1.10165640e-04
-2.56794375e-04
-9.75317937e-05
-1.07688584e-04
 8.86413650e-05
 5.66075672e-04
-1.33739780e-04
-7.46057147e-05
-3.60079225e-04
-1.51851312e-04
-1.51380567e-05
-7.26971087e-04
 1.97817173e-04
 2.80698984e-04
-2.66727738e-04
-1.72268852e-05
 1.84754189e-05
 1.35424839e-04
-1.67640462e-04
 6.16112031e-05
-2.78324924e-04
 4.51780330e-05
 3.98346906e-04
-5.52759941e-04
-3.84403593e-04
-4.34305066e-04
-4.78996350e-05
-1.16620244e-04
-6.13369451e-06
 4.17819870e-04
-5.44373116e-05
-1.35283186e-04
-3.21441528e-05
 2.18530071e-05
 4.77555086e-04
 1.25341790e-04
 6.65222770e-04
 1.33362943e-03
-1.44762870e-04
 2.71014785e-04
 7.59103285e-04
 8.40747692e-05
 4.97777631e-05
 6.44225653e-04
 7.46323964e-05
-3.05364210e-04
-1.74021664e-04
-9.57344346e-04
-3.45843099e-04
 1.59274364e-04
 3.40240106e-04
-3.37048953e-04
-3.37892304e-04
 3.81155067e-04
-2.16995056e-04
-7.55680342e-05
-6.21665308e-04
-1.43901230e-04
 1.56125063e-05
-6.42442975e-04
-1.37286721e-04
 1.44079006e-04
 6.25094913e-04
-2.89087479e-04
-3.20256032e-04
-3.16764601e-04
-5.60912247e-04
 5.05645341e-04
 1.27843446e-04
-1.75824386e-04
 5.29176421e-04
 3.47594731e-04
 8.33469389e-06
 6.77982980e-04
 3.88686834e-04
-1.36631863e-04
 3.08039080e-04
 2.48355261e-04
 2.63320673e-04
 4.31028537e-04
-1.30552122e-04
 8.73378504e-05
 1.94266489e-04
 1.16465383e-04
 1.65710780e-04
-1.50320792e-04
 2.16324021e-05
-3.76535448e-04
 4.36104711e-04
-1.02182064e-03
 1.92065489e-03
 3.84189204e-03
-2.78083782e-04
 6.75352774e-04
 2.91022737e-04
-3.50117328e-05
 6.58126270e-05
-3.16803139e-04
 2.89324305e-04
-6.53635553e-05
-4.64905749e-04
 5.15485795e-04
-2.04061792e-03
-3.22269017e-03
-4.15836516e-04
 3.82113406e-05
 3.81698257e-04
 1.10376407e-04
 9.86285590e-04
 1.04316513e-04
-2.72574648e-04
 7.30166279e-04
-3.34660739e-06
-1.18302339e-04
 4.51018217e-04
 4.10272269e-04
-3.15815749e-04
-7.72142805e-05
 3.58790940e-04
-9.57446998e-05
 1.30343708e-04
 5.50768260e-04
-3.16795547e-04
 8.14593698e-05
 3.21394876e-04
-1.21636859e-04
-3.58335154e-04
-1.01486976e-04
 6.32852973e-05
-5.28950303e-04
-1.49800200e-04
-5.72117332e-05
 2.01918593e-04
 2.59271369e-04
 1.52225765e-04
-5.07229498e-05
-3.20560186e-04
 1.76547454e-04
-4.20039786e-04
-6.61560807e-04
 2.19662683e-04
 7.58890964e-04
 2.77995405e-04
-6.82056582e-05
-2.10715369e-04
-3.99685208e-04
 3.16763299e-04
 1.13692968e-04
 3.92166842e-04
-3.38572205e-05
 2.22658893e-04
 1.60197195e-05
-4.06802172e-04
 5.95659640e-04
-1.69182310e-03
 1.89481344e-03
-5.73366428e-03
-8.88229981e-03
 1.82969054e-03
-6.35157152e-05
 2.98229062e-05
 3.11464431e-04
-4.55420828e-04
-1.41428715e-04
-2.17570654e-04
 8.32151509e-04
 2.65458267e-04
-4.03166161e-04
 2.75543724e-04
 5.50470152e-04
 2.07770191e-04
 2.00174590e-04
 7.38982271e-06
 2.94524323e-04
 4.45637464e-04
 1.50325336e-04
-2.46001425e-04
 1.54550720e-04
 3.45886815e-04
 3.43820484e-05
-1.28802559e-06
 2.15700822e-04
-2.37610848e-04
-1.31123131e-04
 6.52683195e-04
 1.10200376e-04
 3.53872003e-04
 4.52258781e-04
-6.05691928e-04
-5.76372226e-04
 2.65597515e-04
 2.86589447e-05
 7.81396612e-05
 5.75830943e-04
-2.97882917e-04
-3.45944204e-04
-4.35736446e-04
-2.22391499e-04
 5.70650726e-05
-2.07776781e-04
 3.02448806e-04
 2.67426152e-04
-1.29922970e-05
 1.10367409e-04
 1.07271127e-04
-1.15579446e-04
-5.88341730e-05
-1.66807823e-04
-2.97525177e-04
-7.95643590e-05
 1.34317185e-04
 1.01413767e-04
 1.56989986e-04
-1.66822304e-04
-3.53133307e-04
 4.71221804e-05
-3.16927195e-04
-1.57892053e-04
 4.27432846e-04
-1.55921210e-04
-5.13206708e-04
-5.53996088e-04
-2.05056184e-04
 5.66608453e-04
-1.97652726e-04
-2.50837147e-04
-1.09289728e-04
-8.99348412e-05
 3.57182572e-04
-3.54809369e-05
 2.10550280e-04
-3.80443715e-04
-3.79638637e-04
 4.78159056e-04
 9.05912713e-05
 9.18668458e-05
 4.34000910e-05
-3.13130744e-04
 4.06730283e-05
-2.81922534e-04
-3.79997725e-04
-1.73588657e-04
-2.20519691e-04
 2.45758323e-04
-4.05642631e-04
-2.38910093e-04
 2.75231513e-04
-2.56565078e-04
-3.85897015e-05
-2.34829317e-04
 5.25758717e-05
 5.80348615e-04
 1.03735446e-04
-2.10676136e-05
 1.01980484e-05
-3.99262075e-06
 1.38741372e-05
-1.42617516e-05
 1.18734623e-05
-2.48435995e-06
 3.24487213e-06
-2.15817846e-06
