-3.78294920e-08
-3.33541773e-07
 2.71943762e-06
 8.99106315e-07
-9.95308449e-07
-2.00854288e-06
-4.05707691e-06
-8.59083074e-06
-6.86523389e-07
 8.38134859e-06
 5.88172129e-06
 6.25103253e-06
-3.65433823e-05
-1.23398382e-04
-3.86300149e-05
 1.42433758e-04
 1.15771834e-04
 3.09796181e-04
 3.54434857e-04
-1.21837888e-04
-5.08276834e-04
-3.73937058e-04
 2.51334566e-04
 1.26417219e-04
-2.75567383e-04
 2.90424628e-04
 1.06936958e-08
 4.90464957e-05
 1.03862805e-05
-2.56539133e-04
-2.16307000e-05
 4.53657994e-05
 1.00008965e-04
-7.94660952e-05
 5.92301409e-04
 1.50296508e-04
 2.96546032e-04
 3.09616724e-04
-1.70940318e-04
 3.54868528e-04
-2.70379011e-04
-3.00014937e-04
-2.84682638e-04
-1.42060155e-04
 3.73822064e-04
 5.20565515e-05
 5.11273605e-04
-2.44739939e-04
-3.57628654e-04
 5.48083186e-05
-2.69620325e-04
 5.76888068e-04
-2.39049258e-04
-5.68295985e-04
-2.00238596e-04
-2.39851870e-04
-4.11361368e-05
-2.58044034e-04
-3.52805067e-04
 3.79234953e-04
 3.77452569e-04
-3.19592057e-04
 3.14444573e-04
-3.38185419e-04
-5.54593953e-04
 2.95317157e-05
-4.85767990e-04
-1.87082930e-04
-2.10866478e-04
-2.24804238e-04
 1.52270063e-04
-2.47810365e-04
-1.54408075e-04
 5.27554839e-05
 1.22428770e-04
-3.45541822e-04
-3.99907511e-04
 3.46685052e-04
-7.16325246e-07
 3.19317455e-04
 3.49542567e-06
-4.10023773e-04
 8.12791169e-05
 1.37914860e-04
 6.24557066e-04
 4.47750210e-04
 1.80355626e-04
-9.88680881e-05
-1.18338252e-04
 4.76521347e-04
 2.38459560e-04
 2.97303096e-06
 4.25615882e-04
 2.93578894e-04
-7.96347355e-06
-4.67991940e-05
-3.13328346e-04
-9.37616921e-05
 1.66308250e-04
 3.70696432e-04
 2.84557098e-04
 2.09853912e-04
 3.51389272e-04
 2.51207304e-04
-1.00177843e-04
-1.66687412e-05
 1.62456664e-04
-3.56040863e-04
 6.03927509e-05
 1.14002288e-04
-4.88490894e-04
 1.17037058e-04
-1.19582414e-04
 6.61877937e-06
 5.45593794e-04
 2.08476249e-05
 2.08808878e-04
-7.72292060e-04
 5.27148052e-05
 6.17711466e-04
-6.19824216e-04
 1.71891331e-04
-2.58925108e-04
 8.07339785e-04
-1.17648814e-03
-4.55170637e-04
 2.34497806e-03
-2.97759604e-03
 5.42018054e-04
 3.85841927e-03
-2.26861747e-03
-2.61112036e-03
 2.78457789e-03
 3.01057135e-03
-2.27637028e-03
-3.29822644e-03
-8.97920794e-05
 3.51149111e-03
 2.84944410e-03
 3.68180579e-05
-2.41737278e-03
-3.93913281e-03
-2.31317423e-03
-1.02444142e-03
 4.19627970e-04
 1.82007021e-03
 2.40040582e-03
 2.60023126e-03
 2.53108150e-03
 2.97238160e-03
 2.72679871e-03
 1.60901341e-03
 7.15944925e-04
-5.24986224e-04
-2.69173246e-03
-3.09545495e-03
-2.76490209e-03
-1.08464222e-03
 2.22745291e-03
 2.82395076e-03
 9.41140150e-04
-2.11489796e-03
-2.48352542e-03
 1.35141083e-03
 2.76853962e-03
-1.26001972e-03
-3.07240332e-03
 1.67217794e-03
 2.38157728e-03
-3.25093947e-03
 1.03780066e-03
 2.19396138e-03
-2.90954423e-03
 2.77199135e-03
-7.50953574e-04
-7.73612080e-04
 2.22012360e-03
-2.57698571e-03
 3.54350553e-03
 3.07978847e-03
-1.63189364e-04
 3.36992508e-04
-4.60552972e-04
 1.31759172e-05
 2.98011491e-04
 5.18200445e-04
-9.47013759e-05
 5.54537107e-04
-9.00736755e-04
 9.75099083e-04
-3.25683441e-03
-7.26235948e-04
 4.48411945e-03
-6.20743422e-03
 3.10385748e-04
 5.70028842e-03
-4.24495838e-03
-3.10859121e-03
 5.46426224e-03
 4.64016525e-03
-4.96711743e-03
-5.84323089e-03
 1.35784225e-03
 6.05121490e-03
 4.67683057e-03
-9.97821990e-04
-6.00861274e-03
-7.15426431e-03
-4.60976218e-03
-1.77916217e-03
 1.35734629e-03
 4.30402115e-03
 5.85346219e-03
 6.47460019e-03
 5.93636567e-03
 6.02403805e-03
 5.99322259e-03
 5.05434979e-03
 3.00192817e-03
-2.12770146e-05
-3.45762773e-03
-6.28041526e-03
-6.74391428e-03
-3.89927105e-03
 2.74101622e-03
 6.58231704e-03
 3.77512628e-03
-3.39910776e-03
-6.68567270e-03
 6.85176815e-04
 6.61550065e-03
-2.46664839e-04
-6.11068820e-03
 1.83088625e-03
 5.42999461e-03
-5.58824927e-03
-2.30493847e-04
 5.11376004e-03
-6.73345408e-03
 3.45736044e-03
 7.15772689e-04
-3.31813883e-03
 4.12637599e-03
-4.59923044e-03
 4.08354211e-03
 3.70347526e-03
-2.21016841e-03
 7.38244098e-04
-1.13589863e-03
 7.67302060e-05
 9.91725370e-05
 1.12836268e-04
-2.12862178e-04
 3.32974095e-04
 4.10465153e-04
 2.38766442e-04
 5.75587566e-05
-5.10562941e-05
 2.08502496e-04
-2.24433056e-04
 1.81531242e-04
-1.44770097e-04
-1.97535815e-04
 8.08521877e-04
-1.99884173e-04
-2.96675389e-04
 3.12871855e-04
-4.19813205e-04
 1.18243137e-04
 2.73848640e-04
 2.76563657e-04
-1.89944766e-04
-3.87216443e-04
 5.84643940e-04
 2.16225742e-04
 3.93659404e-05
-4.48780022e-04
-1.18693486e-04
 6.65283642e-04
 2.34581022e-05
 1.41995019e-04
 3.69994985e-04
 6.90208650e-05
-2.18791285e-04
-2.88473227e-04
-2.70674997e-04
 1.92220085e-04
 2.14655004e-04
-3.48293768e-04
-7.15586552e-05
 1.33710588e-04
 2.66249710e-04
 2.74283999e-04
-1.42575174e-05
 1.43248052e-04
 3.42596392e-04
-8.11863996e-05
-4.61643123e-04
-9.90924066e-05
 1.88415906e-04
 8.70127868e-05
 1.01716831e-04
-1.07326543e-04
-5.12690129e-04
-1.75809204e-04
 3.16688567e-05
 7.61045029e-05
-1.20975719e-04
-6.02091782e-04
-5.23293089e-04
-1.62243442e-04
 2.28898537e-04
 5.29159778e-04
 3.44981599e-04
 1.87335236e-04
-2.35522973e-04
-2.54020880e-04
-2.88335822e-04
-3.61791711e-04
 2.26214793e-04
-3.63592364e-04
-1.91299077e-06
 5.42435285e-04
 1.69002108e-04
 2.38244779e-04
-8.65374140e-05
-2.72497017e-04
-2.87757268e-04
-1.80091321e-04
 1.78314936e-04
 2.03860035e-04
 1.94274696e-04
 1.61578992e-04
 1.32479495e-04
-5.42618589e-04
-6.70456342e-04
-4.50520957e-04
-7.45566448e-05
 6.96681171e-04
-1.31828480e-04
-2.19888230e-04
-2.84114259e-04
-4.40284592e-04
-1.38135962e-04
-3.02018932e-04
 1.82486056e-04
 2.38392736e-04
 1.14087852e-04
 4.68411972e-04
-3.71342656e-06
-1.13292256e-04
 1.92027850e-04
 9.52034798e-05
 1.78834322e-04
-2.05616812e-04
-2.92824730e-04
 3.65722979e-04
 8.21192146e-04
 8.38260725e-05
-2.28136762e-04
 6.04363338e-05
-3.41369771e-05
 1.68323399e-05
-1.19721369e-05
 1.85182420e-06
 5.62626317e-06
-8.34282920e-07
-5.71764699e-06
-1.73425581e-05
 4.51420650e-06
