-4.51147074e-09
 1.05427284e-06
-2.15223295e-06
-1.39979182e-05
 1.27546442e-05
-3.13452815e-06
 2.80327070e-06
 5.44364377e-06
-3.21772384e-06
 7.49873498e-06
-2.42038479e-05
 5.25118905e-05
-7.79428698e-05
 3.50034314e-04
 3.85099555e-04
-4.66527481e-04
-1.63669021e-04
 1.07934630e-04
-3.54936536e-04
-5.32566213e-06
 3.34534975e-04
-2.86864210e-04
-3.46076562e-04
-2.37439726e-04
-1.35434218e-04
 2.60225160e-04
 1.28759188e-04
 2.37105691e-04
 2.15230302e-04
-1.54643308e-04
-8.92643075e-05
-1.10825861e-04
-2.78888014e-04
-2.09078472e-04
 6.92252668e-05
 4.83477082e-04
 6.94324516e-04
-3.65956654e-05
-3.09346312e-04
 3.35876204e-04
-1.03820947e-04
-1.38908950e-04
-1.40306157e-04
-3.11740715e-04
 1.06864523e-04
-3.56745281e-07
 3.07848237e-04
-5.69232268e-05
-7.35416570e-04
-4.72556969e-04
-4.86120334e-04
 1.04254871e-04
 5.98270195e-04
-8.59469548e-04
-3.64416989e-05
 6.26805019e-04
-6.20738451e-04
 2.75096773e-04
-1.15255544e-05
 4.36958560e-04
 5.73384004e-04
-1.79645484e-04
 4.21747325e-04
-1.34923343e-05
 3.19335570e-04
 1.48092055e-04
-2.99284829e-04
 4.28635305e-04
-1.41944720e-04
-2.53285747e-04
-1.38655561e-06
-5.58361338e-05
 7.08678362e-04
 5.23226576e-04
-8.97483541e-05
-7.42840613e-05
-6.52799429e-05
 2.29365663e-04
 5.14739490e-04
 4.49292223e-04
 5.67752682e-04
-3.93235862e-04
-4.67554331e-04
 3.74503658e-04
 2.48799017e-05
-1.51930809e-06
 1.00502939e-04
 1.39606957e-04
-8.53871653e-05
-2.85079823e-04
-6.91604730e-05
 1.89765871e-04
 5.10848787e-04
-3.37912498e-05
-1.06361819e-05
 4.74724731e-04
 1.04670409e-04
-2.79113916e-04
-2.42916145e-04
 8.88729012e-05
-4.14658820e-04
-4.79262955e-04
 1.27782795e-05
 2.66234842e-04
-1.68951743e-04
-2.01136729e-04
 6.90623481e-06
 1.92414346e-05
 4.02506501e-04
 4.84521876e-04
 1.67312338e-04
-7.84947410e-04
-1.78320785e-05
 3.17262274e-04
-2.95624015e-04
-8.87773780e-04
 1.59547640e-03
 5.49438836e-04
-5.84614305e-04
 1.25880774e-03
-7.29676726e-04
 1.53072720e-03
-4.68150090e-03
 5.36843717e-03
-8.94065168e-03
 1.70885076e-02
 3.85866079e-02
-5.07990691e-02
-5.20643663e-05
 5.68681935e-02
-3.67669253e-02
-4.00148664e-02
 4.31655347e-02
 4.34044602e-02
-3.53442024e-02
-5.73417632e-02
 5.45539167e-04
 5.44973894e-02
 4.99237039e-02
-5.50625631e-04
-4.67707980e-02
-6.12136001e-02
-4.94669739e-02
-2.34906666e-02
 5.16599972e-03
 2.78113161e-02
 4.06777394e-02
 4.58349570e-02
 4.74821312e-02
 4.60748717e-02
 4.26053608e-02
 3.26896905e-02
 1.26853789e-02
-1.41992291e-02
-4.20090578e-02
-5.92278771e-02
-5.39383908e-02
-1.69278366e-02
 3.76189406e-02
 5.98145794e-02
 2.12796769e-02
-4.28512956e-02
-5.31629615e-02
 2.12675357e-02
 5.81146971e-02
-1.72087793e-02
-5.12875218e-02
 3.02882167e-02
 3.84665091e-02
-5.92958457e-02
 1.46739037e-02
 3.76077770e-02
-5.64036338e-02
 4.18093497e-02
-9.89722528e-03
-1.85867082e-02
 3.32340680e-02
-3.43797173e-02
 3.04999357e-02
 1.02318162e-02
-6.80904762e-03
 4.15732050e-03
-3.80949130e-03
 5.08483579e-03
-5.86779112e-03
 3.85318044e-03
-1.20027175e-03
 2.29731429e-03
-7.73708098e-03
 1.02205593e-02
-1.54191712e-02
 4.55018036e-02
 6.83187483e-02
-1.06693312e-01
 1.73036288e-02
 1.06711272e-01
-8.60618415e-02
-6.59073967e-02
 9.79349894e-02
 7.30086576e-02
-8.59515380e-02
-1.04682900e-01
 2.22670143e-02
 1.15378806e-01
 8.56639810e-02
-2.30479869e-02
-1.07115610e-01
-1.21116245e-01
-8.30934886e-02
-2.41013111e-02
 3.35640756e-02
 7.68689576e-02
 9.91328211e-02
 1.05834093e-01
 1.07466854e-01
 1.07562437e-01
 1.03510095e-01
 8.79670471e-02
 5.23456915e-02
-1.20393100e-03
-6.09359749e-02
-1.09822002e-01
-1.20619624e-01
-6.26418015e-02
 4.80768714e-02
 1.18755527e-01
 6.90366625e-02
-6.26659186e-02
-1.18610688e-01
 9.61901091e-03
 1.21697561e-01
-3.28932511e-03
-1.10067333e-01
 3.45456271e-02
 9.87917074e-02
-1.04227392e-01
-6.85445815e-03
 9.85371157e-02
-1.11694690e-01
 6.13309327e-02
 7.91743413e-03
-5.87896275e-02
 7.43912504e-02
-6.60455897e-02
 4.67343200e-02
 3.52662535e-02
-1.90843740e-02
 1.61367721e-02
-1.38936965e-02
 1.10724381e-02
-6.44633892e-03
 2.12173366e-03
 2.33512110e-04
-1.75882475e-03
 1.82890291e-03
-2.04182794e-03
 4.11568127e-04
 1.80465412e-04
 4.51270901e-04
 1.70172831e-04
 1.04274385e-04
 2.08586632e-05
-3.19312511e-04
-5.25226553e-05
-7.71181087e-05
-4.06319493e-05
 2.47048393e-04
 8.74532325e-05
-3.29575984e-04
-5.75029423e-04
 3.93313889e-04
-3.52803899e-04
-2.07801680e-04
 5.27025526e-04
-1.71500138e-04
 1.88344349e-04
-2.23358205e-04
 1.26493595e-04
 1.69339016e-04
-4.95771629e-04
-3.02513291e-04
-2.42786304e-04
-3.79521497e-04
-1.49856299e-04
 1.69611866e-05
-2.98378750e-04
 4.87147050e-04
 2.00816637e-04
-5.46170331e-04
 2.62593910e-04
 4.96047757e-04
 2.14686318e-04
 2.45460480e-04
 1.48155701e-04
 4.00918811e-04
 6.75493669e-04
-2.63470356e-04
-4.68051873e-04
-1.32366692e-04
-2.42465927e-04
-2.48140109e-04
-4.72551615e-05
-1.52054340e-04
-1.20986183e-04
 7.51546613e-04
 1.76210186e-04
-3.53761501e-04
 3.57709077e-04
 5.16092212e-04
-1.16510007e-04
-4.09683344e-04
 2.06485044e-04
-6.94157429e-05
-4.28734287e-04
-1.46528476e-04
 5.34166937e-05
 9.10497280e-05
-3.75779618e-04
-4.21221574e-04
 2.95416520e-05
 1.82213713e-04
 4.48744669e-04
-1.40860012e-05
-6.58780542e-04
 8.41471663e-05
-4.09558642e-04
-1.26595512e-04
 3.92337436e-04
 1.07012682e-04
 2.38225521e-04
-3.66493370e-04
 1.54488067e-04
 6.07926466e-05
 4.37036592e-04
 6.25665228e-04
-7.05832385e-05
 3.14959603e-04
 7.99603410e-05
-1.52874941e-05
-1.48415766e-04
 3.25635471e-05
 3.80622848e-04
-2.32322166e-04
-2.76593442e-04
 5.19772260e-04
-1.16540757e-04
-4.87920972e-04
 3.60685705e-04
-3.42826751e-04
-3.43246440e-04
-4.46567762e-05
-1.09258414e-04
-4.48410583e-05
-3.79764374e-04
-1.45268109e-04
 3.93962595e-04
 4.42228033e-04
 8.62729738e-05
-9.26881155e-05
-4.28054790e-04
-1.62059626e-04
 7.66547010e-05
-4.77078702e-05
 3.43726821e-05
-1.44390315e-05
 1.07602628e-05
-1.25888928e-05
-7.70841022e-06
 4.61545319e-06
-7.37408220e-07
