 1.61549400e-08
 4.05552481e-07
-3.52409122e-06
-2.79273338e-07
-5.34887090e-06
-8.93172032e-06
 6.24112245e-06
-9.33476996e-06
 1.84849128e-05
-1.30558994e-05
 1.15532233e-05
-1.11145216e-05
-7.38911789e-07
 2.22641740e-04
 3.26880565e-05
 4.18886554e-04
 2.44812031e-04
-1.27468499e-04
-1.21166497e-05
-4.02755384e-04
 1.96364216e-04
-4.13677573e-05
 4.66154093e-04
 6.76350046e-04
-3.36079089e-04
 1.37472080e-04
-3.72479009e-05
 2.51054358e-05
 2.16712659e-04
-3.33129256e-04
-2.97168326e-04
-6.60459055e-05
-9.24785091e-06
 3.08115388e-04
 4.90258276e-04
 3.20979766e-04
-2.52064968e-05
 2.31253797e-04
 5.86045906e-04
-2.99293583e-04
-1.20408497e-05
 5.31493857e-04
-2.64140993e-06
 5.62461296e-04
 6.03784842e-05
-9.07607707e-04
-4.07139361e-05
-2.35255118e-04
-4.84445303e-04
 3.60376144e-04
 5.46154803e-05
-4.52540477e-06
-3.40579101e-08
-3.42253462e-05
 4.50181492e-06
-6.53645395e-06
-8.39159364e-05
-3.95559145e-04
 3.92812609e-04
 3.59206808e-04
-6.95734765e-05
-3.34388139e-04
-8.52848828e-05
 3.30956665e-04
 2.17460437e-04
 4.29472239e-04
 4.63461229e-05
 2.32479910e-04
 1.80133266e-04
-2.00581971e-04
 3.39772603e-05
-5.64328124e-04
-8.48075992e-04
 1.09807970e-04
-1.27937155e-04
-7.06253749e-04
-3.80498638e-04
-2.19247239e-04
-5.86046641e-05
-2.21444164e-04
-1.60198046e-04
 1.64188805e-04
-1.83212141e-05
-3.11032510e-04
-2.10355428e-04
 4.31510135e-05
 2.33788086e-04
-2.61726968e-04
-3.14979740e-04
 5.56215011e-04
 2.85397481e-04
 1.28003501e-05
 5.31950575e-05
 2.10254067e-04
 1.36717001e-04
-1.52994313e-04
 1.50145335e-04
-3.92164011e-04
-1.29895212e-04
 3.63324427e-04
-3.97464481e-06
 3.58629405e-04
-1.12177308e-04
-3.15385326e-04
-1.53778741e-04
-4.10109127e-04
-5.44944922e-05
-1.36063519e-04
-3.60496172e-04
-6.89372883e-04
-5.34639068e-04
 2.30550339e-04
 9.09394888e-05
 2.70552217e-04
 5.23833835e-04
 1.47764867e-04
 2.93898448e-04
-4.43909182e-05
-2.25374448e-04
-4.63575573e-04
-2.10558151e-04
 3.20836542e-04
 1.55877312e-04
 7.71741374e-04
 1.45652180e-04
 3.59005499e-04
 3.20325848e-04
-2.47227372e-04
 7.37053925e-04
-5.76064682e-05
-3.89075071e-04
 2.54690374e-04
 2.76516668e-04
-9.72266015e-05
-2.28055370e-04
-5.50214646e-04
-2.49700220e-04
 2.11002495e-04
-6.40757254e-04
-1.97395549e-04
 8.59389459e-06
 1.50960020e-04
 3.29828915e-04
 2.33337950e-04
 4.44165603e-04
-5.70744773e-04
-3.39024968e-04
-6.76138430e-05
 3.04240920e-04
 3.02293268e-04
-1.84643419e-04
 2.27138984e-04
 2.99406595e-04
 4.01860684e-04
-1.14281632e-04
 1.26594893e-04
-1.50599934e-04
-6.23247726e-04
-1.63900828e-04
-5.53472827e-04
-6.37438573e-04
 1.79463806e-04
 1.32178328e-04
 1.73243767e-04
-1.30471888e-04
-5.55476014e-04
 2.84022293e-04
 1.62069113e-04
 3.21915171e-04
-6.61074725e-05
-1.72078116e-04
 2.54929065e-04
 4.46679751e-05
 2.21280226e-04
-1.08142767e-04
 1.52971287e-04
 1.06854913e-04
-2.38457763e-04
-1.99189428e-04
 6.23355881e-05
 1.76206422e-04
 1.57291423e-05
-3.67661163e-04
-1.77809037e-04
-1.20303216e-04
-2.93581626e-04
 3.44869519e-04
-1.37584982e-04
-9.73093487e-05
 7.30037651e-06
-3.19182490e-04
 1.51939434e-05
 1.15156256e-04
 4.55781178e-04
 3.03903128e-04
-2.32826826e-04
 1.34608190e-04
 3.81841527e-04
 3.22459078e-04
-1.50931872e-04
-5.65245191e-04
 5.31775229e-04
 5.09064251e-04
-4.68125429e-04
 1.23997751e-04
-1.17700382e-03
 5.72653878e-04
 5.89367882e-05
-9.82665812e-04
 1.25260396e-03
-5.22929509e-04
 1.84174252e-03
-4.45704835e-03
 5.17542835e-03
-8.58303220e-03
 1.67324544e-02
 3.85223659e-02
-5.03726432e-02
-4.74628424e-04
 5.71313489e-02
-3.56084032e-02
-3.97006518e-02
 4.30270556e-02
 4.42913273e-02
-3.50907140e-02
-5.68200173e-02
 9.99899696e-04
 5.39263463e-02
 4.97210341e-02
-3.52002054e-05
-4.64312548e-02
-6.15154476e-02
-4.90457129e-02
-2.35225325e-02
 4.91018039e-03
 2.75566222e-02
 4.07733343e-02
 4.62836300e-02
 4.61825445e-02
 4.60427803e-02
 4.32055406e-02
 3.31080926e-02
 1.36298316e-02
-1.41001940e-02
-4.16917215e-02
-5.96576698e-02
-5.55126257e-02
-1.78673733e-02
 3.74700475e-02
 5.98912901e-02
 2.16926771e-02
-4.26827745e-02
-5.32954168e-02
 2.14209488e-02
 5.89354207e-02
-1.71464835e-02
-5.09531922e-02
 3.12846795e-02
 3.82738815e-02
-5.97453121e-02
 1.44082678e-02
 3.72106788e-02
-5.68865621e-02
 4.18763509e-02
-1.00370462e-02
-1.90330082e-02
 3.30661719e-02
-3.43885896e-02
 3.04699476e-02
 1.00055212e-02
-6.44515006e-03
 4.38587213e-03
-4.01910999e-03
 4.96615120e-03
-6.04961076e-03
 4.02655134e-03
-7.47166544e-04
 3.00261512e-03
-7.72246364e-03
 9.71369558e-03
-1.57578247e-02
 4.52934833e-02
 6.80471221e-02
-1.07311192e-01
 1.72805703e-02
 1.07399256e-01
-8.54728714e-02
-6.58982916e-02
 9.78730810e-02
 7.30891532e-02
-8.62465405e-02
-1.05354420e-01
 2.17109165e-02
 1.14568470e-01
 8.56449074e-02
-2.29773232e-02
-1.07484583e-01
-1.20314597e-01
-8.31181149e-02
-2.41962562e-02
 3.41904007e-02
 7.72975305e-02
 9.93716090e-02
 1.06154311e-01
 1.07311622e-01
 1.07126969e-01
 1.03519004e-01
 8.73090443e-02
 5.28420295e-02
-1.45128625e-03
-6.20924591e-02
-1.10243165e-01
-1.20727867e-01
-6.20563448e-02
 4.74604153e-02
 1.17691842e-01
 6.88254460e-02
-6.26758266e-02
-1.18372043e-01
 1.00790905e-02
 1.21486196e-01
-2.92792836e-03
-1.09511965e-01
 3.37729711e-02
 9.83690504e-02
-1.03131181e-01
-6.53203992e-03
 9.82758291e-02
-1.10545624e-01
 6.11689171e-02
 7.62613327e-03
-5.84784985e-02
 7.46998546e-02
-6.52937893e-02
 4.67121690e-02
 3.53946149e-02
-1.90640890e-02
 1.60735661e-02
-1.39796167e-02
 1.08788152e-02
-6.46194156e-03
 2.19294209e-03
 2.30920924e-04
-1.58386689e-03
 2.36356848e-03
-2.15912774e-03
 1.28878134e-04
-1.46776830e-04
-1.83266818e-05
 8.88537906e-05
-3.49113029e-05
 1.79137873e-04
 1.67850385e-05
 2.63353039e-04
 4.74429964e-04
 2.89969528e-05
 1.98814227e-04
 7.93988787e-05
-4.37697340e-04
-3.07089082e-04
 4.60460985e-05
-5.27932344e-06
-8.80301019e-06
 7.30434642e-06
-1.46844579e-05
 2.08190298e-07
-6.52964524e-06
 3.40930006e-06
-3.71617802e-06
 1.15676765e-05
