-1.60032231e-08
 8.91064664e-07
-3.77196073e-06
 2.42111401e-06
-9.03309127e-06
-8.75418392e-06
 2.35938971e-06
-9.32020123e-06
 2.91240744e-05
-3.80800981e-05
 5.65979330e-05
-6.79590754e-05
 8.74037521e-05
 1.12027363e-04
 6.69635507e-05
 4.93652024e-04
 3.22714062e-04
 1.02106117e-04
-4.05397895e-04
-1.23084799e-04
-3.76335313e-05
-1.55278121e-04
 9.67284514e-07
-1.50701785e-04
 1.47882790e-04
 2.81242479e-04
 1.34223655e-04
 1.94175047e-04
 2.93099012e-04
 4.01840656e-05
-4.14304065e-04
-6.94955436e-04
-1.18620523e-04
-1.00686853e-04
 1.92069033e-04
 3.66997377e-04
 1.04160668e-05
 7.89264724e-05
 2.66229322e-04
 1.74226060e-04
 2.40304507e-05
 4.43392508e-04
 3.89814099e-06
-3.16330890e-04
-2.85688470e-04
-1.55429106e-04
 1.72799170e-04
 3.94260107e-05
-2.42953541e-04
-1.22440812e-04
-1.63238266e-04
-1.82135645e-04
-1.24869741e-04
-1.11729776e-04
 5.94631597e-05
-5.44986017e-05
 1.34201077e-04
-2.56616007e-04
-2.52910247e-04
 3.73494227e-04
-2.31693226e-04
-1.89543723e-04
 3.93452840e-04
 4.03852479e-04
-9.10265590e-04
 2.24784746e-05
 7.26314238e-04
-1.87266069e-03
 2.03568807e-03
-9.33465597e-04
 1.97269796e-03
-2.28735787e-03
 2.06123813e-03
-3.06413390e-04
 2.24832063e-03
 4.30936034e-02
-2.98481805e-02
-2.43696214e-02
 6.12904857e-02
-2.26191225e-02
-4.63953803e-02
 4.09374938e-02
 3.90906334e-02
-4.16892766e-02
-5.09993253e-02
 2.15000326e-02
 5.88510768e-02
 2.48498557e-02
-3.56047181e-02
-6.35766157e-02
-4.23031744e-02
-8.85490603e-04
 3.46262721e-02
 5.59175422e-02
 6.20118288e-02
 5.74857442e-02
 4.84412390e-02
 4.17557061e-02
 3.85380208e-02
 3.97526628e-02
 4.59638338e-02
 5.44740431e-02
 6.16069220e-02
 5.97346428e-02
 4.33988740e-02
 1.19328269e-02
-2.99164534e-02
-6.10167829e-02
-4.95546768e-02
 5.02042511e-03
 5.42312631e-02
 4.08305481e-02
-3.09175374e-02
-5.88667904e-02
 1.65840139e-02
 5.52161363e-02
-2.17247420e-02
-4.68335348e-02
 4.54426117e-02
 1.84152817e-02
-6.03567960e-02
 4.70228895e-02
-5.17699828e-03
-3.15605309e-02
 4.68891969e-02
-3.86179506e-02
 1.88115082e-02
 1.21628790e-03
-2.06969669e-02
 2.44924207e-02
-1.29648325e-02
 7.30631252e-03
-1.03307730e-03
-3.62084287e-03
 5.32930441e-03
-4.15158986e-03
 4.82590916e-03
-7.86610167e-03
 6.48585517e-03
-1.38747824e-03
 3.72837364e-03
 7.65717721e-02
-6.91710326e-02
-3.44554576e-02
 1.21306284e-01
-6.20649917e-02
-8.17208764e-02
 9.47301395e-02
 6.37597057e-02
-9.65277903e-02
-8.88725899e-02
 6.18163334e-02
 1.16214415e-01
 2.98272337e-02
-8.80916716e-02
-1.24308452e-01
-6.52273794e-02
 2.20083449e-02
 8.71443291e-02
 1.18538434e-01
 1.20145345e-01
 1.01949464e-01
 7.81101956e-02
 6.19397486e-02
 5.54996715e-02
 5.83722800e-02
 7.09788424e-02
 9.23572987e-02
 1.14827391e-01
 1.22343094e-01
 1.03217371e-01
 5.05730439e-02
-3.19006173e-02
-1.09808784e-01
-1.15160572e-01
-1.89189640e-02
 9.47467688e-02
 1.00411553e-01
-3.19733059e-02
-1.24948056e-01
 7.32095499e-04
 1.15607583e-01
-1.43235471e-02
-1.07591773e-01
 6.54150802e-02
 6.82059604e-02
-1.24637843e-01
 6.78475739e-02
 2.24257201e-02
-8.53838155e-02
 9.63623292e-02
-6.24142960e-02
 1.57532035e-02
 2.39185536e-02
-5.61745221e-02
 4.13665575e-02
-1.74529081e-02
 8.74007504e-03
-2.31085473e-03
-3.01921064e-03
 5.92826431e-03
-6.09264961e-03
 4.63861637e-03
-4.06802684e-03
 6.20740499e-04
 2.11231477e-04
-9.93530835e-04
-3.83938447e-04
 9.36246315e-05
 1.79832173e-04
-2.51331720e-04
 4.99269453e-05
 1.93507574e-04
 2.70827916e-04
 2.13514026e-04
 2.13391531e-04
 1.83019884e-04
-2.15541135e-04
 3.23231542e-04
 5.62318457e-04
-4.98858882e-05
 1.82723804e-04
 3.94131747e-04
 1.95762315e-04
-9.87041866e-05
 1.59959945e-04
 4.81824343e-04
 2.56572932e-04
 6.26323536e-05
-2.44759190e-05
-2.49525128e-05
-2.30809620e-04
 1.47588203e-04
 2.34406854e-04
 7.10598657e-04
 3.67718713e-04
-3.07959876e-04
-4.02449027e-05
 1.31260897e-04
 4.14973155e-04
-2.50476962e-04
-3.88285042e-04
-9.29370126e-05
-2.57854061e-05
-1.53674428e-04
-3.70776602e-04
-1.81342689e-04
-1.85252716e-04
 1.43877738e-04
 1.23680558e-04
-9.20783005e-05
 2.31153092e-04
 1.07315283e-04
-3.70503916e-05
 4.09339382e-04
 4.88995077e-04
 1.71591776e-04
 5.64253815e-05
 6.62110592e-05
-1.80586906e-04
 1.93673583e-04
 1.32454678e-06
-7.99380962e-04
-4.50333267e-06
 8.78435591e-05
-1.55511006e-04
 3.07273180e-05
-2.58055053e-04
-1.24047945e-04
 1.05620396e-03
 1.99925039e-04
-2.01818430e-04
 7.17963971e-04
-5.86335055e-04
 9.76698311e-05
 1.85546260e-04
-1.83311383e-04
 4.51349688e-04
-2.46425375e-04
 6.16860598e-04
 4.00123043e-04
-4.05364655e-04
 3.22505996e-04
 1.34102473e-04
 1.46797345e-05
-9.43580908e-05
-1.85506234e-04
-1.58600565e-04
-1.46510881e-04
 3.17719050e-04
 2.25334958e-04
 6.91984575e-04
 6.11107389e-04
 1.13499067e-04
 4.50578747e-04
-2.34979913e-04
-1.69871128e-04
 3.20149771e-04
-3.26793200e-05
-2.11659416e-04
 7.43213586e-05
 2.48598814e-05
-2.76637041e-04
 5.52423517e-04
 2.33920439e-04
-6.23238090e-04
-3.43411714e-04
-7.12095277e-04
-5.93778865e-04
 5.17773317e-04
 3.21767509e-04
 3.74303419e-04
 4.93308689e-04
-9.58883048e-05
 6.33899306e-05
-3.69486568e-05
 1.49533923e-04
 1.34846505e-05
 3.73596547e-04
 2.13423764e-04
-3.84882747e-04
 6.97596658e-04
 1.28224415e-04
-3.41235472e-04
-1.49101824e-04
-3.67876369e-04
-1.16587029e-05
-7.16268435e-04
-4.38530837e-05
 1.61052166e-04
-3.15979832e-04
 4.75729185e-04
-6.40559139e-04
-6.00332110e-04
 9.92634940e-06
 6.84986589e-05
 1.43149868e-04
-5.15521678e-04
 2.18315073e-04
-4.50028556e-04
-2.43335309e-05
 8.43068776e-04
-1.14755960e-04
 3.75311579e-04
-4.39047649e-04
-3.38381883e-04
-1.03846515e-06
-2.70271401e-04
 3.69426924e-04
-2.38897457e-05
 3.40826380e-05
 3.67748388e-04
 6.62611223e-05
-1.49854847e-04
 3.53466569e-04
 2.70580038e-04
 2.13218730e-04
 3.03122741e-05
-1.15112018e-05
 4.14626377e-04
-1.61375718e-05
-9.84692952e-06
 1.50872532e-05
-2.74013239e-05
 2.85228023e-05
-2.99817984e-05
 1.26371848e-05
-1.34360026e-05
 5.58030681e-06
-3.09363210e-06
