-2.49680252e-08
 2.12205647e-06
-5.85648714e-06
-1.85289254e-05
 2.87950369e-06
-8.30742950e-06
 1.00148667e-05
-4.96105643e-06
-1.00872965e-05
 1.82237605e-05
-4.08921114e-05
 4.51956188e-05
-5.64612231e-05
 6.03081344e-04
 7.63239166e-04
-2.22176091e-05
 1.78281335e-05
-2.11441495e-04
 2.55453438e-04
 2.51297184e-04
-6.34282032e-05
 5.81735108e-04
-4.35457714e-05
-1.26945427e-04
 4.90318433e-05
-3.60058379e-04
 8.44802697e-05
-1.57929589e-05
 2.77787367e-04
-1.73661766e-05
-2.76327423e-04
 1.79699895e-04
-5.59093848e-04
 1.61221236e-04
 2.80685212e-04
-7.17651362e-05
 4.81020970e-04
-8.02573285e-05
 1.53592672e-04
 2.56456294e-04
 2.02086743e-04
 3.81021478e-04
 1.76385282e-05
 1.42184920e-04
 3.29536239e-04
 3.36470960e-04
-4.08689490e-04
-2.22017899e-04
-1.29470476e-04
-1.19249542e-04
 3.62604430e-04
-5.27945909e-04
-2.00605712e-04
 5.09500599e-04
 5.45038334e-04
-1.98739020e-04
-1.97786948e-04
 5.20186310e-04
 5.41648221e-05
 6.36380001e-05
 1.64752103e-04
 4.62798447e-04
-5.74891382e-05
-2.58380548e-04
 3.81754742e-04
 2.51047174e-04
 4.00029246e-05
 1.85301702e-04
-4.34842906e-05
-8.30947800e-04
 2.68637176e-05
-3.32331275e-04
-1.73383720e-04
 6.91737752e-04
-2.85675146e-04
-6.69758683e-05
-2.63630693e-04
-5.24628473e-04
 4.78389330e-04
 1.45794065e-05
-4.00624874e-04
 1.60878313e-04
-3.72602156e-04
 1.09168101e-04
-3.18906058e-05
-2.33967279e-04
 6.18535723e-05
-2.48111858e-05
 2.32800352e-04
 1.30486691e-04
 1.82176474e-04
 2.58048690e-04
 5.06609845e-04
-1.83547651e-04
-1.98094396e-04
-1.15095954e-04
 2.69533101e-04
 7.26048321e-04
-2.24248120e-04
-2.34588602e-05
-1.01291459e-04
-7.79316779e-05
 2.95328475e-04
 3.33814909e-05
-3.98541943e-05
 2.42938557e-04
 6.20208452e-05
-7.65483675e-06
 2.39974308e-04
 3.46839409e-04
-2.09717861e-04
-7.96374867e-04
-3.30215324e-04
-5.86299099e-04
-8.12327650e-07
 2.41581956e-04
 2.98507034e-05
 4.35610049e-05
-4.10864447e-05
 4.68259293e-06
-2.49860630e-04
 3.17493104e-05
-4.62525700e-04
-2.68213067e-04
 1.64881183e-04
-8.32490465e-05
 5.16291013e-05
-2.77106956e-05
-8.55586416e-05
-2.73203558e-04
 2.07588283e-05
 5.67314832e-04
-1.31872308e-04
-3.60476761e-04
-1.36787000e-04
 3.53659724e-05
-2.54364854e-04
-5.40771864e-04
 2.28221259e-04
-9.11083798e-05
 2.88333119e-05
-2.86516855e-04
-3.14096164e-04
 7.55481569e-05
-2.05611965e-05
 7.41363883e-04
-2.11077301e-04
 7.91247384e-05
 5.69430708e-04
 1.24959321e-04
 6.13530484e-04
 8.35241602e-05
-2.90702046e-04
-3.40215004e-05
 1.30225546e-04
 1.67048610e-04
 4.53736714e-04
 2.09674878e-04
 1.26314050e-04
 1.76218941e-04
 2.07134482e-04
 1.25408704e-04
-9.36354111e-04
 4.14092759e-05
-1.99506419e-03
-3.03127191e-03
 1.61196823e-04
-8.95069403e-05
 2.55362054e-04
 4.17633008e-04
-4.92825426e-04
 1.67971803e-04
 4.36075059e-05
-3.75925419e-04
 3.83129659e-05
-9.43157156e-05
 1.02606314e-04
 2.45055574e-04
 1.76478843e-04
 5.01505662e-05
-6.88206071e-04
-2.54781403e-04
 1.14029159e-04
-1.25419346e-04
-4.20995270e-04
-3.05575620e-04
 2.97310394e-04
 4.37665042e-05
 7.03682260e-05
 1.21247648e-04
-1.19128405e-04
 3.36787764e-04
 1.84061765e-04
-2.34873302e-04
-1.26216184e-04
-1.16621455e-04
 1.66888187e-04
-5.86806073e-05
 7.91739659e-06
-2.76874157e-05
-4.51757421e-04
-4.62925441e-04
-1.42697011e-04
 7.57962673e-04
 1.89249039e-04
-1.18704998e-04
-1.26069136e-04
-1.27447666e-04
-1.22222341e-04
-4.91086738e-04
-3.57788461e-05
-7.64255446e-05
 4.43630238e-04
-2.36690855e-04
-1.64161240e-06
 2.17831812e-04
-6.39761200e-04
 1.24092806e-03
-2.80249668e-03
-2.99034856e-03
 6.68809005e-04
-3.74399260e-04
 1.72210775e-04
-5.34027903e-04
-9.10418381e-04
-6.50459988e-04
-1.45123538e-04
-4.84286925e-04
 5.67927425e-05
-1.18736048e-03
 3.66381858e-03
 5.64618662e-03
-9.71845774e-04
 3.45367576e-04
 3.73063330e-04
-2.00410799e-04
 5.45143097e-04
 1.24317272e-04
 9.09419744e-05
 8.92069360e-05
 4.77038588e-05
 1.04385204e-04
 2.20602831e-04
-1.73544573e-04
-3.14757118e-04
-4.44662602e-04
 1.43326022e-04
 6.44174685e-05
 9.31096346e-05
 3.15591096e-04
 1.91175585e-04
 4.07444559e-04
 2.62793895e-04
 9.46478654e-05
-2.91845344e-04
-1.95213428e-05
 3.92968650e-04
-2.48106163e-04
-4.26176147e-04
 1.83420309e-04
-2.82969827e-04
-7.46533699e-04
 8.44603106e-05
-2.16030649e-04
-2.41912522e-04
 8.54952216e-05
 3.26503927e-04
 2.90153574e-04
-4.73557023e-04
 1.58045118e-04
 3.56477544e-04
-1.89412090e-04
-6.46163242e-05
-3.05249652e-04
-6.63442435e-04
-2.69035065e-04
-2.87332413e-04
 2.48573096e-04
-5.37333211e-04
 2.88672897e-05
 5.74055622e-04
-2.61938509e-04
 7.51533774e-04
-1.50720655e-03
 4.00963073e-03
 4.37032080e-03
-1.31328472e-03
 7.28410400e-04
-3.76499467e-04
 1.81029317e-04
 4.10636953e-04
-6.21300866e-05
 3.81239476e-04
-4.91502452e-05
 6.40038506e-04
 3.40934973e-04
-3.75220757e-04
 5.76512384e-05
 2.94962797e-04
 1.23331058e-04
 9.43904280e-05
 4.60412503e-04
 3.19569570e-04
 2.31801106e-04
-1.80655815e-04
-3.40446195e-04
 2.42882694e-04
-4.90134893e-04
-4.73720423e-04
 2.29804346e-04
 5.93633896e-05
-5.31858574e-05
-4.48924945e-04
-5.54031708e-04
-3.09529043e-04
-3.51098130e-04
-6.50857470e-04
-4.94974629e-04
 7.20480645e-04
 8.86634372e-05
-2.11508429e-04
 3.34521639e-04
-6.15625084e-05
 4.23189108e-04
-8.60919309e-05
-2.31743649e-04
 5.91141772e-04
-6.06416459e-05
-2.43714682e-04
 1.16673102e-05
-4.25329599e-04
-8.52322958e-05
-1.97556755e-04
-4.24653062e-04
 2.68705346e-04
-1.05885454e-04
-2.14686953e-04
 2.28497132e-04
-1.89522118e-04
-9.21078004e-05
 1.03734042e-04
 2.36399058e-05
 9.63401067e-05
 6.12336052e-05
-1.54246066e-04
-5.94753232e-04
-2.52274061e-04
-2.21357199e-04
-3.22452126e-04
 4.78483155e-05
 5.44748311e-05
 3.95928270e-04
 4.74640313e-04
 3.37757078e-04
 1.32806397e-04
-5.47826067e-05
 1.47951237e-04
-2.30625560e-04
-1.47896779e-05
 8.11794360e-05
-1.96508200e-04
 7.19971297e-05
-4.12882822e-05
 1.31198841e-06
-5.98228466e-07
-1.22035791e-05
 1.49688524e-05
-1.47376232e-05
 1.44606045e-05
-7.26487016e-06
