 2.91267992e-08
 2.26945228e-07
 7.74637784e-07
-2.93821226e-06
-1.27696378e-05
-3.18475509e-06
-4.05979988e-06
-1.18984432e-06
 1.62306430e-05
-3.88492493e-06
 1.01833291e-05
-2.33849926e-05
 2.99388384e-05
 5.24710289e-06
 3.37056345e-04
 6.27980070e-04
 1.55917101e-04
 9.70936791e-05
-2.05092251e-04
-5.85566663e-04
-1.97417748e-04
 3.73590002e-04
 1.13789228e-04
-9.46518612e-05
 1.77778792e-04
-1.47286602e-04
 4.73195975e-04
 3.99856007e-04
-2.99369210e-04
-2.63113895e-05
-2.57346727e-04
-2.62544773e-05
 1.93151852e-04
-1.69607337e-04
-1.24222806e-04
 4.01511564e-04
 3.94718855e-04
 6.77133007e-05
-4.08216748e-04
-1.97351711e-04
 1.29171355e-04
-6.32476826e-04
 2.43018352e-04
 2.49169071e-04
-4.14605551e-04
 1.36093879e-04
-5.40820327e-04
-4.21304646e-04
 2.22300802e-04
 2.19805708e-04
 5.04488764e-04
 2.26082139e-04
-2.87021647e-05
-4.96495046e-05
-4.26435848e-04
-3.16189509e-04
 4.00288512e-04
 1.81468627e-04
-4.19546222e-06
 2.83650575e-04
 1.54294543e-04
-1.65704500e-05
-2.82150234e-04
 1.77294758e-04
-1.87833713e-04
-4.07286205e-04
 4.01159722e-04
-1.18486781e-05
 2.03865595e-04
-2.13396607e-05
-3.04274539e-04
 2.95498193e-04
-3.73906977e-04
-3.98136069e-04
 5.69988567e-04
 2.28178919e-04
 4.57048305e-04
 3.78546260e-04
-1.50513701e-04
 4.53255808e-04
 4.43669041e-05
 8.39944181e-05
-2.43966359e-04
-2.79935294e-04
 6.65691552e-04
 7.48953489e-04
 3.71305933e-04
-3.42260853e-04
-1.17531590e-04
-4.23123341e-04
-6.08322047e-04
-3.35920656e-04
-5.75053792e-04
-3.21962920e-04
-3.31196991e-04
-2.80622015e-04
 2.47650676e-05
 2.16887822e-04
-4.52239652e-04
-3.14820909e-05
 5.82186326e-04
 1.75653655e-04
 2.07542082e-04
-4.90510284e-04
-6.54310016e-04
-9.16357319e-05
 8.77038232e-06
-1.10866682e-04
 1.54013625e-04
 1.47912940e-04
 4.63242405e-04
 2.49887137e-04
-3.89250050e-04
-2.56758936e-04
-5.41388097e-04
 1.29991840e-04
-3.77756009e-05
 3.84102237e-06
 4.27473196e-04
 6.32642375e-05
-3.67281463e-05
-2.89634614e-04
 1.71412930e-04
-2.87382095e-04
-4.30265205e-04
 1.88112746e-04
-2.16030534e-04
-2.30535875e-04
 1.79260322e-04
-1.04022377e-04
-5.53537711e-04
-6.61359831e-04
-1.24971180e-04
 2.95240690e-04
-2.49520202e-04
-1.70892402e-04
 9.83857098e-05
-2.35018301e-04
-1.69707718e-04
-3.79588868e-05
 3.53386725e-04
 3.39784189e-04
 2.03350959e-05
-4.96554140e-04
-2.80782571e-04
 2.94344457e-04
 1.54042753e-05
 9.97737408e-05
-3.13339841e-04
 2.37474686e-05
-6.55480285e-05
-1.10464482e-04
 6.31663730e-04
 4.75066446e-04
 8.35506532e-05
-5.30667976e-05
 2.58229981e-04
-2.00005994e-04
 2.38340255e-04
 6.49660729e-04
-4.68255716e-05
 6.12395587e-04
 5.39252705e-04
 1.20874698e-04
 1.63198565e-04
-9.85205081e-05
 2.04665632e-04
 3.65745066e-05
 1.38763937e-04
 4.42904284e-04
-6.99003401e-05
 2.93950252e-04
 3.10141510e-04
-1.38085981e-04
-9.74968521e-06
 1.66402606e-04
 1.79610479e-04
 1.68178043e-04
 3.13545321e-04
-2.55139749e-04
-9.20076924e-05
 1.26220231e-04
-1.51275774e-04
-2.29124485e-04
-2.82336579e-04
-2.08620090e-04
-7.78550173e-05
 4.05490468e-04
 4.49488801e-04
 1.77818061e-04
 4.55532664e-04
-4.15943113e-04
 1.54296654e-04
 2.75397084e-04
-4.29740570e-04
 2.13749683e-03
-2.24248295e-03
-1.95208810e-03
 3.61576742e-03
-1.27965463e-03
-2.63139328e-03
 1.94938288e-03
 2.12602871e-03
-2.23583744e-03
-2.73379069e-03
 1.38592745e-03
 3.34755316e-03
 1.39472176e-03
-2.17272061e-03
-3.51006087e-03
-2.55613134e-03
-4.56635597e-04
 1.77205211e-03
 2.90653090e-03
 3.28861982e-03
 3.18999700e-03
 2.94490332e-03
 2.15991876e-03
 1.63342066e-03
 2.38277433e-03
 1.95070138e-03
 2.16883994e-03
 3.25071560e-03
 2.57506458e-03
 1.99183739e-03
 5.29693360e-04
-1.78663727e-03
-3.12462478e-03
-2.97202636e-03
 3.26129440e-05
 2.62438989e-03
 2.13552758e-03
-1.65881060e-03
-3.78444467e-03
 6.30599714e-04
 3.13630109e-03
-1.03761121e-03
-2.80454319e-03
 2.29979392e-03
 1.39184889e-03
-3.43388973e-03
 2.36990045e-03
-3.53398936e-04
-1.64560193e-03
 2.89942504e-03
-2.68850348e-03
 1.00388295e-03
-3.42314902e-04
-2.76716425e-04
 3.09976410e-03
-7.80498966e-04
 8.14212482e-04
 1.09968321e-04
-6.05590672e-04
 1.02091516e-03
 4.97997848e-04
-5.39335586e-05
-9.37321817e-04
 1.30825539e-04
 1.02532725e-03
-2.79964433e-03
 9.43111813e-05
-3.64669105e-03
-1.89716472e-03
 7.07055615e-03
-3.64906694e-03
-4.67102504e-03
 5.41058593e-03
 3.36261101e-03
-4.96420928e-03
-5.20301121e-03
 3.22158400e-03
 6.66566560e-03
 1.89368578e-03
-4.92456760e-03
-7.03766371e-03
-3.64995562e-03
 9.67681281e-04
 4.67892354e-03
 6.33538297e-03
 6.30236034e-03
 5.96377630e-03
 4.90450252e-03
 3.62254400e-03
 2.70455242e-03
 3.39580867e-03
 3.90324219e-03
 4.60403143e-03
 6.92566350e-03
 6.22410810e-03
 4.85456995e-03
 2.83082549e-03
-1.74398422e-03
-6.13233596e-03
-6.76721177e-03
-5.45439499e-04
 5.11456252e-03
 5.14593292e-03
-1.52679512e-03
-7.20419445e-03
-2.21912624e-04
 5.79695245e-03
-1.09256373e-03
-6.01778121e-03
 3.30994925e-03
 4.24415101e-03
-7.21336676e-03
 3.34764020e-03
 1.25551037e-03
-4.47121298e-03
 5.97585054e-03
-4.06368848e-03
 1.23509108e-03
 5.76052716e-04
 1.68699200e-04
 7.17907223e-03
-1.30537497e-03
 7.59640185e-04
-9.03881201e-05
-2.22551507e-04
 7.98781330e-04
-3.60483808e-04
 2.59116627e-04
 8.96255076e-05
-2.40785482e-04
-4.11041497e-06
-9.63180062e-05
-5.34192457e-04
 3.10565861e-04
 3.18767629e-05
-1.30783306e-04
-9.90664988e-05
-2.37794452e-04
 2.25656733e-05
-2.73086266e-04
-3.32985031e-04
 8.55339015e-05
-4.81944382e-05
-5.46660885e-04
 4.61135178e-04
 1.04945284e-03
 1.58996840e-04
 5.22134566e-04
 3.46629890e-04
 1.42338260e-04
 2.93665784e-04
 9.76455901e-06
-1.88620036e-04
-6.75479348e-04
-7.92571021e-05
 5.20151996e-04
-2.13900900e-04
-2.97447915e-04
 3.69070202e-04
-2.27706429e-04
-5.22741089e-04
 7.32449888e-05
 4.75537145e-04
 1.49217334e-04
-4.16054933e-04
-4.83673715e-05
 2.08907668e-05
-2.38324753e-05
 3.13173409e-05
-2.92147378e-05
 2.29245010e-05
-3.10621817e-06
 1.56482310e-06
-1.07233360e-05
 6.26220131e-07
