-2.45858570e-08
-7.27893863e-07
 6.06705856e-06
-1.04515219e-05
 3.52815620e-06
-1.95588171e-06
-7.52937908e-06
 2.36276978e-05
-3.54023747e-05
 3.97924462e-05
-5.30643769e-05
 7.13327769e-05
-9.93462358e-05
-8.67103098e-05
 4.07808536e-04
-9.70160637e-05
 1.25435073e-04
-6.43707030e-05
-2.66948300e-04
 3.89955522e-04
 4.71355343e-05
-1.59666841e-04
-8.88190418e-05
 1.21012359e-04
 1.07196449e-05
 4.02216497e-05
-4.32949946e-05
-3.88914634e-05
-3.52614855e-05
-4.46141436e-04
 3.44909049e-04
-8.79135991e-05
-3.59909861e-04
 4.79833949e-05
-3.44591212e-04
 1.50182533e-04
 4.81713346e-05
 4.69947848e-05
-2.21138362e-04
-6.66775738e-04
 9.24916876e-05
 2.04027138e-04
-1.71784638e-04
 4.53415732e-05
-2.61609561e-04
-2.06195929e-04
-9.50131346e-05
-3.67397273e-04
 2.08829177e-04
-1.91970401e-04
-2.91181578e-04
-1.57356027e-04
-1.21102509e-04
 3.15891525e-04
 2.35539872e-04
 2.64332741e-04
 2.92805703e-04
-2.58119105e-04
 2.82557683e-05
 3.90685708e-04
 2.46105031e-04
-9.51427335e-05
-8.43947063e-04
 1.75479179e-04
 1.25460257e-04
-2.26151719e-05
 4.60964455e-04
-6.67842173e-06
-8.61374874e-05
 6.23257634e-05
 9.04618156e-05
-1.20886884e-04
 3.19303728e-04
 4.09937815e-04
 5.09681675e-04
 2.29955832e-04
-1.06632018e-03
-3.81447887e-04
 6.84954469e-04
-1.37518076e-04
-1.87134677e-04
 2.68935283e-04
 2.25557923e-04
-6.44328344e-05
-2.17392756e-04
-2.28703490e-04
-1.41515920e-04
 2.77226659e-05
-1.61082980e-04
-3.34254003e-04
-3.89032715e-04
-1.05677799e-04
 8.42027563e-05
 2.19367499e-05
-1.95930256e-04
 2.79653767e-04
 3.16628672e-04
-1.85945477e-04
 4.36574986e-04
 2.48286632e-04
 2.36753505e-05
 3.66217315e-05
-4.72424536e-04
 3.31677458e-04
 3.62369671e-04
-1.23379137e-04
 2.58222588e-05
-8.12583529e-04
-3.75638443e-04
-3.15062544e-04
-1.45306207e-04
 6.79514678e-04
 1.75610105e-05
 1.11712239e-04
-1.71228293e-04
 1.74142354e-06
 9.52150240e-05
-5.67132854e-04
 3.68789352e-04
 3.58793773e-04
 1.73952387e-04
 1.22983858e-04
-1.46017672e-04
 4.50417015e-04
 1.97428268e-04
 1.03971562e-05
-4.25900202e-04
 1.07418308e-03
-7.99662410e-04
-2.02856419e-03
-1.10423983e-04
-3.25739770e-04
 9.77351233e-04
-1.65690013e-04
-3.78128835e-04
 1.84084151e-04
 1.86271502e-04
-1.97167718e-04
-7.99854905e-06
-1.12613490e-03
 1.07733155e-03
 3.46534255e-03
-1.71050669e-04
 1.65887023e-04
 2.13100802e-04
 1.63867813e-04
-2.45603370e-04
-1.59899780e-04
 6.11881125e-04
-4.33105922e-04
 3.90056362e-06
-3.08684116e-05
-3.63662487e-04
-5.97326351e-05
 1.49724070e-04
 4.30881088e-04
 1.62524381e-04
 4.29991977e-05
 6.33488078e-04
 3.74337992e-04
 3.45816427e-04
-2.11324574e-04
-8.31852805e-04
-1.08466207e-04
-1.54409409e-05
 4.14623885e-04
 1.76236547e-04
 6.39219920e-05
 3.28371588e-04
-5.35136180e-05
 5.93503637e-04
-1.69610081e-05
 2.39410491e-04
 8.64461069e-04
 4.50172104e-04
 8.96295595e-04
 7.77201052e-04
 2.92110182e-04
-1.71779829e-04
-3.21071618e-04
 2.73439221e-04
 7.01317977e-04
-8.80857391e-05
 1.44846328e-04
 2.33479589e-05
-4.92436100e-04
-4.56964344e-04
-4.54049449e-05
 8.37842002e-05
 2.55988592e-04
 8.08642471e-05
-1.19898769e-03
 1.07009850e-03
-2.21764487e-03
 4.71151447e-03
 8.87301171e-03
-1.10999430e-03
 3.85006083e-04
-1.74129447e-05
-1.99712686e-04
 6.44429450e-04
-7.47301243e-04
-2.03472713e-04
-1.31592246e-04
-1.25636585e-04
-2.12152849e-04
-4.79936492e-04
-4.67372170e-04
 1.94667058e-04
-1.36914618e-04
-1.69421106e-04
-6.13583432e-06
-4.25333799e-04
-4.81844382e-04
-3.15835495e-04
-6.34414258e-04
-4.88580739e-05
 1.95927902e-04
-1.94667641e-04
-3.25568130e-04
-3.00279467e-04
 1.72251936e-04
 1.61860892e-04
-1.84769443e-04
-2.28190274e-04
 5.12755879e-04
 3.28080076e-04
 7.13620025e-05
 1.56237172e-04
 1.03933938e-04
 1.88883698e-04
-1.48026225e-04
 1.79574347e-04
 1.42364685e-04
-6.54470850e-04
-2.55115984e-04
 1.24531219e-04
-3.18095574e-04
-1.03974708e-04
-5.01393787e-05
 6.52181627e-05
-6.87392208e-05
-2.36579206e-04
-3.82309726e-04
-1.08090382e-04
-2.43793860e-04
-4.73826453e-04
-2.48672424e-04
-1.18486827e-04
 6.48424864e-04
-5.24362865e-04
 8.72772170e-05
 6.77853790e-04
-1.02046649e-04
 1.83502604e-05
-1.65148591e-04
 1.42268422e-04
-2.00397491e-04
-1.83010182e-05
 5.56741628e-05
 1.81619316e-04
-2.87358683e-04
-3.74842537e-05
-3.31596495e-04
-3.06013805e-04
 5.76166683e-04
-3.20520108e-04
 3.47207232e-04
 1.58430320e-04
 1.89626109e-05
 3.77300145e-05
 2.51328969e-04
 3.15593022e-04
-1.59823437e-04
 4.44338727e-04
-2.84985919e-04
 2.08313335e-04
 1.21127048e-05
 2.82972793e-04
 8.95858043e-04
-3.77908369e-04
 1.55645853e-04
 4.85245118e-05
 9.02981706e-07
-6.28630473e-05
-3.59761532e-04
 3.52404800e-04
 1.08247331e-04
-1.33434057e-04
-5.30704040e-05
-5.18071897e-05
-2.50297807e-05
 1.51350980e-04
 1.60987514e-04
 3.55916438e-04
 2.11936269e-04
-2.28220772e-04
 6.07060271e-05
 1.50433864e-04
 1.50608981e-04
-1.74447799e-04
-5.33466686e-04
-2.37916358e-04
-3.42589742e-04
 6.14434282e-05
 6.24926688e-05
 3.09154817e-04
 1.42513100e-04
 1.03359351e-05
 5.76034168e-04
-3.54976554e-04
 2.93941048e-04
 2.01621802e-04
-3.69533848e-05
 2.35256478e-04
 8.42202421e-05
-8.21949353e-05
-9.67753672e-04
-2.09446953e-04
 5.51764522e-05
 8.61898755e-06
 5.91066729e-04
 2.00900973e-04
 2.39947027e-04
 3.29432482e-05
-4.12402184e-05
 2.47593038e-04
-1.40827936e-04
 1.49681089e-04
-1.60189140e-04
-6.87459072e-04
-1.02725857e-04
 6.23492960e-05
 1.43397667e-05
 1.78030201e-04
-3.81371098e-05
 3.48445820e-05
 5.90525052e-05
 2.99665332e-06
 4.60193608e-04
 4.79074216e-04
-7.67775907e-05
-5.37721553e-05
 6.41309020e-06
-3.20935568e-04
 2.14918942e-04
 5.92991486e-06
-3.42629256e-04
 1.09309594e-04
-1.56663278e-04
 1.16495168e-06
 1.81900049e-04
-2.94119344e-04
-6.73480305e-04
-5.24677508e-06
 2.26882841e-04
-3.12847264e-04
 2.19870427e-05
-4.64367404e-04
-4.82574056e-04
 1.05463141e-04
-4.41960202e-05
 1.86081682e-05
 9.80266922e-07
 8.22093786e-06
 5.53317896e-06
-1.36509468e-05
 1.61958292e-05
-6.38253916e-06
 1.32828495e-05
