-1.96378841e-08
 1.44084313e-06
-5.80627703e-06
 5.81871958e-07
-1.65041181e-06
-3.67391798e-06
 8.06617686e-06
-5.65865437e-06
 1.85533391e-05
-2.89360558e-05
 3.50745722e-05
-2.44774421e-05
 4.35087384e-05
 2.28915684e-04
 2.74025972e-05
 7.07873069e-05
 3.07069651e-05
-1.67541570e-04
-2.78539789e-04
 1.78063401e-06
 2.18732050e-04
-4.00454107e-04
-6.01178893e-04
 5.75104464e-05
-1.89057533e-05
-8.10726290e-04
-1.86384298e-04
-2.29096594e-04
-3.52802108e-04
 4.63885500e-04
-3.14491148e-04
-3.05346548e-04
-1.60460920e-04
-3.92071247e-04
 2.06898700e-04
 3.96319770e-04
-2.53858177e-04
 5.95073410e-05
 1.24478496e-04
-4.25069880e-04
 4.97613482e-04
 1.41918574e-04
 3.59206588e-04
 6.12282630e-04
-2.16924305e-04
 5.32793994e-04
 6.10368077e-04
 1.94212762e-04
 2.03931389e-04
-2.40506832e-04
-7.06864072e-05
 1.54979229e-04
-2.31916152e-04
-4.77259232e-04
 8.13954657e-05
 2.58987462e-04
-8.05355530e-05
 4.67028058e-04
 3.50448876e-04
 2.26827028e-04
 3.13723595e-04
 2.10135704e-04
 4.46474041e-04
 3.99442377e-06
-2.59766048e-04
 5.30361339e-05
 8.37325965e-07
-3.77035349e-04
-1.48372951e-04
 3.47230500e-04
 4.44313132e-04
-1.13746148e-05
 1.39578539e-04
 4.89493077e-04
 1.43017564e-04
 1.14232866e-04
 4.04655245e-04
 3.05197083e-04
 2.92729847e-04
 8.16448442e-04
 4.64294824e-05
 8.13910488e-05
 7.28599233e-05
-4.65719392e-04
 2.98760562e-04
 1.56998929e-05
-1.53265030e-04
-1.01798583e-04
-2.25260213e-05
 1.05036578e-04
-2.62467284e-04
 1.44492652e-04
 5.27061247e-05
 6.24704026e-05
 5.51665056e-05
-2.84469670e-04
-3.85010262e-04
-4.36222550e-04
-7.82493317e-05
-2.02835620e-04
-2.75423425e-04
-3.86492738e-04
-2.13857657e-04
 2.30508286e-05
 1.33133987e-04
 2.09795261e-04
 1.32001404e-05
 2.80391034e-04
 3.48194759e-04
-2.44417331e-04
-4.00005358e-04
-2.15189106e-05
 2.33157383e-04
 3.86741234e-04
 2.70056070e-04
 1.26710325e-04
 1.23270305e-04
 2.92031364e-04
 6.07389372e-05
 1.02359252e-04
 9.23592283e-05
-2.10541202e-05
 4.27431801e-04
 2.36317878e-04
 1.27824208e-04
 2.75050019e-04
 3.52180993e-04
 4.06862266e-04
-5.88199873e-05
 1.75770223e-04
 3.72518790e-04
 1.92163510e-04
-1.38204458e-04
-1.97004964e-04
 1.00852715e-04
-1.87560889e-04
 1.09384891e-04
 4.40270476e-04
 6.49219566e-04
 8.53811776e-05
 9.14597150e-06
 4.35213750e-04
-2.90451223e-04
 1.84703624e-04
 2.01035298e-04
 1.81835388e-04
 4.72274785e-04
-1.37624674e-04
 7.89739426e-04
 6.41069912e-04
 1.91426342e-04
 5.18412740e-04
 1.05815516e-04
-3.16346340e-04
-6.53915931e-04
 7.87738672e-05
-1.81218956e-05
-4.01837145e-04
-1.55662911e-04
-2.63153709e-04
 1.95017168e-04
 2.61217371e-04
 8.12939929e-05
-2.14549080e-04
-5.76145584e-04
-2.71389698e-04
 1.32613676e-04
-3.70995218e-04
-7.67843755e-04
-1.65570790e-04
-2.43334960e-05
 3.52979180e-04
 2.52803365e-04
 2.25166841e-04
 7.45284512e-04
 4.46589267e-04
-1.34697094e-04
-1.71975427e-04
 4.38413974e-05
 3.22889645e-04
 2.13173990e-04
-2.08994979e-04
 4.00816887e-04
 1.97739176e-04
 7.30130088e-05
-5.08731975e-05
-1.23773492e-04
-1.60849824e-04
-2.68126931e-04
 6.88824052e-04
 4.03306286e-04
-1.51051300e-05
 7.82313419e-05
 2.68255648e-04
-3.41284863e-06
-5.26215192e-04
 1.68053218e-04
 1.31701264e-04
 1.58637008e-04
 4.72843037e-04
 3.27557352e-05
 2.82941967e-04
-1.59289171e-04
-4.56645961e-04
 9.55422060e-05
-1.31249326e-04
-1.76591634e-05
 3.04904542e-04
-4.74247122e-04
-2.94416321e-04
 4.31078816e-05
-8.15395773e-05
 5.74825460e-04
-2.13805437e-04
-1.02864712e-04
 9.64526785e-05
-6.16598733e-05
-4.20183170e-04
 9.72511010e-04
 2.18979948e-03
-2.54812269e-04
-3.59941695e-04
-8.24001150e-05
-1.34511360e-04
 4.77829996e-04
 2.15916443e-04
-3.14979846e-04
-2.13991760e-04
-2.43973705e-04
 8.11329896e-04
-1.52657253e-03
-3.23531932e-03
 3.30211603e-04
 6.75923104e-04
-2.80322192e-04
 1.94013257e-04
 9.43652195e-04
 9.58358086e-06
-2.88313980e-05
 3.35112060e-04
-1.80041684e-04
-1.75990862e-04
-5.63731681e-04
 2.86878610e-04
-8.95364053e-05
-5.16171959e-04
 2.02962700e-04
-5.89397985e-05
-8.74615739e-05
-8.25755003e-05
-1.40519733e-04
 7.11119339e-05
-5.61288284e-05
 7.26875799e-05
 5.33124060e-04
-1.03656795e-05
-3.98452580e-04
-1.40512103e-04
 1.04432135e-05
-3.03296883e-04
-4.67761303e-04
 3.24023285e-04
-2.19390389e-04
-7.34742041e-04
-4.29788894e-04
-6.76359039e-04
 3.23527653e-07
-6.27078991e-07
 6.90452336e-06
 5.83487477e-04
 6.99040735e-05
-5.77283588e-04
-4.91254367e-04
-1.14886960e-04
 1.68245914e-04
 5.32096976e-05
 1.16740411e-04
 1.38293839e-04
 5.85313341e-04
 1.85785896e-04
-3.62599439e-04
 2.01720071e-04
-1.40343166e-03
 2.29327139e-03
-4.65239914e-03
-8.72564402e-03
 1.37838010e-03
-3.81801848e-04
-8.65656594e-04
 2.89843257e-04
-1.68903139e-05
 2.80562134e-04
 1.15960975e-04
 5.42306744e-04
-2.37915134e-04
-3.23298917e-04
-1.13545738e-04
 1.36869884e-04
-1.41286122e-04
 6.07763026e-05
-3.56543411e-05
 1.17319179e-05
-2.88780345e-05
-3.47089311e-04
-4.45447006e-04
-5.67571878e-04
-6.29313465e-04
-5.52137962e-04
-1.23240898e-04
-5.62557870e-05
 5.94918157e-04
 4.07425112e-04
-1.94518059e-04
-6.62950967e-05
 6.01096462e-05
 3.92792927e-04
-1.34757574e-04
 5.72750862e-05
 3.61430212e-04
-4.14370558e-05
 7.82943425e-05
-1.65128834e-05
-2.15700454e-04
-1.25284558e-04
 3.46736361e-05
 1.14553319e-04
 2.53805810e-04
 3.09073975e-04
 3.14050541e-04
 2.34182567e-04
 8.48184025e-05
 9.87531032e-05
-8.00448096e-05
-1.77027501e-04
-4.49500941e-04
-4.37199672e-04
 2.98983169e-04
 9.87831446e-05
 7.91280792e-05
-6.64140237e-05
-3.19614151e-04
 1.77358369e-05
-1.07983616e-04
 4.83528376e-04
 7.00877611e-04
 3.40071890e-04
-3.73004054e-05
-2.44790709e-04
 2.49998627e-04
-4.90897877e-05
 2.35286067e-06
 1.99497864e-04
-6.63728285e-04
 5.09016422e-06
 2.81938370e-04
 5.13187873e-05
 3.92936193e-04
 8.44725776e-05
 5.86944638e-05
-2.21653661e-04
-1.26050707e-04
 6.22987069e-05
-4.39056562e-05
 3.97953390e-05
-1.93675671e-05
 1.32934763e-06
-2.97888247e-06
-8.41684842e-06
 2.91837324e-06
-2.67348538e-06
