 3.44207762e-08
-2.56235762e-06
 6.93078839e-06
 1.49928726e-05
 1.22212744e-06
 2.38628289e-06
-7.20583367e-06
 8.09649405e-06
-2.32208439e-07
 7.02324113e-07
-1.90473329e-06
-1.36926398e-05
 1.47236711e-05
-5.32091072e-04
-6.91151865e-04
-4.08228078e-05
 1.57333937e-04
 7.43482296e-05
-2.28791753e-04
-1.40525384e-04
 1.46215299e-04
 2.64997326e-04
 2.61517404e-04
-1.65351756e-05
-3.99848062e-04
-4.66566697e-04
-3.96498425e-04
-3.28181879e-04
 1.59677099e-04
 8.88536544e-05
 9.93145287e-05
 2.39315682e-04
 2.25627589e-04
 3.07469571e-04
 2.53890374e-04
-6.40303018e-06
 6.94206529e-05
 3.06893868e-04
 2.78993786e-04
 4.71648888e-05
-2.85965356e-04
 7.25257202e-05
 1.79544660e-04
-2.61931210e-04
-7.87622813e-05
-4.10772390e-05
-4.38688647e-04
 6.02155637e-05
-2.03694636e-05
-3.98535817e-04
-6.75636768e-06
-1.35654180e-04
-2.79396325e-04
 2.38815293e-06
 1.95989023e-04
-2.95229177e-05
-5.24157673e-04
-4.24295892e-04
 2.68127155e-04
 2.14477346e-04
 5.21829011e-05
 1.70359109e-04
 1.54677780e-04
 6.70475985e-04
 3.08621521e-04
-2.02969669e-04
 7.37345025e-05
 2.95929344e-05
 1.35459126e-04
-1.76534930e-04
-1.35337530e-04
 1.76981331e-04
-3.18384845e-04
-6.91669985e-04
-5.48431004e-04
-2.53197505e-04
-1.65622632e-04
-1.21922381e-04
-3.57294296e-05
-1.88435670e-04
 2.14308632e-04
 2.77747192e-04
-4.42460643e-04
-1.10627280e-04
-1.64523193e-04
-1.69415474e-04
 2.13941529e-04
-1.50640773e-04
-1.80281368e-04
 5.42547407e-05
-1.34559278e-04
-1.87853874e-04
 8.84494070e-05
-4.06840344e-04
-8.68074200e-05
 6.28680341e-04
 3.67693457e-04
 2.01450339e-04
 6.25334537e-04
 4.44969871e-04
-5.05819661e-05
-1.65083831e-04
-1.65274285e-04
 3.84233570e-04
 3.69489468e-05
 4.51408522e-04
-1.17138964e-05
-4.42786448e-04
 3.44653051e-04
-4.08396991e-04
-1.76960730e-04
-8.74780242e-05
-2.72760015e-04
 1.02205027e-04
 2.02478780e-04
-6.78016186e-06
-7.04362295e-05
-1.77849072e-04
-3.38069358e-04
-5.71706489e-04
-8.75851881e-04
-1.56093672e-04
-4.98816921e-05
-3.03942865e-04
 1.97643018e-05
 1.91870907e-04
 3.32625959e-05
-2.72533882e-05
-1.40913753e-04
-1.33180767e-04
-5.20390828e-04
-2.58980333e-04
-4.63486794e-05
-2.52549001e-04
 6.84954512e-04
 6.91614504e-06
-1.72783022e-04
 2.33917001e-04
 4.88010412e-05
-2.63198814e-04
-4.12879597e-04
 3.59792345e-04
-1.47961222e-04
-3.43574197e-05
 3.59583348e-04
-2.04747860e-04
-5.47085430e-05
-2.92247168e-04
-5.04208839e-04
-2.38243364e-04
-2.67960679e-04
-7.36720194e-05
-4.07447718e-05
 2.71018768e-04
-2.62675681e-04
-4.91432801e-04
 2.36146941e-04
-1.65153732e-04
-4.09864613e-04
-6.21961929e-04
 3.07549479e-04
 5.33246160e-04
-4.33734433e-04
-3.46700773e-04
-1.65484707e-04
 2.78421212e-04
-2.24856578e-04
-6.17890260e-04
-3.16686624e-04
-4.81402672e-04
-1.11666365e-04
 1.94546240e-04
-3.42038254e-04
-3.67302650e-04
-5.72582984e-05
-4.54923210e-04
-1.88090086e-04
 2.24920355e-04
 1.50427394e-04
 3.06378681e-05
-2.79715095e-04
-8.14288257e-06
-8.72028092e-05
-1.36683378e-04
-1.07303579e-05
 9.28047426e-05
-6.71098598e-05
 3.01121944e-04
-9.67296643e-04
-1.97703805e-03
 6.00042591e-04
 2.54040208e-04
-4.44519971e-04
 3.74609120e-04
 5.96669872e-05
 9.65651828e-05
 1.68936874e-04
-1.96729913e-04
 4.59320134e-04
-2.01017707e-04
 1.91122180e-03
 3.55676470e-03
-1.01841383e-04
 5.59678341e-05
 3.17716948e-04
 1.16401010e-04
-2.05508415e-04
-3.49070824e-04
 2.42524203e-04
-6.16985975e-04
 5.16336229e-04
 4.59180407e-04
-3.16188383e-04
-7.13517870e-05
 2.49714715e-04
 3.72696321e-04
 1.12492150e-04
 3.78279086e-05
-1.56010837e-04
-5.15541056e-05
-5.30834390e-04
-1.02503748e-04
 6.33204903e-04
 3.54116221e-04
 4.48096310e-05
 4.62982502e-04
 6.27035829e-04
-9.54790765e-05
 5.21255237e-04
 3.94023322e-04
-2.36078984e-04
 1.71047939e-05
 2.18873705e-04
 4.14268577e-04
 5.19175567e-04
 7.65490583e-04
 1.36594844e-04
-3.53624553e-04
-3.38044675e-04
-2.63348752e-04
-6.49003085e-04
-5.84469350e-04
 4.03730392e-04
-1.14867045e-04
-3.03077057e-04
 9.76070069e-05
 4.86043376e-05
 5.50309571e-04
-1.48471249e-04
-3.45273241e-04
 9.62777690e-05
-1.21729025e-04
 1.44039113e-03
-1.95457009e-03
 4.66603676e-03
 8.32609624e-03
-1.16017370e-03
 8.09903652e-05
-2.12869374e-05
-1.28534599e-06
 7.97055019e-04
 2.81971918e-05
 6.25936647e-04
 2.49373043e-04
 2.04633272e-04
-3.62549935e-04
-2.58077570e-04
 7.25609154e-05
 1.54535776e-05
-2.15233629e-04
-5.48522632e-05
-7.79047594e-05
-2.95863166e-04
-4.05690024e-04
-4.16626030e-04
-1.61311654e-04
 1.27970336e-04
-3.14343927e-04
 8.46609874e-05
 3.35965512e-04
 7.14079901e-05
 2.07765675e-04
 1.20695387e-04
 2.60324162e-04
-3.23885461e-04
-5.32784436e-04
-5.39706711e-05
 5.06581516e-06
-4.98330585e-05
-1.80065916e-04
-3.22829435e-04
 2.05972314e-04
 3.32858410e-04
 2.12280685e-04
-8.03323792e-05
-4.75449065e-04
 5.43082039e-04
-4.86329735e-04
-4.28682373e-04
 9.94509915e-05
-1.10124830e-03
-1.79906490e-04
-1.44099070e-04
 1.30935808e-04
-6.28965122e-05
-7.16423338e-05
 6.37320389e-04
 7.81572749e-05
 1.80952205e-04
-4.85964732e-05
 3.76556787e-04
 3.33095560e-04
-1.65009268e-04
 4.42179417e-04
-1.95639783e-04
-1.45296834e-04
 7.14417199e-04
 2.29273833e-04
 5.28919085e-04
 6.33684184e-04
 2.40687362e-04
 2.31568641e-04
-6.46403287e-05
-6.50842022e-05
-3.73097181e-04
-3.56140960e-04
-1.38393219e-04
-1.85175969e-04
-2.09439026e-04
 6.84987662e-05
-1.19126427e-04
-2.02920343e-04
 7.03070509e-04
-5.50034748e-05
-5.50399078e-04
 6.29384283e-04
 4.46384924e-04
 1.17245458e-04
 8.41950834e-05
-2.94444833e-04
 7.21980114e-05
-2.69891172e-04
-6.62914229e-04
 4.17909030e-04
 7.43155928e-04
-3.38118409e-04
 1.21636028e-04
 7.96334932e-04
 9.14080129e-05
-6.46678353e-05
-3.27114197e-04
 9.13852181e-05
 4.26149959e-04
-9.31196766e-05
 2.86010101e-04
-7.11750666e-05
-2.91934567e-04
 2.90251135e-04
-2.09496848e-04
-3.57760728e-04
 4.57614780e-05
-5.69851118e-06
-9.13336695e-07
-5.74972219e-06
-2.40611094e-06
 1.99544056e-06
-5.56604448e-06
 1.15092044e-05
-9.74339287e-06
 7.30763765e-06
