 5.85633051e-08
-5.04318105e-08
 2.05035571e-06
-6.63969220e-06
-6.32070063e-06
-1.93868184e-05
-1.07835718e-05
 1.27352842e-05
-1.51316276e-05
 2.39502093e-05
-3.06631518e-05
 4.55547272e-05
-4.79195326e-05
 6.75536462e-05
 4.17953783e-04
 5.74328106e-04
 9.68964999e-04
 2.10197073e-04
-4.03309028e-04
 4.55271526e-05
-4.73919232e-05
-1.28521827e-04
-2.28487202e-04
-1.23234336e-04
 1.59203321e-04
-3.88568632e-04
-2.10151434e-04
-6.78649492e-05
-1.89060938e-04
 7.80098627e-04
-6.73497810e-06
-5.42742638e-04
 6.79726354e-04
 5.02649591e-04
 4.20347581e-04
 1.56957705e-04
-1.43103327e-04
-6.20302856e-05
-4.34181888e-04
 2.98028443e-04
 4.21098667e-04
-5.60443281e-04
-1.64984351e-04
 5.76992859e-04
 1.16848176e-04
 2.66554540e-04
 2.78440166e-04
-1.32110289e-04
-7.00891650e-05
-6.57124673e-05
 1.94573584e-04
 2.60568521e-04
-1.69397059e-04
 1.02667893e-04
 2.35708118e-04
-3.76459845e-04
-2.13402538e-04
-8.69598162e-05
 4.44268675e-04
 1.02631278e-04
 3.91025486e-05
 7.20967926e-04
-4.69768406e-04
-3.61097724e-04
 5.35735006e-04
-8.76219984e-05
 8.32720988e-05
 2.61092300e-04
-1.35212100e-04
 4.47300262e-04
 3.82016100e-04
-8.67855890e-05
 4.02029801e-05
 3.04171205e-04
-4.36213054e-05
-1.98673288e-04
-2.71645603e-04
 2.29143176e-04
 5.71650196e-04
-1.42569612e-04
 2.16997532e-04
 4.32718774e-04
 4.93743951e-05
-5.20302434e-04
-4.97380244e-04
 1.95133461e-04
 5.43358276e-04
 3.75822192e-04
 5.14164279e-06
-3.05258805e-04
-2.24974211e-04
 1.00260836e-04
 1.05732864e-05
 4.43616224e-04
 7.53369710e-04
 7.96440083e-05
-3.66628961e-06
 3.47483034e-04
-1.07125353e-04
 1.31052872e-04
 2.84313290e-04
-1.51614453e-04
-3.62376548e-04
 1.78234569e-04
 1.03294696e-03
 1.06716893e-04
-2.20795356e-04
 1.17197335e-04
 2.21931664e-04
-2.09479596e-05
-4.94777903e-05
 8.64865572e-06
-6.00281333e-07
 7.12612313e-04
-3.74536375e-04
-3.63772944e-04
 1.81439159e-04
-1.10848380e-04
 7.18166623e-04
 1.16261742e-04
 3.39706001e-04
 6.94170381e-04
-3.44239452e-04
 5.31593701e-04
 2.73822199e-04
 3.13111432e-05
 3.10036149e-04
-2.36361221e-05
 5.01475967e-04
-9.31066186e-05
 1.31319636e-04
 3.33989666e-04
-4.06775438e-04
 7.37840771e-05
 2.61647766e-04
 1.95868531e-04
 5.30652604e-04
 1.31404206e-04
-5.19850382e-05
 1.32602841e-04
 5.14158683e-04
 6.54331757e-04
 2.46319817e-04
-5.87115538e-05
-5.62587992e-04
-1.05505456e-03
-5.27507081e-04
 5.71240324e-04
-1.03009477e-04
-8.40674237e-05
 8.31318447e-04
-1.23444700e-04
-2.14636980e-04
 2.70544844e-04
-2.18595728e-05
 3.18773921e-05
 1.57080859e-04
 1.90950765e-04
-2.34833181e-04
-2.90501080e-04
-1.58761858e-04
-7.77772498e-04
-7.52308819e-06
 6.07036330e-04
-9.30036124e-05
 7.18127437e-05
 2.61994637e-04
-5.02875370e-04
-2.40098811e-04
 2.11161218e-04
-3.31885393e-05
 2.60282795e-04
-2.20162951e-04
-5.59086483e-04
-1.67254383e-04
 5.13181549e-04
 2.80984481e-04
-2.72960506e-04
 5.62689637e-05
-1.24292487e-04
 2.28271542e-04
 1.20077981e-04
-2.85806882e-04
 3.31220795e-05
-1.33495679e-04
-3.93687823e-04
-4.28748191e-04
-1.18966458e-04
 6.09630714e-05
-2.57111020e-05
-1.98407933e-04
-1.81219881e-04
-1.01078956e-04
-2.63370842e-04
 3.28528076e-04
 2.95858674e-03
 1.70522338e-03
-2.97582501e-03
-1.35536270e-04
 3.00400556e-03
-1.53224176e-03
-2.62256390e-03
 2.26522576e-03
 2.41225307e-03
-1.71651392e-03
-2.89751103e-03
 3.06037415e-05
 3.23548807e-03
 2.33134952e-03
-3.85494553e-04
-2.99634670e-03
-3.86465788e-03
-2.66798164e-03
-1.42419470e-03
 1.93135483e-04
 1.20617209e-03
 1.28467408e-03
 1.79531454e-03
 3.00423841e-03
 2.66012497e-03
 1.97704012e-03
 1.72701904e-03
 5.15841072e-04
-8.79065313e-04
-2.15427576e-03
-3.27147596e-03
-3.27413803e-03
-7.62916249e-04
 2.27409185e-03
 3.16956328e-03
 1.21323658e-03
-2.02040776e-03
-2.77352423e-03
 1.15429662e-03
 3.00666128e-03
-1.06600923e-03
-2.40119918e-03
 1.78748749e-03
 2.25798643e-03
-3.32468875e-03
 7.47941589e-04
 2.44966263e-03
-4.02896190e-03
 2.16807969e-03
 1.93799512e-04
-1.47100890e-03
 1.64991460e-03
-1.73687740e-03
 1.37741200e-03
-5.49958762e-05
-3.13455191e-04
 1.37887796e-04
-3.98175148e-04
 2.58478190e-04
-5.88019588e-04
 1.73710618e-04
-1.19950675e-04
 1.53237445e-04
-5.28957662e-04
 6.03816094e-04
-3.02077361e-05
 3.61456142e-03
 3.44545440e-03
-6.15325137e-03
 1.08888442e-03
 5.81702135e-03
-4.40634963e-03
-3.73306708e-03
 5.56397125e-03
 3.59390953e-03
-4.63881408e-03
-5.83226847e-03
 6.70609644e-04
 6.95267904e-03
 4.36325700e-03
-1.88743513e-03
-6.29723286e-03
-7.05904333e-03
-5.21144724e-03
-1.58268734e-03
 2.58065737e-03
 4.50243354e-03
 5.84684877e-03
 6.31058387e-03
 6.15421100e-03
 6.30873800e-03
 6.16052783e-03
 5.47800555e-03
 3.19940355e-03
 1.76888486e-04
-3.30040162e-03
-5.99781225e-03
-7.05956429e-03
-4.22175581e-03
 2.93805449e-03
 6.64889788e-03
 3.64705526e-03
-3.42454703e-03
-6.81804528e-03
 3.14286210e-04
 6.57629096e-03
 1.00455011e-04
-5.69620640e-03
 1.90882593e-03
 6.07009074e-03
-5.92481071e-03
-7.67694643e-04
 5.68889759e-03
-6.29614800e-03
 3.91156934e-03
 8.84820027e-04
-3.53014851e-03
 3.81775045e-03
-3.91101007e-03
 3.51215298e-03
 3.17908638e-03
-7.80561729e-04
 1.17949280e-03
-6.49222099e-04
 7.39587524e-04
 1.94124243e-04
 7.09053423e-04
 5.92127896e-05
-1.74257031e-04
-3.61573844e-04
-1.45970536e-04
 6.51691877e-04
 1.01158931e-04
 6.51164051e-05
 2.24819111e-05
-1.89449159e-04
 1.17391595e-04
-1.19357822e-04
-5.42432108e-04
-1.24344908e-04
 1.78346790e-04
-2.23212288e-05
-1.20074107e-04
 1.88229231e-04
 2.73256206e-04
-2.99803122e-04
-2.65616461e-04
 1.12382043e-04
 1.74672898e-05
 2.50929004e-04
-5.78596699e-04
-1.55301941e-04
 4.79930734e-04
-1.75930006e-04
-1.56569837e-04
-1.98336834e-04
 3.59412339e-04
 6.91907956e-05
-3.88283476e-04
-9.51975113e-05
 2.49716438e-04
 3.88845878e-04
-3.30033066e-05
-4.21223993e-05
 2.38971656e-05
-1.25748307e-05
 2.16432080e-05
-1.94569088e-05
 7.78055865e-06
 4.50481662e-06
-7.37751964e-07
-4.59111896e-06
-7.92020666e-06
 3.81360043e-06
-1.11829922e-06
