-4.31014374e-08
 1.66220818e-06
-9.16217392e-06
 6.38346679e-06
-3.43389395e-06
 2.15415770e-07
 7.60388739e-06
-2.95222474e-05
 3.01676063e-05
-4.30958574e-05
 6.46605534e-05
-8.67375835e-05
 1.11328330e-04
 2.79547194e-04
-2.12651725e-04
 9.03376881e-05
-1.10144702e-04
 2.46119909e-04
 5.06007163e-04
-2.02481393e-05
-2.08346071e-04
-8.88531512e-05
 4.88772866e-04
-2.35932407e-04
-2.58659982e-04
 6.24321443e-05
 1.17764144e-04
-8.61002002e-05
-7.11405276e-04
 2.29560956e-04
 6.68939268e-05
-2.66252319e-04
-2.78509559e-05
-1.61833459e-04
 7.31658698e-04
 7.71214608e-04
-6.46304055e-05
 3.51776588e-04
 5.85580078e-04
-8.37332613e-05
-3.88626124e-04
-1.22967107e-04
 1.80293455e-04
 1.09581089e-04
 3.39084798e-04
 2.62123622e-04
-2.14121395e-04
-3.15278246e-05
 2.52207289e-04
 2.59950756e-05
-6.39932482e-05
-2.69889537e-04
-3.24927406e-04
 2.98713132e-04
 2.72528764e-05
-3.61564580e-04
-2.68374127e-04
 5.19103477e-05
 5.38873798e-04
 2.60864501e-04
 9.24036368e-05
 4.46909609e-05
 1.50280744e-04
 2.13194631e-04
 6.48493617e-05
 8.22975108e-05
 1.97739202e-04
 1.42070916e-05
-9.85938783e-05
-4.57050152e-05
-1.96862175e-04
-1.37211964e-04
-4.21005186e-04
-3.37766008e-05
 8.71123004e-05
 2.48632212e-04
 1.10055224e-03
 3.88260643e-04
-6.99304141e-05
 3.20860073e-04
-1.19878973e-04
-3.44369939e-04
-1.23287705e-05
-2.53191436e-04
-1.74288357e-04
 6.00297688e-05
 2.49521599e-05
-1.06761746e-04
-4.54512005e-04
-1.45965655e-04
 1.86011734e-04
 1.55742114e-04
 3.42373312e-04
 2.17981248e-04
 4.71646361e-05
-1.72253980e-05
-6.72470644e-04
 1.33349907e-04
 8.69651213e-04
 4.39766455e-04
 1.89747256e-04
-2.05603462e-04
 6.57840392e-05
 3.15800999e-05
-1.73212746e-04
-3.72691468e-04
-8.40008677e-04
-2.88765977e-04
 2.08124077e-04
-1.06221126e-04
-2.76362163e-05
 5.42443817e-05
 1.65724833e-04
 2.24743507e-04
 5.41766837e-05
 2.39754423e-05
-1.65522767e-05
-1.96743425e-04
-7.93048370e-04
-1.12696189e-04
 5.27416526e-04
-4.17631734e-04
-2.57919470e-04
-2.62269925e-04
 1.52881852e-05
 7.75724267e-05
-6.23762424e-04
 9.36134123e-05
-1.23001829e-04
-1.75538115e-04
 3.82987620e-04
 1.36290632e-04
 1.24444298e-04
-7.66775114e-05
 1.08276049e-04
 2.46627855e-04
-1.31828852e-04
 1.97520179e-05
-9.80579173e-05
 3.59916667e-04
 2.62112188e-04
-4.14031209e-04
 3.86418877e-04
-2.39657522e-05
 1.54183470e-04
 7.42095913e-04
-3.01417938e-04
 2.61342925e-04
 3.89441920e-04
-3.32986454e-04
 9.67514347e-05
 7.27771957e-05
 1.86552696e-04
 4.93173804e-04
 3.65519375e-04
 4.85009692e-04
-3.69374410e-04
-6.32855202e-04
-2.37785323e-04
-4.87648635e-04
 4.36526956e-05
 6.22518085e-04
 7.05110230e-04
 2.72294303e-04
-3.08311662e-05
-2.49890059e-04
-1.18821348e-04
-1.08848651e-04
-9.72269260e-06
 3.14582906e-04
-2.11326096e-05
-2.26766127e-04
 5.85394525e-04
-4.71811775e-04
 1.27113019e-03
 3.88913254e-03
-1.73437345e-03
-1.38497936e-03
 3.19211653e-03
-1.08105853e-03
-2.86024895e-03
 1.90294508e-03
 2.30323983e-03
-2.14396381e-03
-3.03235452e-03
 1.07304921e-03
 3.47305019e-03
 1.34185727e-03
-1.83034473e-03
-3.43662931e-03
-2.12636388e-03
 5.52603501e-04
 2.07893015e-03
 3.26134135e-03
 3.08294138e-03
 2.44013316e-03
 2.79048633e-03
 2.90728956e-03
 2.55385186e-03
 2.17489021e-03
 3.16522780e-03
 3.02910412e-03
 2.97288004e-03
 3.17348121e-03
 2.20729128e-03
 1.08333827e-03
-1.17450240e-03
-3.21909377e-03
-3.22792997e-03
 3.10450301e-04
 2.89296732e-03
 1.75819959e-03
-1.16401488e-03
-3.02231521e-03
 8.49530258e-04
 3.43936335e-03
-8.16822897e-04
-1.95185034e-03
 2.75393016e-03
 7.86285139e-04
-2.77642434e-03
 2.82792739e-03
-1.34648921e-04
-1.24744340e-03
 2.41975596e-03
-2.38920039e-03
 9.85846348e-04
 9.15050863e-04
-2.58190521e-03
-6.39332180e-04
-8.58254462e-05
 1.59850763e-04
-5.86143511e-04
-1.18510207e-04
 5.68005081e-04
 2.05669302e-04
 7.64115836e-05
-7.71014570e-04
 2.20680535e-04
-4.95971162e-04
 1.68178297e-03
 5.21013372e-03
-4.28809529e-03
-1.50183453e-03
 6.49939311e-03
-3.51785282e-03
-4.67419996e-03
 5.45670374e-03
 3.52227742e-03
-5.86109552e-03
-4.57941594e-03
 2.88504506e-03
 6.49266240e-03
 2.10308737e-03
-5.49822847e-03
-6.72920682e-03
-3.36767285e-03
 1.04509031e-03
 4.62374198e-03
 6.69233792e-03
 6.69599616e-03
 5.65066804e-03
 4.54802421e-03
 3.09412689e-03
 3.10020325e-03
 3.01633858e-03
 3.42945389e-03
 4.92760556e-03
 6.09012385e-03
 6.90795209e-03
 5.53004482e-03
 2.89805453e-03
-1.51644102e-03
-6.28330367e-03
-6.47484523e-03
-7.94662290e-04
 5.34363837e-03
 5.27043655e-03
-1.63708260e-03
-7.02422471e-03
-3.08405326e-04
 6.01043308e-03
-5.93069697e-04
-5.32568888e-03
 3.68815997e-03
 3.86255389e-03
-6.80291847e-03
 3.80113236e-03
 1.27373731e-03
-4.86791289e-03
 5.09211083e-03
-3.71823196e-03
 1.07124691e-03
 1.17643252e-03
-3.22860054e-03
 2.91985333e-03
-1.10585941e-03
 1.88916215e-04
 1.10646812e-04
-3.86228244e-04
 9.85039367e-05
-8.82820227e-05
 4.12201926e-04
 5.33639609e-05
 2.38583907e-04
 1.22528906e-04
 6.46255082e-04
 7.58237070e-04
 2.19959748e-04
 1.56160286e-06
 8.49530458e-06
-3.37753255e-04
 1.19920245e-05
 4.33704347e-04
 1.36850599e-04
 1.24512760e-04
-1.54881583e-04
 7.08996682e-05
 2.27991676e-05
 2.38099388e-04
 2.79516149e-04
-4.84247417e-04
-4.82953552e-05
-1.63984515e-04
 1.34718633e-04
 6.78049584e-04
-2.57268549e-04
-1.55109220e-04
 4.53414703e-04
-7.03943765e-05
-9.34421027e-05
-1.14512122e-04
-3.52406174e-04
 1.08173184e-04
-1.48401597e-04
 2.05698417e-04
 5.00533742e-04
 3.57201695e-05
-2.94072637e-04
-5.97434703e-04
 1.75443836e-04
 1.51108405e-04
 4.75778550e-04
 5.52944473e-04
-8.58305185e-04
-2.44221221e-04
 3.73819383e-04
 4.50154468e-05
 3.59938022e-04
-1.55372189e-06
-4.37739807e-05
-3.34386614e-04
 4.36721384e-05
 3.19591613e-04
-6.15197582e-04
-1.83571976e-04
 2.34373768e-04
 5.12128990e-04
 2.74438623e-04
-2.86823437e-04
-5.11474237e-05
 1.19464002e-05
-7.03426808e-07
 3.76722606e-06
-1.03763026e-05
 1.71891711e-05
-2.64296931e-06
-5.29545296e-06
-9.25645988e-06
-2.54338488e-06
