-2.24676821e-08
 2.07805697e-07
-9.81032101e-07
-2.40944830e-06
 2.02218573e-06
 6.49101602e-06
-1.71057113e-05
-1.17674384e-07
-7.28904667e-06
 7.64425626e-06
 9.36232972e-06
-1.16385164e-05
 3.38695096e-05
 2.06783359e-05
 1.77453775e-04
-2.65797298e-04
 3.57292966e-05
 6.96039671e-04
 2.64417420e-04
-5.85264484e-05
-3.69978789e-04
-2.24072256e-04
-2.16834504e-04
 1.24313712e-04
-1.13775804e-04
-5.43904494e-04
-1.11709620e-04
-5.19281143e-05
-3.03521314e-04
-4.13033998e-04
-9.50272215e-05
-1.29375718e-04
 4.92640800e-04
 3.63073828e-04
-7.41924456e-05
 4.39521724e-04
-1.42571879e-05
-9.80024469e-05
-1.60836813e-05
-3.91428294e-04
 1.33191252e-04
 1.30329426e-04
 2.24885246e-05
 8.74362056e-05
-2.43397572e-04
 5.52108599e-05
-1.27864085e-04
 2.08695836e-04
-3.12131460e-05
-5.08921760e-04
 3.07312205e-04
 2.21481529e-05
 6.94509865e-07
 1.62280450e-04
 6.39455609e-07
 2.54337462e-04
-1.01319428e-04
-2.35702821e-04
 1.77324884e-04
 3.12362690e-04
 2.98838282e-05
-2.59440403e-04
-3.02826383e-04
 2.31048696e-04
-5.87368164e-05
-1.23814273e-04
 4.85830427e-04
-1.82122124e-04
-9.52711588e-05
 1.06853695e-04
-6.11217445e-05
-1.35026270e-06
-2.17646401e-04
-3.94605330e-04
-1.43427148e-04
 2.38398136e-04
 5.03527044e-06
 4.19824002e-05
 2.37478465e-04
 2.94889459e-05
 3.71489618e-05
-5.10343484e-05
-5.81601571e-04
-2.09009287e-04
-1.26087913e-04
-1.81316023e-04
 6.03680823e-04
 4.16506747e-04
 5.22356256e-05
-1.54269616e-04
-5.11321147e-04
-5.97431201e-04
 1.07799499e-04
 4.83782855e-04
 6.30575261e-05
 1.46054644e-04
 1.76635864e-04
-5.27789976e-05
-9.50788989e-05
 9.36425444e-05
 5.73915311e-04
 3.53502233e-04
-5.94118049e-04
-3.10873455e-04
-1.95407440e-04
-3.61885722e-04
 2.52841085e-04
 5.86548790e-04
-3.62532703e-05
-3.45202494e-04
 4.19313848e-04
 4.85559697e-04
 1.01812342e-04
 6.13256075e-05
-1.34884723e-04
-4.42747286e-04
 1.72170725e-04
 1.42105359e-05
-8.34288386e-05
 1.51360844e-04
-3.35203619e-04
-1.90663774e-04
-2.35280007e-04
 3.64712937e-07
 1.96615254e-04
-6.55356206e-05
-2.56856262e-05
-3.39582949e-04
-2.40205892e-04
 3.73741134e-04
 3.53243261e-04
 6.03250204e-05
-4.51093248e-04
 1.43355045e-04
 2.78603101e-04
 3.11644975e-04
 5.53570836e-04
-2.94021765e-04
 3.67630271e-04
 2.31601277e-04
 1.34049217e-04
 6.02581667e-04
-1.90788598e-04
 9.19010307e-05
 2.89460798e-04
 2.22109344e-05
-8.33964508e-05
-9.94270189e-05
 1.51119414e-04
 4.72590245e-04
 3.90597470e-04
-2.71931777e-04
 1.38155527e-04
 2.51771085e-04
 5.80615144e-05
 5.47554649e-05
 2.24053666e-05
 6.02552315e-04
 2.10128029e-04
-2.70765896e-05
 4.28521877e-04
 3.84902900e-04
-6.97057360e-06
-2.57284733e-04
 1.14488022e-05
-9.22477873e-05
 2.58934661e-04
 4.95555175e-04
-2.35208151e-04
-2.62159626e-04
 9.64556751e-06
-2.31653839e-04
-5.18604977e-04
-3.64307200e-04
-3.61768070e-04
-4.10932929e-04
-2.25479587e-04
 1.62873700e-04
-7.10782230e-05
-9.24863477e-05
 2.18147167e-04
-2.62041215e-04
 2.18219499e-04
 3.12802823e-04
 4.36343827e-05
 1.18162011e-04
-1.37524677e-04
-1.74192216e-04
-3.22445351e-04
-1.21004664e-04
-1.78428092e-04
-4.48302498e-07
 2.97754522e-04
-3.33165803e-05
 2.85591270e-04
 3.29947216e-04
-1.70550239e-04
 6.06350371e-05
 2.36414651e-04
-1.41818266e-05
 2.97768059e-04
 1.29764335e-04
-6.67603110e-04
 4.09295073e-04
-3.09543248e-04
 1.02415172e-03
 2.16724038e-03
-2.51715292e-03
 1.02342882e-04
 2.92657782e-03
-1.91521820e-03
-2.37700246e-03
 2.34412501e-03
 2.33939373e-03
-2.61669260e-03
-3.29010248e-03
-3.10546671e-04
 2.15269538e-03
 2.85864726e-03
 5.45701081e-04
-2.37490600e-03
-3.12882078e-03
-2.59727886e-03
-1.05672947e-03
 3.80916523e-04
 1.35489653e-03
 2.42054503e-03
 2.43646484e-03
 2.91428200e-03
 3.11137733e-03
 2.35475205e-03
 2.15561120e-03
 1.40414475e-03
-5.47101213e-04
-2.41602053e-03
-3.25190429e-03
-3.04649231e-03
-1.22588579e-03
 2.08228965e-03
 2.74627570e-03
 3.06593389e-04
-2.61672776e-03
-3.18384125e-03
 1.25120105e-03
 3.61957703e-03
-1.04140210e-03
-2.64876584e-03
 2.22302327e-03
 1.88687378e-03
-3.65709108e-03
 7.45801241e-04
 1.92559507e-03
-3.40707283e-03
 2.15071709e-03
-6.19567116e-04
-1.09512249e-03
 2.06545653e-03
-1.76508076e-03
 7.45079437e-04
-5.97342056e-04
-4.99159523e-04
 5.04598999e-04
-2.93451592e-04
 5.88947220e-04
-8.98979783e-05
-3.91336410e-05
-7.26957669e-06
-1.78945881e-04
-2.82822832e-04
 9.06875079e-05
-1.29824036e-04
 4.53018463e-03
 3.38917935e-03
-5.91337068e-03
 1.40756133e-03
 6.15329286e-03
-4.37956824e-03
-4.08716797e-03
 5.88253567e-03
 4.75590540e-03
-5.12046068e-03
-6.14669097e-03
 8.87250114e-04
 6.29950405e-03
 5.14761474e-03
-1.18066683e-03
-6.12416183e-03
-7.25628486e-03
-5.22066931e-03
-1.37378085e-03
 1.96876954e-03
 5.16420685e-03
 5.48267575e-03
 5.20448120e-03
 6.34045721e-03
 6.00547368e-03
 6.18890242e-03
 5.17202707e-03
 2.39747783e-03
-5.49665182e-05
-2.84812562e-03
-6.38794661e-03
-7.20579670e-03
-3.62825636e-03
 2.40601298e-03
 6.86590161e-03
 4.58107283e-03
-3.19295034e-03
-6.96375868e-03
 5.49518027e-04
 7.08045369e-03
-1.25565395e-04
-6.16338272e-03
 1.63363743e-03
 5.50656864e-03
-5.48954414e-03
-3.21742449e-04
 5.68113582e-03
-5.95250818e-03
 3.43675908e-03
 2.93971017e-04
-3.57630844e-03
 3.75412319e-03
-2.51723149e-03
 2.34666001e-04
-1.62155428e-03
-4.81021801e-04
 3.49263381e-04
-1.14049331e-03
 4.82055003e-04
-7.63820836e-04
-1.66425193e-04
-4.67552074e-04
-3.02599355e-04
-4.91315706e-05
 2.20750657e-04
 2.12965597e-04
 4.12217295e-04
-1.61665963e-04
-7.51220249e-04
-1.25037244e-04
 1.97071289e-05
-4.48462869e-04
 9.72339666e-05
-7.74090777e-05
-2.77613551e-04
-3.09624879e-05
-5.87196000e-04
-4.76513070e-05
 3.08959873e-04
 3.72354734e-04
 2.46929893e-04
-2.21161030e-04
-2.58826015e-04
-2.98896597e-04
-1.71288658e-04
 1.92481307e-04
 5.58717099e-04
 3.39143480e-04
 1.98424089e-04
 9.62843586e-05
-7.03924768e-05
 3.98934910e-05
-1.97664092e-05
 1.84609390e-05
-3.51125861e-07
-6.04360078e-08
-1.92264663e-06
-1.56352646e-05
-2.19627800e-07
