 4.76619657e-08
-3.19054948e-08
-1.08826910e-06
-2.53484752e-06
 5.71783331e-06
 6.66387272e-07
-2.17306883e-06
 2.06694491e-06
 8.30095526e-06
-1.73858847e-06
 1.66690656e-06
-1.12586322e-05
 1.37404649e-05
 8.37359443e-05
 2.00906499e-05
-2.27213932e-04
-9.83968733e-05
 2.29833828e-04
-3.24942957e-04
-2.50414776e-04
 6.37670768e-06
 2.18071943e-04
 3.00941640e-04
-5.02017923e-04
-2.44252927e-04
-2.38844432e-04
-6.64652541e-04
-2.09850034e-04
 3.94731953e-04
 1.57812041e-04
 3.72137875e-05
-1.90644666e-04
-2.29278619e-04
 3.32515425e-04
-1.09973463e-04
 1.20928955e-04
-1.51474877e-04
-4.33061680e-04
 3.61635907e-04
 2.10349375e-04
 2.07517498e-04
-2.20005955e-04
-1.41429577e-04
 2.51158031e-04
-8.88262690e-05
-3.50761165e-04
-5.82459461e-04
 1.44792048e-05
 2.81024053e-04
-2.64671034e-05
 1.18338481e-04
 3.75617635e-05
-3.72865839e-04
-3.58863513e-04
 2.15432083e-04
 2.46300991e-04
-8.28534884e-05
 1.37893594e-04
 1.16967338e-04
-1.22494784e-04
-3.11072865e-04
-3.42569163e-05
 2.25725070e-04
 2.31772884e-04
-1.61805173e-05
-2.33201302e-04
 8.92969174e-05
 2.86628492e-04
 2.28928853e-04
 1.25861875e-04
 6.34397486e-05
-1.00370664e-06
 2.56534139e-04
 1.91419597e-04
-5.30323674e-05
 1.56350928e-05
-1.39722877e-04
 7.15771418e-05
-1.72032520e-04
 1.82271199e-05
 2.33544566e-04
-4.92998679e-04
-2.73070462e-04
 9.05074579e-05
-3.04185246e-04
-3.71046382e-04
 2.23167114e-04
-7.74570747e-05
-1.75824305e-04
 2.75146813e-05
-2.55453811e-04
-8.90613256e-05
 9.54148508e-05
 8.02969695e-05
 1.06609122e-04
-7.54390315e-05
 6.63788469e-05
 1.09752577e-04
-9.61349493e-05
-2.13197967e-04
-3.17662313e-04
-2.28457869e-04
-3.56441010e-04
-2.35728814e-04
-3.59690980e-04
-4.28540803e-04
 1.37602795e-05
 2.45201309e-05
 3.75994312e-04
 5.37080794e-04
-2.59526879e-04
-3.00807155e-04
 1.45677143e-04
 3.53674050e-04
-7.09669235e-04
 8.79330924e-04
 1.87636651e-03
-1.98022864e-03
 1.56200981e-03
-7.30535224e-04
 1.40899812e-03
-2.24581258e-03
 2.29780536e-03
-4.20196616e-04
 1.72551925e-03
 4.26001418e-02
-2.95374668e-02
-2.52152586e-02
 6.11619434e-02
-2.29018308e-02
-4.70340409e-02
 4.18200204e-02
 3.94251680e-02
-4.16916339e-02
-5.10441238e-02
 2.12632426e-02
 5.88791636e-02
 2.45893785e-02
-3.56866691e-02
-6.32544667e-02
-4.20838600e-02
-8.89176200e-04
 3.44212144e-02
 5.62523613e-02
 6.25218528e-02
 5.74077527e-02
 4.82809151e-02
 4.13362089e-02
 3.83293531e-02
 4.00313729e-02
 4.59485745e-02
 5.44639482e-02
 6.18636164e-02
 5.92551335e-02
 4.27195112e-02
 1.19308075e-02
-2.99081329e-02
-6.12070861e-02
-4.98628329e-02
 5.41642483e-03
 5.44766324e-02
 4.12167055e-02
-3.05925014e-02
-5.92890766e-02
 1.61764897e-02
 5.47002940e-02
-2.15268312e-02
-4.70218130e-02
 4.50833516e-02
 1.84252893e-02
-6.05441331e-02
 4.67648840e-02
-5.34374148e-03
-3.15643671e-02
 4.69191383e-02
-3.84585359e-02
 1.84122376e-02
 1.23351765e-03
-2.01823227e-02
 2.47340847e-02
-1.25289138e-02
 7.91931271e-03
-1.17909983e-03
-3.46388581e-03
 5.55621816e-03
-4.31613977e-03
 5.39327006e-03
-7.85276678e-03
 6.70319958e-03
-2.07807800e-03
 4.60424953e-03
 7.86546955e-02
-6.98300203e-02
-3.46425815e-02
 1.21925808e-01
-6.18316523e-02
-8.21711245e-02
 9.39779997e-02
 6.34824332e-02
-9.67873780e-02
-8.89367845e-02
 6.12832029e-02
 1.15761430e-01
 3.00135590e-02
-8.81309693e-02
-1.24188853e-01
-6.59344435e-02
 2.18599794e-02
 8.73616039e-02
 1.18467471e-01
 1.20499143e-01
 1.01385440e-01
 7.80327229e-02
 6.19966251e-02
 5.59157708e-02
 5.89452725e-02
 7.07029524e-02
 9.24680698e-02
 1.14102364e-01
 1.21830483e-01
 1.03589885e-01
 5.05087022e-02
-3.20039836e-02
-1.09961032e-01
-1.14719923e-01
-1.86323130e-02
 9.47116121e-02
 1.00811839e-01
-3.19895419e-02
-1.24884184e-01
 1.32601590e-03
 1.15826367e-01
-1.45977315e-02
-1.07167241e-01
 6.61463221e-02
 6.79946995e-02
-1.24673725e-01
 6.85291769e-02
 2.24475992e-02
-8.53840630e-02
 9.59320910e-02
-6.28836970e-02
 1.58751348e-02
 2.39952386e-02
-5.66018641e-02
 4.09210774e-02
-1.69087859e-02
 8.55507604e-03
-1.84087696e-03
-2.97692987e-03
 5.20730143e-03
-5.60811926e-03
 4.95142777e-03
-3.22736414e-03
 1.38020030e-03
 1.30182980e-04
-5.16041216e-04
 1.05094234e-04
-6.63798895e-04
-1.61009439e-04
 2.05667557e-04
 1.97991670e-04
-1.82187531e-04
 1.39645833e-04
 4.05991315e-04
-4.92367500e-04
-2.17494653e-04
-1.79742648e-04
-1.43694271e-04
 3.85713765e-04
 1.80008648e-05
-2.25954019e-04
-9.34114332e-05
-3.46610188e-04
 2.19000636e-04
-2.04449862e-05
-7.40167535e-05
 2.76940187e-04
 2.90091925e-05
 5.30908207e-04
 2.41156990e-05
 8.68429013e-05
-2.44448156e-04
-3.81295328e-04
-1.55526022e-04
-2.26513234e-04
 1.12077487e-04
-3.99737937e-04
 4.66224834e-04
 2.46582521e-04
-1.79223938e-05
 8.91092377e-05
-2.66601278e-04
 2.15199360e-04
-2.59005458e-04
 2.78967587e-04
-7.13271166e-05
-3.44408697e-04
 1.23162373e-04
-6.26780935e-04
-1.89217428e-04
-1.58319621e-04
 4.52432670e-04
 1.74168328e-04
-3.59492439e-04
 2.86415115e-04
-2.50007938e-04
 1.62638241e-04
-1.83255020e-04
 2.27769723e-04
 6.34176304e-04
-1.37318275e-04
 3.37154286e-04
 7.34811341e-05
-1.24735675e-04
-4.22610706e-04
-3.21927171e-06
 2.13108382e-04
-3.23377693e-04
 6.36786652e-04
 2.89740087e-04
-4.97268083e-06
 6.58874435e-04
-1.03097088e-04
-3.49480091e-04
 1.79000226e-04
-1.78182958e-04
-4.07588361e-04
-2.70616636e-04
 1.30373346e-04
 4.41965650e-04
 2.05928395e-04
 3.45181064e-04
-2.56085452e-05
 2.81513684e-04
 7.90490886e-04
-2.73415788e-04
-1.10654315e-04
 1.46885473e-04
-1.43726105e-04
 2.45281123e-04
-1.71977924e-04
 1.14768328e-04
 3.56525660e-04
 1.21783454e-04
-4.83714864e-04
-6.32781496e-04
 3.55601749e-04
-1.12410451e-05
-7.68407489e-05
 3.27540086e-05
-1.76418420e-04
-4.22429655e-04
-1.06784217e-04
 8.10707230e-04
 2.73552571e-04
-6.00282435e-05
 3.87508419e-04
 2.16074690e-04
 7.12796161e-05
 4.05943376e-05
-1.24285470e-05
 1.25812599e-05
 9.85954925e-08
 1.98489914e-06
-1.74244767e-05
-2.65676250e-06
 2.00018981e-06
-8.30691839e-06
-2.65737750e-06
