-3.59224510e-08
 1.11528031e-07
-8.61610705e-07
 4.24424970e-06
-1.04969631e-05
 1.10902305e-05
-1.49741356e-05
 7.16941566e-06
-1.34415804e-05
-3.79363044e-06
 2.03304936e-05
-6.72825522e-05
 9.75002074e-05
-1.42618058e-04
 1.06118747e-04
 1.33374889e-04
-2.28210349e-05
 2.38849093e-04
 2.20563918e-04
 3.91380456e-04
-4.04422372e-05
 2.99196635e-04
 7.91195506e-04
 3.96358404e-04
-3.05822788e-05
-2.25117110e-04
 4.07307111e-04
 2.02088544e-04
-3.71724586e-04
 3.90326502e-05
-4.87035881e-04
-3.59912200e-04
-2.43389458e-04
-2.67497831e-04
 2.35724602e-05
-2.71031022e-04
 2.01068334e-04
-2.95922459e-04
-1.10418341e-04
-1.50274898e-05
 1.00445664e-04
 3.82844112e-04
 3.82552668e-04
-9.32337173e-05
-4.20605867e-04
 1.83595511e-03
-1.57281250e-03
-1.76262532e-03
 3.06631456e-03
-8.74387558e-04
-2.45932995e-03
 2.41658998e-03
 2.77004482e-03
-2.08382170e-03
-2.66537198e-03
 1.53003805e-03
 3.17584417e-03
 1.30962668e-03
-1.66114136e-03
-2.90166214e-03
-2.05260028e-03
-1.11486707e-04
 2.33989743e-03
 3.52818521e-03
 3.59783476e-03
 3.30673989e-03
 2.50109766e-03
 2.66744190e-03
 2.44896021e-03
 2.35937292e-03
 2.94158634e-03
 2.46926746e-03
 3.00189092e-03
 3.41083051e-03
 1.71427909e-03
 4.96911876e-04
-1.10047500e-03
-4.14891263e-03
-2.98522159e-03
 9.66880068e-04
 3.06090303e-03
 2.51951995e-03
-1.59942753e-03
-3.65197796e-03
 6.70392604e-04
 3.30455907e-03
-1.06622643e-03
-2.10108769e-03
 3.17974013e-03
 1.01786657e-03
-3.14399627e-03
 2.68240816e-03
-8.53378688e-04
-2.04634927e-03
 2.78371419e-03
-2.27514162e-03
 1.11097586e-03
-3.55201626e-04
-4.37867598e-04
 3.13202378e-03
-7.58808427e-04
 6.64649755e-04
 4.05478715e-04
-2.82949226e-04
 9.88166049e-05
-3.50837280e-04
 7.04070931e-04
-4.26005038e-05
-1.47085197e-04
 3.68540889e-04
-2.10496966e-03
 4.20558465e-04
-3.52659231e-03
-1.98250697e-03
 6.60514523e-03
-3.28302673e-03
-4.70816829e-03
 5.48760663e-03
 2.90971238e-03
-5.70435431e-03
-5.18834359e-03
 3.48106671e-03
 6.71547964e-03
 1.61153879e-03
-4.86154762e-03
-6.92577828e-03
-3.46908688e-03
 1.32535634e-03
 5.35171092e-03
 6.48952787e-03
 6.09216888e-03
 5.59539617e-03
 4.23031629e-03
 3.34702437e-03
 3.34109208e-03
 3.29443527e-03
 3.57454090e-03
 5.17772753e-03
 6.67233016e-03
 6.82210263e-03
 5.59275078e-03
 2.56771369e-03
-1.90900365e-03
-5.74697664e-03
-5.73598729e-03
-6.23540587e-04
 4.88280028e-03
 5.29029547e-03
-1.97712140e-03
-7.19318011e-03
-9.30240012e-05
 6.77234705e-03
-3.38087934e-04
-6.32208981e-03
 3.14680595e-03
 3.63090435e-03
-7.04719612e-03
 3.66925199e-03
 1.21224599e-03
-4.55634103e-03
 5.47548191e-03
-4.13445190e-03
 1.35069127e-03
 2.25261417e-04
-4.59006945e-04
 6.14887412e-03
-2.07056016e-03
 1.53691129e-03
-1.27277323e-04
-1.77717706e-04
 7.12834396e-04
-9.17950687e-04
 6.17275580e-04
-3.09437392e-04
-1.59527407e-04
-4.52812312e-04
-4.40090438e-04
-2.02742335e-04
-3.22380646e-04
-3.58036533e-04
-2.50945944e-04
-2.91000475e-04
-2.01059128e-04
 1.21011286e-04
 2.66530761e-04
 9.34870096e-05
-1.85637598e-04
-1.63685847e-04
-1.24535218e-04
 1.60441190e-04
-2.53815070e-04
-1.59318451e-05
 1.54389791e-04
-8.51675909e-05
 1.50466150e-04
-5.81058266e-04
-1.20345224e-05
 3.27253719e-04
-5.65789235e-04
-8.11310703e-05
-4.88389005e-05
-2.51677741e-04
 6.26073080e-04
 5.55933648e-04
 4.80194657e-04
 3.41999974e-04
-3.00056355e-04
-2.83678353e-04
-3.99563432e-04
-1.39244184e-04
-1.00496105e-04
 2.04944889e-04
 4.03906334e-04
-5.70247959e-04
-2.86749300e-04
 6.31755186e-04
 1.55153591e-04
-4.86163080e-04
-3.45913820e-04
 2.26950015e-04
 7.84969349e-05
-2.17221000e-04
 3.22388180e-04
 5.61689683e-06
-1.43190705e-04
 6.33455962e-04
 5.72917924e-04
 4.80148385e-04
-2.29315615e-04
-5.17321162e-04
 3.92130503e-04
-2.33461421e-04
-8.68351348e-05
 4.08743844e-04
 3.75806886e-04
 2.41055162e-04
 4.25840566e-04
 2.84113259e-04
-7.75626072e-05
 5.05450016e-04
 4.17229690e-05
-1.76398093e-04
-7.44431834e-05
 2.58396183e-04
 6.14436195e-04
-3.37985067e-05
-1.23787387e-04
-3.91383369e-05
 3.70116544e-05
 3.47493861e-04
 4.82432015e-04
 2.53210514e-04
 1.18632491e-04
 7.60170867e-04
 4.95999372e-04
 8.89170166e-05
 2.62851872e-06
 5.03751105e-04
 4.44543139e-04
-2.26199484e-04
 1.90480824e-04
-1.72787101e-04
-2.45098997e-04
 1.15849839e-05
-2.72080221e-04
-3.42946311e-04
-6.80850596e-05
 1.78571804e-04
 1.03764941e-04
 6.63255568e-04
-7.23328744e-06
-5.76839462e-04
 2.91284370e-04
-7.03525063e-05
 2.00840358e-04
 2.98448572e-04
 8.92458324e-05
-8.50227493e-05
-1.28000598e-04
-2.52212980e-04
 5.05185144e-05
 4.21571691e-04
-4.38956450e-04
 3.46152193e-04
 1.28403526e-04
 6.25759662e-05
 3.94317474e-04
-2.76071528e-04
 1.56524426e-04
 2.59632945e-04
-3.17030434e-04
-2.69328866e-04
 7.31002347e-05
-3.73349443e-04
 6.51579114e-05
 2.40270516e-04
-9.15042953e-05
 5.36659834e-05
-1.27189610e-04
 7.62545916e-04
 4.28634121e-04
-1.19244666e-04
 3.12629347e-04
 1.81152643e-04
 1.79505195e-04
-1.84314133e-04
 2.37355932e-04
 6.06663701e-04
 5.06318953e-04
 6.74813862e-04
 1.13635324e-04
-9.08650553e-05
 3.23885064e-04
 3.00968322e-04
 5.93671618e-05
 1.83728000e-04
 4.72620164e-05
-6.63218538e-05
-2.10324729e-04
-3.09118935e-04
 4.98233199e-05
-5.37853674e-05
-2.80953126e-04
 2.13567475e-04
 4.25352660e-04
-3.85521271e-04
-4.17760382e-04
-3.37521296e-04
-4.34598186e-04
-1.96742648e-04
 1.70191878e-04
-1.24094478e-04
-3.19467098e-04
 1.24450783e-04
 1.39676188e-04
-1.07366421e-04
 8.46251801e-05
 4.67433725e-04
-5.52964801e-05
-4.58859713e-05
 3.00545180e-04
-2.67312710e-04
 2.96757129e-04
 6.42928067e-04
 3.09067736e-04
 4.95980586e-04
 1.57292739e-05
 2.62262482e-04
-1.66114349e-04
 6.92626570e-05
 1.79463511e-04
-2.52926009e-05
 8.20323505e-04
-1.24026348e-04
 3.81247292e-05
 5.05532227e-06
-4.18813462e-04
 2.39491626e-04
 8.65450735e-05
 1.18111988e-04
 2.73563886e-05
-2.73842993e-05
 2.38194856e-05
-3.63714361e-05
 2.16927178e-05
-1.17552720e-05
 7.39066922e-06
 3.30960394e-06
-4.50956828e-06
-2.15404906e-06
