 3.21801399e-08
-8.20383447e-08
-1.88688499e-06
 2.92609684e-06
 2.52746655e-06
-7.23146288e-06
 8.30110296e-06
-2.05154538e-06
 1.22810563e-05
-2.06779266e-05
 1.83686791e-05
-1.90772149e-05
-2.62793894e-06
 7.69714878e-05
-2.12526825e-04
 2.75421718e-05
 1.15882211e-04
-1.33686200e-04
-3.92213009e-04
 1.51697047e-04
 3.55555768e-04
-1.75797112e-04
 6.18725098e-04
 5.43583994e-04
 1.62877270e-04
-1.79849886e-04
 6.37190190e-05
 4.90273088e-06
-2.82571610e-04
 8.34976779e-05
-5.22514370e-04
 1.13789425e-04
-1.81410673e-04
-2.99822517e-04
 3.80391879e-04
-3.17737466e-04
-1.31587471e-04
-4.01917958e-04
-2.76522720e-04
 1.24642713e-04
-4.67149699e-04
-1.80725621e-04
-6.69131941e-05
 4.24012536e-04
 7.70600891e-06
-2.76692357e-04
 6.06606833e-04
-2.99814028e-05
 6.13258149e-04
 1.67569359e-04
-8.18173108e-04
-2.52644115e-04
-4.40054472e-04
-1.20509058e-05
 5.42424385e-04
 6.22005557e-04
-2.09015999e-04
-2.54556251e-04
 3.27552747e-05
-1.65628045e-04
 2.65455613e-04
-1.05372122e-04
 1.24558337e-04
-4.07840665e-04
 2.53202138e-05
 7.55792751e-04
-5.28183338e-04
-2.35786238e-04
-2.96759319e-06
 1.80291409e-04
-1.87419677e-04
-3.01921583e-04
 1.74358471e-04
-1.80294551e-04
 2.49591950e-04
-2.90001517e-04
-1.20128637e-04
 2.43807649e-04
-4.48547885e-04
 2.99995801e-04
 2.94990366e-04
-3.47416378e-04
 3.57793291e-04
 4.29283470e-04
-3.12235478e-04
 1.50163269e-04
 4.85780534e-04
-4.49450476e-04
-8.66797451e-04
-8.08276652e-05
-3.67050429e-05
-1.86054092e-04
-2.23066097e-04
 4.74115566e-04
-1.35763824e-03
 4.48095212e-05
 2.22684367e-03
-3.19571550e-03
 3.39497592e-05
 3.35209528e-03
-2.35201250e-03
-2.37949560e-03
 2.15781069e-03
 2.39255532e-03
-1.71521951e-03
-3.19987668e-03
-2.09172771e-05
 2.55187115e-03
 2.59643396e-03
 3.93998857e-04
-2.41713949e-03
-3.30876995e-03
-2.89490573e-03
-1.27350136e-03
 1.03130410e-04
 1.28857357e-03
 2.32301602e-03
 2.26728854e-03
 2.41877349e-03
 2.61219229e-03
 2.25333997e-03
 1.79822494e-03
 7.58821824e-04
-6.68104949e-04
-1.66220992e-03
-3.26984062e-03
-3.17161001e-03
-6.65701708e-04
 1.87253795e-03
 3.54002299e-03
 1.23089892e-03
-2.44293320e-03
-2.86024064e-03
 8.00452685e-04
 3.04780088e-03
-1.07999493e-03
-2.79837557e-03
 1.30364383e-03
 1.86821917e-03
-3.28641812e-03
 5.22229119e-04
 2.55070836e-03
-3.55129371e-03
 1.74670207e-03
-2.05262469e-04
-6.28699589e-04
 2.51734538e-03
-2.63637853e-03
 3.13662241e-03
 2.72107841e-03
-7.82984996e-04
 3.28820680e-05
-3.14917937e-04
 5.25581644e-04
-3.96000701e-04
-2.14741244e-04
-3.28526740e-04
 2.50674533e-04
-7.02992163e-04
 1.57116992e-03
-3.34173080e-03
-1.43426430e-03
 4.24384595e-03
-6.02038734e-03
 7.88050752e-04
 5.48845795e-03
-4.65760876e-03
-3.51754943e-03
 5.08774265e-03
 4.15390074e-03
-4.86740161e-03
-5.47752330e-03
 1.33627068e-03
 6.92716838e-03
 4.99023928e-03
-1.40555262e-03
-5.77741245e-03
-6.32785398e-03
-4.18065755e-03
-1.61694811e-03
 1.09665672e-03
 3.52003397e-03
 5.98110154e-03
 6.13687036e-03
 5.49615361e-03
 5.93363400e-03
 5.71456178e-03
 4.71361019e-03
 2.99160879e-03
 3.20830963e-04
-3.48420648e-03
-6.41370515e-03
-7.33688793e-03
-4.07038246e-03
 2.88718828e-03
 7.07025726e-03
 4.62150779e-03
-4.00688481e-03
-7.21060536e-03
 4.84489680e-04
 5.86349851e-03
-3.16602864e-04
-6.23386226e-03
 2.36689586e-03
 5.69913096e-03
-6.16006755e-03
-8.60145960e-05
 5.60063718e-03
-6.63005423e-03
 2.66147094e-03
 8.71237379e-05
-3.19930566e-03
 4.34846753e-03
-4.34001407e-03
 4.36302942e-03
 4.22963305e-03
-1.55508532e-03
 5.31624944e-04
-7.84257503e-04
 1.07731069e-03
-6.73064905e-04
-2.13673603e-04
 1.40582619e-04
 1.25505614e-04
 7.35892385e-04
-4.37915164e-04
-3.53740450e-04
 6.48711276e-05
-2.78619863e-04
 2.83794684e-04
 4.50895058e-04
 2.45147873e-05
-8.81546218e-05
-1.63476069e-04
 3.09232703e-04
 4.02312671e-04
 7.68204331e-05
-2.88631319e-04
 1.63154410e-04
 3.71534167e-04
-2.84883364e-04
 7.89034220e-05
 2.91134858e-04
-5.37797601e-04
-6.63172581e-04
 8.65560691e-06
 4.82359637e-04
 1.34287995e-04
-2.90443452e-04
-1.88229948e-04
-2.56143343e-04
 3.26562887e-05
 3.75547081e-05
 1.23131485e-05
 1.01687408e-04
 2.11550820e-05
 1.81465502e-04
 2.20790288e-04
 3.07699037e-04
 2.33259522e-04
 2.17032171e-04
-1.18585712e-04
 4.46850323e-04
 4.48443007e-04
-9.09960569e-06
 4.64496556e-04
 7.52803045e-05
 8.05589640e-04
 2.93090838e-04
-3.34524101e-04
 5.92850925e-04
 1.52613540e-04
 1.44731643e-04
 3.76766686e-04
 5.64063695e-05
-1.11552729e-04
-2.78277887e-04
-7.01426488e-04
-5.73909231e-04
-3.63195891e-04
-1.02788831e-04
 5.13439620e-04
 6.57399358e-05
 4.23320067e-04
-2.58602806e-04
-5.19110325e-04
 4.75883945e-04
-2.81049550e-04
 5.96488959e-05
-2.33476983e-04
-3.00264755e-04
 6.36265549e-04
 1.33159593e-04
-2.86153773e-04
 6.25612832e-06
-5.07361605e-05
-1.61136214e-04
-1.69467251e-05
-5.21395983e-04
-5.34641324e-04
 1.77157588e-04
 2.84106041e-04
-1.72671411e-05
-9.05811928e-05
 6.00452886e-05
 1.52544024e-04
 4.23601411e-04
 1.87500373e-04
-1.16685752e-04
 1.74378680e-04
-8.81870140e-05
-1.94679619e-04
 6.98234989e-05
 8.94994797e-05
-3.68051348e-04
-2.66407374e-05
 2.49921530e-04
-2.85056370e-04
 3.51301975e-04
 5.07464703e-04
-8.40718840e-05
 5.11279014e-05
 2.81817348e-04
-2.68807837e-04
-2.17152410e-04
 2.50301083e-04
 4.71295280e-05
 2.40886711e-04
 1.03389518e-04
-1.41823891e-04
 3.85151109e-04
 2.23503926e-04
-1.72337319e-04
 3.91503847e-04
 5.35498668e-04
 3.19573683e-04
 8.11420387e-05
-2.40939111e-04
-4.07793747e-04
-2.74285544e-04
 1.24886794e-04
 2.05034785e-04
 1.89615893e-04
 6.95010632e-05
-1.05089720e-04
-6.57185826e-05
-1.72136130e-04
-2.90753305e-04
-1.37137313e-04
 2.09578133e-06
 3.07921146e-04
-3.76110918e-04
-5.52999804e-04
-1.74744878e-04
 1.56747663e-04
 2.59706746e-04
-4.28756927e-04
 6.23630104e-05
-2.28567956e-04
-3.23384844e-04
 1.38542534e-04
-7.48883113e-05
 4.78333716e-05
-8.02428628e-06
 2.79021940e-06
 2.22909463e-06
-1.28522280e-05
 1.89604864e-05
-9.25053804e-06
 1.01771949e-05
