 3.64481241e-08
-1.89385971e-06
 5.41698367e-06
 3.05279757e-06
 3.43427666e-06
 2.26529227e-06
-2.34037295e-06
 1.21202421e-05
-1.56477625e-05
 1.51224456e-05
-3.12701962e-05
 2.72218255e-05
-3.23130280e-05
-2.35485261e-04
-3.63387685e-04
-6.90903849e-05
-5.35095747e-05
-1.78073385e-04
-5.45615632e-05
 1.13669690e-04
 5.17062139e-04
-1.45488035e-04
 7.82959105e-04
-6.68439068e-04
 1.27484470e-03
 4.18914814e-03
-2.16354423e-03
-6.18905610e-04
 3.31037962e-03
-1.60791686e-03
-2.33110985e-03
 2.50292333e-03
 2.22913843e-03
-2.13817843e-03
-2.64173170e-03
 1.01681462e-03
 2.96772751e-03
 5.81058416e-04
-1.97263464e-03
-3.58429539e-03
-2.89079638e-03
 2.88861953e-05
 2.11926233e-03
 3.07208881e-03
 3.54489549e-03
 3.19017343e-03
 2.34755493e-03
 2.52692073e-03
 2.51538046e-03
 2.19051489e-03
 2.36015006e-03
 3.27376787e-03
 3.99133575e-03
 3.26307266e-03
 2.30155868e-03
 1.13667521e-03
-1.54497374e-03
-3.85846534e-03
-2.83152226e-03
 3.26286811e-04
 2.72779812e-03
 2.36324754e-03
-1.43284380e-03
-3.57758465e-03
 8.05096814e-04
 3.56352858e-03
-1.02510262e-03
-2.68600141e-03
 2.37754015e-03
 5.66096918e-04
-3.31425843e-03
 2.28622398e-03
-6.07712213e-04
-1.81506553e-03
 2.51191287e-03
-1.85995144e-03
 9.19515021e-04
 9.72364471e-04
-2.61301646e-03
-8.68878730e-04
-1.44904520e-04
 4.73166365e-04
-3.90653315e-04
-1.35750020e-04
 1.48080407e-04
-5.09870940e-04
 5.01512442e-05
-7.95423596e-04
 8.74055418e-04
-3.22838094e-04
 1.85583898e-03
 5.65725813e-03
-4.30147060e-03
-1.23573189e-03
 6.25022016e-03
-3.20127826e-03
-4.57732635e-03
 5.04221509e-03
 3.64500940e-03
-5.61208816e-03
-4.51049415e-03
 3.57132382e-03
 6.34848200e-03
 1.67016062e-03
-5.35746460e-03
-7.49027714e-03
-3.53683521e-03
 1.06807994e-03
 4.54485505e-03
 6.61638372e-03
 6.84397338e-03
 5.22249142e-03
 3.74415968e-03
 3.51942161e-03
 3.44452897e-03
 3.46074806e-03
 3.63881042e-03
 4.91202934e-03
 5.88874780e-03
 6.28643134e-03
 5.81630260e-03
 2.65109764e-03
-2.29978486e-03
-6.46920165e-03
-6.94955377e-03
-1.18694970e-03
 6.10528912e-03
 5.57291399e-03
-1.97729720e-03
-6.97994384e-03
-1.92848185e-04
 6.29733528e-03
-1.20525281e-03
-5.76313039e-03
 3.51732503e-03
 3.84906168e-03
-6.43820693e-03
 3.79771461e-03
 1.48707861e-03
-5.13644993e-03
 4.47503724e-03
-3.76999984e-03
 1.19215572e-03
 9.77265303e-04
-3.20826202e-03
 2.76961906e-03
-1.21075975e-03
 5.09932333e-04
-2.31382762e-04
-5.70930116e-04
 6.71683214e-04
-2.13917418e-04
 3.34402431e-04
-8.10627829e-05
-1.14610657e-04
-1.25862894e-05
-3.27666185e-04
-5.70934035e-05
-5.39289394e-05
 1.22103754e-04
-1.64446617e-04
-1.75659105e-04
 2.68904236e-04
-4.38268309e-04
-5.32995452e-04
-2.92308249e-04
-6.21335687e-04
-6.03875877e-04
 2.61482474e-04
 1.01984631e-04
-3.20861661e-04
 2.65256008e-05
-2.20986637e-04
 4.62991697e-05
-1.90719752e-04
-5.06432064e-04
 2.82959464e-04
-8.18561496e-05
-3.38431211e-04
-7.42281970e-05
 4.17105741e-04
 4.87552430e-04
-3.29424025e-07
 2.56506527e-04
 3.21102940e-04
 4.88808658e-04
-4.32765022e-05
 2.93074280e-04
 3.50365374e-04
-3.80396279e-04
 2.44664499e-04
-1.93415458e-04
 3.18614764e-04
 2.04968928e-04
-5.62635111e-04
-1.09093627e-04
-1.60463410e-04
-2.74494359e-04
-1.04741376e-03
-2.87851179e-04
 1.07387173e-04
-4.16742728e-04
 3.02542145e-04
 1.31666626e-04
 6.74299286e-05
 2.96503727e-04
-3.06668125e-04
 2.89879109e-05
 8.15561738e-04
 7.71380164e-05
-2.73523623e-05
-3.25528671e-05
-9.44964698e-04
-1.74747917e-05
 6.69269274e-04
-1.99143695e-04
-4.97573696e-04
 1.68398145e-04
 7.45742583e-05
-3.89891737e-04
 3.88589815e-04
 2.20089573e-04
 8.59160414e-05
 1.00941992e-03
 7.23492833e-04
 9.67417835e-05
-8.45045226e-05
-4.58350313e-04
 3.63422755e-04
 4.67157574e-04
 2.13490967e-04
 3.29079832e-04
-5.15223755e-04
-8.52626781e-05
-6.63086598e-06
-2.14379755e-04
-1.16260926e-04
 2.15617504e-04
 9.49112217e-05
 7.99787038e-05
 4.65253765e-04
-3.96242075e-04
-2.17128427e-04
 2.92557929e-05
 6.58997508e-05
 2.75033132e-04
-4.18706144e-04
-3.85974076e-04
 3.93423116e-04
 1.14626923e-04
-1.43904352e-05
 6.38730636e-06
-2.04875993e-04
 7.48099207e-04
 2.12492373e-04
-1.87652702e-04
 6.75946868e-05
-1.37451473e-04
 2.26341694e-04
 2.65115753e-04
 5.14608374e-04
-1.68832145e-05
 1.63633765e-04
 1.05412837e-04
-1.15893865e-04
 6.66760002e-05
 2.14633510e-04
 4.22788336e-04
-2.72215339e-04
 4.54573213e-05
 1.45308783e-04
-1.03914571e-05
 3.66351237e-04
-1.68969849e-04
-1.58219344e-05
 1.99440666e-04
-3.75627154e-04
 3.81394615e-04
 4.31328769e-05
-1.22757873e-04
-9.78657210e-05
-6.60533038e-04
 4.26619236e-04
 3.37716764e-04
 1.19892156e-04
-1.10284349e-04
-1.82771154e-04
 1.68287866e-04
-3.79562292e-04
 1.84462691e-04
 4.46307700e-04
 2.82483806e-04
 4.28611887e-04
-2.21312470e-04
-3.70357403e-04
-5.69805918e-04
-3.39286858e-04
 6.16934589e-04
 2.63246208e-04
-8.55047274e-05
-2.42655052e-04
-1.43533467e-04
 2.07878971e-04
-4.88059640e-05
-3.80912756e-05
 2.51443355e-04
 3.93595420e-04
-1.02434585e-05
-9.95494428e-06
 5.32515486e-04
 3.25889110e-06
 4.72837130e-04
 2.79469319e-04
-8.36965303e-04
 2.06339387e-04
 4.27774798e-05
-4.70079761e-04
 1.31118260e-04
-1.51875838e-04
 1.76847014e-05
 4.81610766e-04
-1.15270499e-04
-4.35004413e-04
 6.76059632e-05
 1.64930895e-04
-4.93255041e-05
-1.60136903e-05
-4.36198894e-05
 3.25465990e-04
-1.19537495e-05
 8.72441083e-05
 5.05759590e-04
 3.06260160e-05
 3.44930767e-05
-2.07043021e-04
 3.75149645e-05
 2.47177934e-04
-5.44439645e-05
-1.99152269e-04
 1.80812499e-04
 2.80930671e-04
 3.10142610e-05
-1.43626447e-04
-1.23513113e-04
 3.79954941e-05
-2.84881654e-04
 2.12976531e-04
 4.27202606e-05
-4.65555523e-04
 2.61328095e-04
 5.10973797e-04
 2.17411483e-04
-2.81247963e-04
 5.20921613e-05
 6.25463141e-04
-1.64202733e-04
-6.05932193e-04
 4.68136077e-06
 8.14520962e-05
-2.40184141e-04
-5.01778262e-05
 6.14584598e-06
-1.33731291e-05
 1.57896217e-05
-1.23607687e-05
-2.18468428e-06
 4.71164823e-07
 1.51712350e-05
-4.33692613e-06
-7.19028561e-07
