 5.51508724e-08
-1.40507203e-06
 2.39418687e-06
 9.57605370e-06
-1.57614511e-05
 1.35693574e-05
-7.95544698e-06
 5.37167087e-06
-1.20765062e-06
-1.09567906e-05
 3.01698323e-05
-5.15328384e-05
 1.13715207e-04
-3.08927398e-04
-1.60992402e-04
 4.10369415e-04
-2.48052108e-04
-1.10165153e-04
 1.71769033e-04
-3.26227750e-05
 7.68166593e-05
-2.74164440e-04
 4.16685766e-05
-1.44299774e-05
-1.67799654e-04
 4.04813181e-04
 4.22989644e-04
 2.37483855e-04
-2.80518072e-04
 8.42196260e-05
-2.97251299e-05
-3.02291612e-04
-3.63775111e-05
 1.43044010e-05
-2.21718129e-04
-2.36752629e-04
 3.43694468e-04
 1.82112747e-04
 1.50750403e-04
 4.68628073e-05
-2.24121782e-04
 1.47565885e-05
 3.32192341e-04
 1.72219075e-04
 2.51415364e-04
 3.70265413e-04
-3.42659067e-04
 1.24571145e-04
 6.41867879e-04
 1.07556328e-04
-1.78014782e-04
-1.33067207e-04
 9.76757257e-05
-1.66676696e-04
-1.98372697e-04
 5.29437755e-05
-4.15840044e-04
-3.21053517e-04
 2.62880214e-04
 9.65515633e-05
 6.04640385e-04
 1.30043807e-04
-4.65493631e-04
 1.02353408e-04
-7.56975075e-05
 1.40223219e-04
 3.87408368e-04
 3.39648099e-04
 2.94699165e-05
-3.05440834e-04
-2.28216549e-05
-9.61157994e-05
-9.45014221e-06
 5.54797318e-05
 1.61874114e-04
 3.78535850e-04
 4.45218097e-04
-1.28942439e-05
-5.62270535e-04
 2.02152463e-04
 1.64667143e-04
-2.67250672e-04
 4.29497115e-05
 4.98903335e-04
 1.64440801e-04
-5.73203335e-05
 1.56188092e-04
 3.38431878e-04
 6.41634418e-04
-3.94093764e-04
-3.84852742e-04
 1.03556626e-04
-4.69032009e-04
-3.60573600e-04
-4.18899889e-04
 1.15719635e-04
 7.15455120e-04
 1.39291163e-04
-2.53970264e-04
-1.17278139e-04
-1.90759984e-04
-3.66973911e-04
-2.32147720e-05
 1.30516112e-04
-3.54816167e-04
-3.19689835e-04
 1.32376625e-04
 1.51602131e-04
 4.40635223e-04
 3.92330768e-05
-5.56809375e-05
 4.51062720e-04
 6.32953845e-04
 6.22676271e-04
-2.32028839e-04
-1.56420016e-04
 3.29385800e-04
 1.26222257e-05
 2.19331636e-04
 1.51400538e-04
-2.28302911e-04
-5.60973487e-04
-2.37127056e-05
 3.17181771e-04
-7.41452575e-05
 3.33896641e-04
 5.93960406e-05
 4.97291456e-04
 5.86349338e-04
-8.84972439e-05
 2.86658713e-04
 5.04539855e-05
 1.05483247e-04
 3.14577140e-04
 1.05798231e-04
 1.90911870e-04
 1.69581442e-04
-2.74633618e-04
-3.31954392e-04
-1.08954159e-05
-1.09159739e-04
-1.95709648e-04
 2.04060810e-04
 1.59519045e-04
 1.67012093e-04
 2.13909812e-05
-4.06489195e-04
 1.73105641e-04
-4.07616746e-04
-1.66038342e-04
 3.64215296e-04
-3.49740770e-04
 3.57712337e-04
 4.53555436e-04
-1.71753135e-04
 1.63136238e-04
 5.11474355e-04
 1.83630864e-04
-2.08485847e-04
 1.45779739e-05
 5.71051755e-05
 3.32676006e-04
 8.98331106e-05
-3.60164405e-04
 2.48171074e-04
-3.48123433e-04
-4.66021534e-04
-2.55736521e-04
-3.71008474e-04
 2.13293957e-04
 4.14964294e-06
 4.35192717e-05
 6.19353739e-05
-8.49023301e-05
-5.64913100e-05
 9.08246617e-05
 6.87174543e-04
-1.95095599e-04
-3.39485969e-04
 5.00279257e-04
-4.85189046e-04
 4.12492625e-04
 6.90739461e-04
-5.81127582e-04
 2.07959651e-04
 1.77615306e-04
-3.94386617e-04
-4.93115654e-04
-3.26340720e-04
 4.52582682e-06
 1.44248598e-04
 1.64007461e-05
-2.79208343e-05
 7.52992296e-05
-3.66880690e-04
 9.60913777e-05
 1.21233111e-04
-6.62661586e-04
-4.14017282e-04
 2.49724874e-04
-2.04907702e-05
-7.83829339e-04
 5.40428298e-04
-4.69832359e-04
 1.57006259e-03
 4.51211154e-03
-1.91691966e-03
-1.04819525e-03
 3.76837426e-03
-9.49776619e-04
-2.45374402e-03
 1.89863216e-03
 2.44811181e-03
-1.98747084e-03
-2.98488884e-03
 1.23317135e-03
 3.03317688e-03
 1.77335232e-03
-1.79994939e-03
-3.91814353e-03
-2.26646972e-03
-3.01855625e-04
 1.91580292e-03
 3.20928617e-03
 3.42261134e-03
 3.04773274e-03
 2.28434287e-03
 2.34436520e-03
 2.40350497e-03
 2.02899625e-03
 2.78219350e-03
 2.67857926e-03
 3.13368098e-03
 3.63166115e-03
 2.32216963e-03
 1.03419830e-03
-2.07655253e-03
-3.35036552e-03
-2.56593247e-03
 1.61276092e-04
 3.51421350e-03
 2.31235623e-03
-1.67842868e-03
-3.69296286e-03
 7.66452258e-04
 3.13124475e-03
-1.40392025e-03
-2.67491547e-03
 2.32210835e-03
 1.25316244e-03
-3.22587882e-03
 2.73722051e-03
 4.30767314e-05
-1.71344885e-03
 2.29143454e-03
-2.55450427e-03
 1.35053958e-03
 5.54746178e-04
-2.90474695e-03
-4.62073328e-04
-7.61384126e-04
 5.00380790e-04
 1.31368063e-04
-1.88038070e-04
-8.17410021e-05
-2.72210942e-04
 1.03657742e-03
-4.44084904e-04
 2.59417379e-04
 1.82315987e-04
 1.64750027e-03
 6.07007418e-03
-4.01931881e-03
-1.83939242e-03
 6.71688490e-03
-3.90912148e-03
-4.30979597e-03
 5.45459187e-03
 3.62986975e-03
-5.32181151e-03
-5.26307959e-03
 3.35494196e-03
 6.89360325e-03
 1.87059931e-03
-5.11838619e-03
-7.44881153e-03
-3.44410843e-03
 1.30309171e-03
 4.91670338e-03
 7.10100750e-03
 6.56422180e-03
 5.57815680e-03
 4.24540503e-03
 3.94183545e-03
 3.47408351e-03
 3.11429888e-03
 3.50715089e-03
 4.77614587e-03
 6.76352063e-03
 6.78840824e-03
 5.83222810e-03
 3.12285646e-03
-1.55492849e-03
-5.36748782e-03
-5.93087349e-03
-1.38051557e-03
 5.55462904e-03
 6.11938807e-03
-1.74722132e-03
-7.20732037e-03
 3.01454413e-04
 7.48851467e-03
-2.71336658e-04
-5.32406484e-03
 3.78986530e-03
 3.56577473e-03
-6.82429468e-03
 3.78158229e-03
 1.81884925e-03
-4.32068026e-03
 5.38438014e-03
-3.66808339e-03
 1.28258979e-03
 1.40034202e-03
-3.51455798e-03
 2.55117522e-03
-1.25924166e-03
 7.49641013e-04
 2.95426954e-04
 3.32426983e-04
 8.90671136e-04
-7.88125490e-04
 4.25762191e-04
-1.27407412e-04
 4.19963016e-04
 3.38257814e-04
-5.04835730e-04
-3.41465439e-04
-1.74602390e-04
 5.11337535e-04
-6.25034368e-05
-7.31024792e-05
-6.98157983e-05
-4.92050986e-04
-1.88100281e-04
-1.06307457e-04
 2.74886179e-04
 2.08639004e-04
 2.46883837e-04
-1.55745523e-04
-2.86595763e-05
 1.93071859e-04
 9.70188574e-05
 7.44973601e-04
 1.06597837e-04
 1.08537596e-04
-4.86705708e-05
-4.19896155e-04
 9.99333360e-05
-1.60871063e-04
-4.13307148e-05
 3.68464966e-05
-3.93002473e-05
 2.59442574e-05
-3.49182841e-05
 1.47510293e-05
-7.96991642e-06
 4.61516583e-06
 7.78575247e-06
-4.23968203e-06
