 6.40550546e-08
-4.95703890e-07
-1.77671847e-06
 2.36917144e-06
 8.87702407e-08
-3.90814891e-06
 9.50882484e-06
-1.09977263e-05
 1.67632769e-05
-6.65549644e-06
 2.40190392e-06
-1.08155050e-05
 9.11166642e-06
 9.56564954e-05
-1.74372093e-04
 1.16022000e-04
-1.66018581e-05
-1.82001850e-04
 8.70270385e-05
-3.59820850e-04
-4.66966693e-05
 3.50260886e-04
 4.56610007e-04
 1.58987500e-04
-3.29298093e-04
-3.44219755e-04
-1.23110339e-04
 5.44431661e-05
-1.12103452e-04
-4.92565402e-04
-4.06862966e-04
 1.65704455e-04
-6.34986524e-05
-5.73918782e-04
-2.57665692e-04
 2.05922052e-05
-4.64220905e-05
 2.54369515e-04
-7.20253752e-05
 4.34486882e-04
 4.78729712e-04
-2.42454153e-04
-1.93115268e-04
-5.93841364e-05
 1.24618655e-04
-4.12717884e-05
 1.94611711e-04
 2.19611417e-04
 5.81706832e-05
-3.19206603e-04
 8.62782029e-05
-1.38157173e-04
-5.34445638e-04
 6.79387652e-04
 5.08143039e-04
-4.13275045e-04
-2.06763775e-04
-1.88774856e-04
-5.82431950e-04
 3.88602015e-04
 6.09997374e-04
-3.02953468e-05
-4.75271578e-05
 6.96403766e-05
-1.30487100e-04
-5.86987824e-04
-2.03558558e-04
-1.19467045e-04
 1.92173210e-04
 6.69914745e-04
-2.50970739e-04
 1.97257573e-04
 8.61645602e-04
 3.19950305e-04
-6.20141336e-04
 6.58860019e-04
 1.51702553e-03
-2.33210993e-03
 7.36130496e-04
-1.13016357e-03
 1.36130472e-03
-2.58182872e-03
 2.25176157e-03
-5.17854211e-04
 1.23178338e-03
 4.16575260e-02
-2.96172454e-02
-2.44718798e-02
 6.07106583e-02
-2.25244290e-02
-4.63709573e-02
 4.11253941e-02
 3.90560617e-02
-4.14288801e-02
-5.02298183e-02
 2.14184577e-02
 5.87566878e-02
 2.50266032e-02
-3.56841921e-02
-6.27493734e-02
-4.18837540e-02
-1.17299487e-03
 3.48855401e-02
 5.56592703e-02
 6.14573785e-02
 5.71907427e-02
 4.76939288e-02
 4.11691647e-02
 3.86152980e-02
 3.95526019e-02
 4.55372645e-02
 5.43976400e-02
 6.16178871e-02
 5.92468238e-02
 4.23693317e-02
 1.14752999e-02
-2.96312314e-02
-6.04459425e-02
-4.91968213e-02
 5.05431026e-03
 5.45686164e-02
 4.12173571e-02
-3.07075679e-02
-5.83496989e-02
 1.62678403e-02
 5.49040995e-02
-2.16068163e-02
-4.73293489e-02
 4.48247988e-02
 1.83303581e-02
-6.00430463e-02
 4.63663994e-02
-5.25709405e-03
-3.15923963e-02
 4.66062714e-02
-3.85310403e-02
 1.80806537e-02
 1.48339030e-03
-2.01879753e-02
 2.44735161e-02
-1.27521397e-02
 7.31307876e-03
-1.56550217e-03
-4.49452352e-03
 4.61487856e-03
-4.21139241e-03
 5.30447259e-03
-7.62674950e-03
 6.45747931e-03
-1.59925668e-03
 3.64412707e-03
 7.59557901e-02
-6.84659421e-02
-3.35498771e-02
 1.20720004e-01
-6.11293867e-02
-8.15051900e-02
 9.37879867e-02
 6.34788845e-02
-9.61884427e-02
-8.87715106e-02
 6.03407616e-02
 1.15315831e-01
 2.93212639e-02
-8.76662213e-02
-1.23211088e-01
-6.60296462e-02
 2.13874918e-02
 8.69717574e-02
 1.18068039e-01
 1.19174729e-01
 1.00757921e-01
 7.82151479e-02
 6.21065883e-02
 5.54417538e-02
 5.80080285e-02
 7.05041000e-02
 9.17647065e-02
 1.14030237e-01
 1.22100462e-01
 1.02334439e-01
 5.02822007e-02
-3.17222762e-02
-1.09388085e-01
-1.13895079e-01
-1.89957866e-02
 9.44138292e-02
 1.00138615e-01
-3.17008891e-02
-1.23673409e-01
 8.31925795e-04
 1.15032516e-01
-1.39912440e-02
-1.06775683e-01
 6.57161329e-02
 6.81790277e-02
-1.24559627e-01
 6.82048277e-02
 2.28280200e-02
-8.45757656e-02
 9.59272186e-02
-6.30750113e-02
 1.62766401e-02
 2.35839973e-02
-5.57227767e-02
 4.23821459e-02
-1.73358093e-02
 8.80712868e-03
-1.97277477e-03
-2.69050260e-03
 6.25520609e-03
-6.28404181e-03
 4.36191323e-03
-2.72275124e-03
 1.47016721e-03
 6.70426929e-05
-5.25620648e-04
 5.53181875e-04
 6.35053619e-04
-1.31430074e-04
-4.97164989e-04
 2.16944769e-04
-4.77684567e-04
-7.76849737e-04
-2.10721040e-04
-1.69080618e-04
 3.12836549e-04
 1.21701129e-04
 3.81326652e-05
-1.96097455e-05
-1.20963960e-04
-4.45853766e-04
 1.00190916e-04
-1.15230949e-04
-6.12821396e-04
 6.65468611e-04
 1.13630864e-04
 1.43221197e-04
 6.64128726e-04
 2.94853507e-05
-1.02935418e-04
 4.38200094e-05
 1.63647936e-04
 2.12290635e-05
 3.78420116e-04
 1.58397227e-04
-2.65784726e-04
-1.34166424e-04
-1.37228707e-04
-1.97797461e-04
-5.92824616e-04
-1.54558449e-04
 3.33231657e-04
-1.80781741e-04
 1.56940074e-04
 2.69612605e-04
-2.44014932e-04
 2.05390740e-04
-6.34744477e-05
-7.30188962e-05
 3.52278732e-04
-8.73747618e-05
-3.64202401e-05
-2.47627189e-04
 9.77665310e-05
-1.88955394e-04
-6.52289536e-05
 4.18871744e-04
-5.81057552e-05
 4.33247925e-04
 4.26409886e-04
 5.63370663e-04
 2.37544386e-04
-5.71603516e-04
 1.78990917e-05
 2.37290755e-04
 4.18986467e-04
 2.01310137e-05
-5.13747243e-04
-2.36633431e-04
-1.23271985e-04
 1.61775542e-04
-4.45371709e-04
-2.63421321e-04
 1.97364708e-04
-2.22775535e-04
 1.75200167e-04
 1.80725540e-04
-1.45570253e-04
-9.24794771e-05
-3.88845087e-04
 6.07549866e-05
 1.49228590e-04
 1.54914902e-04
 2.82818486e-04
-1.03437634e-04
-1.46609721e-04
-2.47134467e-04
 9.33493246e-05
 1.37095998e-04
-1.71457859e-04
 5.35785320e-05
 6.74349550e-06
-3.13879912e-05
 2.10826569e-04
-1.50437744e-04
-4.24113278e-04
-2.97781082e-04
-4.44229996e-04
 9.49315225e-05
 9.28276831e-05
-5.40743748e-04
 8.47152887e-05
 2.66416792e-04
-9.98211995e-05
-9.87992757e-05
 1.32014668e-04
 3.24167822e-04
-2.00875925e-04
-2.87065455e-04
-1.07997422e-04
-5.45574081e-04
-5.43861497e-04
-2.40252322e-05
 4.63777269e-04
-2.41521303e-04
-4.14147662e-04
 4.74713991e-04
 3.65091737e-04
 2.57209216e-04
 3.09550197e-06
-3.32230798e-04
 1.94525783e-04
 9.08357645e-04
 1.18920122e-04
-2.72147543e-04
-3.82414750e-05
-6.15928590e-04
-3.38064432e-04
-3.52317073e-05
 1.74360783e-05
 2.17789305e-04
 1.07442977e-04
-2.25731605e-04
-4.76991506e-05
 4.98862011e-04
 1.59843535e-04
 3.34153301e-04
 6.85277456e-05
-4.40875993e-04
 1.86387397e-04
-8.61634603e-05
 1.24967900e-04
 6.73189550e-04
 2.05543341e-04
-7.66067178e-05
 1.41571551e-04
-3.25857191e-04
-2.41325888e-04
 4.49949922e-04
 1.21732380e-04
-4.05509826e-05
 2.16148181e-05
-2.01302848e-05
-1.45709866e-07
-1.02685276e-05
 8.59294365e-06
-4.51062531e-06
 5.94358197e-06
 3.56085960e-06
