 3.30111203e-08
 8.20090290e-07
-5.02769403e-06
 9.30131639e-07
 8.37557047e-06
-6.35514655e-06
 9.97524968e-06
-1.70774564e-05
 1.72007378e-05
-1.24330949e-05
 8.09661020e-06
-1.33022484e-07
-6.07357532e-06
 2.62224679e-04
-2.22857529e-04
-2.44923687e-04
 6.70694400e-05
 2.64464349e-05
 2.11026904e-04
-2.04672855e-04
-4.54490059e-05
 5.50464113e-05
 4.79320335e-06
 8.52480345e-06
-8.97432958e-05
 3.90439079e-04
-1.37295529e-04
-2.72988988e-04
-1.12996606e-04
-7.87155793e-04
-4.48872156e-04
 1.73372313e-04
-1.94952405e-04
-9.38554910e-05
 1.32723846e-05
-1.46928206e-04
-1.09798810e-04
-3.27271698e-04
-1.07594437e-04
-2.29730789e-05
-1.63314093e-04
 2.62375562e-04
 2.39677453e-04
-1.60977559e-04
 3.19876897e-04
 8.30854766e-05
-1.92806022e-04
-1.52474910e-04
-7.44593072e-04
-4.98151673e-04
 5.31368000e-04
 3.53102194e-04
-3.58479209e-04
-3.32867011e-04
 3.81133635e-04
 3.06771627e-04
 1.39232448e-04
 2.09495383e-04
-1.19191552e-04
 3.86193649e-04
-5.24401303e-04
-4.63305447e-04
-1.55039019e-04
-2.04595236e-04
 2.73285354e-04
 1.55154946e-04
 1.90252253e-04
-5.83707401e-04
-3.49857717e-05
 1.85544934e-04
-7.70197292e-05
 6.78697820e-05
-5.69354265e-05
 5.83655575e-04
 4.70324797e-05
-4.78491956e-04
 2.29332093e-04
 4.79901078e-04
 1.94312540e-05
-4.07746657e-04
-1.01234362e-04
 1.47974666e-04
 2.10786321e-04
 2.60898440e-06
 1.49708391e-04
-1.56901469e-04
-3.91163458e-04
 3.11655882e-04
-1.11009979e-04
 1.16920907e-04
-2.02439718e-04
-5.86267001e-04
-2.36764198e-04
-3.99810361e-04
 3.30980590e-04
 3.96657080e-04
 2.46501116e-04
 4.13924835e-04
 3.38700957e-04
-1.66282648e-05
-4.74305278e-04
 1.46715317e-04
-2.75434603e-05
-2.15209892e-04
-1.09156745e-04
-7.16980199e-04
 2.38520973e-04
-2.81225691e-06
-1.07032922e-05
 1.05184062e-04
-4.61314739e-04
 2.44805851e-04
-4.80806263e-04
-5.78817284e-05
-1.33501835e-04
-1.48248703e-04
 3.14434345e-04
-2.24262966e-04
 8.71422233e-06
-1.68099939e-04
-2.67576682e-04
-4.53246477e-04
 1.91614530e-04
-3.08317289e-05
-3.83515737e-04
 1.07180946e-04
-9.15620119e-05
 3.39685406e-04
-7.44761793e-05
-5.00633405e-04
-3.25290083e-04
-3.85301983e-04
 2.72303515e-04
 5.16922634e-05
-2.97335402e-04
-1.79162629e-04
-2.47049611e-05
 2.76866504e-04
-5.41651974e-04
-5.78454177e-04
 6.66655101e-05
-4.04390156e-04
 4.19521522e-05
 7.30705581e-04
-1.93042859e-05
-1.02585887e-04
 1.14217351e-04
 1.97112942e-04
 7.63712056e-05
-1.96631840e-05
 3.98784370e-04
-1.75387236e-04
-3.70271453e-04
 2.15098239e-04
 1.56985225e-04
 1.50822904e-04
 1.60057351e-04
 4.07692356e-05
-2.69476434e-04
-8.25993960e-04
-1.68859952e-04
 7.32692947e-04
 6.19782970e-04
 2.01876926e-04
-3.71747771e-04
-3.25877173e-04
-1.17306354e-04
-9.42550114e-05
 1.59535803e-04
-1.23427989e-04
-4.29036295e-04
-4.75490217e-04
-3.06508099e-04
-2.59153327e-04
-2.73485950e-04
 2.35553266e-04
 6.31073614e-04
-1.97277636e-05
-2.19242443e-04
 8.45069182e-05
 6.68450605e-05
 4.31918917e-04
-9.73943903e-05
-1.42245927e-04
 4.80942562e-04
 5.32995808e-04
 4.45377596e-04
 4.30361703e-04
 4.34695298e-04
 2.63820538e-05
 1.37275935e-04
-1.88253894e-05
-4.74290811e-04
 2.77315204e-04
 2.52799964e-04
 8.66060995e-05
 4.13335580e-04
-9.71971774e-05
-1.92041132e-04
-8.05069296e-05
-1.13641068e-05
-2.55089370e-04
-9.35196423e-05
 3.87201093e-04
 1.16251690e-05
-4.19545812e-04
 7.04476415e-05
 3.72355038e-05
 1.68774129e-04
 4.67211953e-04
-3.54034185e-04
-1.11540632e-04
 4.85196463e-04
 1.63585462e-04
 1.64426661e-04
 5.27506630e-04
 4.37522821e-04
 3.79681548e-04
 2.21669816e-04
 4.18619895e-05
 1.91922423e-04
 1.93118475e-05
-7.80988304e-05
 3.42726495e-04
 2.56521131e-04
 5.33620978e-04
 6.75113811e-04
-1.78308208e-04
 1.83943239e-04
 5.63805564e-04
-1.98361681e-04
 3.29252992e-04
 5.13386559e-04
 2.11170479e-04
-7.50290028e-04
-1.40882175e-03
-4.46518801e-04
-9.34454891e-05
 3.15480042e-04
-5.68193941e-04
-4.26988190e-04
-6.66253558e-06
-5.84782039e-05
 7.91149582e-04
-2.55425608e-04
-4.61176632e-04
-2.59318004e-04
-3.49262938e-04
 3.20134835e-04
 1.84140772e-04
 7.16883917e-05
 2.76683059e-04
-3.76126941e-04
-3.51249541e-04
-1.40887095e-04
-2.71506496e-04
 3.14596859e-04
-1.04769282e-04
-7.06136826e-05
 1.95042123e-04
-2.01106546e-04
-7.45632650e-04
-8.43164034e-04
-4.07887626e-04
-2.50719712e-04
-1.69459462e-04
-2.54609244e-05
-2.36487117e-04
-4.58459363e-04
 3.44285694e-04
-2.10727073e-04
-2.04720008e-04
 6.99937976e-04
 4.61905276e-04
 4.63951073e-04
 2.50395157e-04
-2.91707199e-04
-4.52326250e-04
 6.75433048e-04
 2.34642940e-04
-3.41456893e-04
 3.88071569e-04
 7.78868015e-04
 2.02217110e-04
-4.46049887e-04
-7.97126946e-05
-7.06433605e-04
 1.53907775e-03
-2.06292972e-03
-4.84786027e-03
 5.32083048e-04
-5.60552857e-05
-6.48507439e-04
-4.17390749e-05
-6.54816254e-05
 6.12092209e-04
 4.38877599e-05
-2.39704206e-04
 5.87092354e-04
-7.69691689e-04
 1.63816930e-03
 3.82686995e-03
-3.07601062e-05
-5.22303899e-05
-1.17858882e-04
-2.31508185e-04
 1.50357271e-04
-2.87883881e-05
-7.66999343e-05
-7.96213016e-04
-1.94193507e-04
 1.25559872e-04
-2.88287139e-04
-4.76873766e-04
 3.52819681e-04
 1.62765927e-04
-5.63563135e-04
 2.41112006e-05
 6.29871255e-05
-3.18380310e-04
-1.62655509e-04
 5.78262460e-04
 2.53413129e-04
-1.07142457e-04
 1.41792163e-04
 3.06831490e-04
 7.10025544e-04
 3.32894184e-04
-1.28888615e-04
 1.69530588e-04
-9.42100761e-05
-3.45861423e-04
-1.23182139e-05
 5.57478011e-05
 2.97175307e-04
 4.16435875e-04
 5.24416658e-05
-4.54179976e-04
-2.53512521e-04
-5.28626720e-04
-2.23504883e-04
 3.10505308e-04
-3.69794248e-04
 3.26385329e-04
 1.06228234e-04
-1.75149420e-04
 1.51584184e-04
 5.27528274e-04
 1.42501939e-04
 2.28146386e-04
 5.05634592e-04
-7.46576529e-05
 1.32412119e-03
-2.56888605e-03
 5.55487020e-03
 9.34317730e-03
-9.65900925e-04
 5.22284623e-04
 8.83055690e-05
-2.75317109e-04
 2.32374108e-04
-2.84768864e-04
 2.55640967e-04
-2.24580379e-04
 1.57301553e-04
-2.03565226e-04
-1.14661384e-04
 3.98778206e-05
 4.01876375e-06
-4.24359722e-06
