-1.70054407e-08
 9.26602035e-07
-2.17086832e-07
-1.15135439e-05
 2.74318810e-06
 4.96412398e-06
-4.82464508e-06
 1.19330981e-05
-1.49956983e-05
 8.09987068e-06
-3.53506282e-05
 4.23571901e-05
-5.28114274e-05
 1.66717142e-04
 5.00710996e-04
-2.10678685e-04
-2.39452979e-04
 6.04705595e-05
-1.03322343e-04
 1.85163456e-04
 7.11958619e-04
 2.35748630e-04
-5.43290030e-04
-2.78793128e-04
-4.25955111e-04
-2.46455761e-04
 2.10456784e-05
 6.01010357e-05
 3.80776558e-04
 4.67026325e-04
 3.20294030e-04
-1.38070349e-06
 9.98983746e-04
 8.36053392e-04
 1.07805794e-04
 1.30457974e-04
-3.44546708e-04
-3.20035250e-04
 2.48618259e-07
-1.53530259e-04
-3.86404004e-04
 2.61894512e-04
 8.64532590e-05
-9.27185161e-05
-2.76422721e-04
-3.81531364e-04
 1.19824826e-05
 2.28630486e-04
 2.19414291e-04
-2.93577858e-04
 3.51097250e-04
 4.77542380e-04
 1.93412457e-04
-4.57936924e-05
-4.22237172e-04
-5.18498923e-05
-3.93018126e-04
-2.29535432e-04
 3.98257175e-04
-2.15973951e-04
-3.69129843e-05
 5.83432603e-04
-8.86246773e-05
-3.26278667e-04
 2.88952327e-04
 1.23555902e-04
-1.27886509e-05
 4.21925642e-04
 3.00922484e-05
-4.05761827e-05
 1.86657119e-04
-6.09588180e-05
-1.74794313e-04
 3.60159100e-04
 4.34637835e-05
-8.66466697e-04
-3.25840820e-04
-5.21691703e-04
-1.10676488e-03
-1.51603034e-04
 3.57540301e-04
-1.56709779e-04
-4.07183972e-04
-3.14354933e-04
-9.67086737e-04
 5.86880961e-04
 1.17776675e-03
-1.90092859e-03
 1.77302976e-03
-1.26974293e-03
 1.39202460e-03
-2.88447478e-03
 1.86769971e-03
-1.05118403e-04
 8.32781793e-04
 4.21595667e-02
-2.94242726e-02
-2.49732700e-02
 6.13634162e-02
-2.27425202e-02
-4.68993350e-02
 4.14693918e-02
 3.90895769e-02
-4.17383637e-02
-5.08761454e-02
 2.11997640e-02
 5.90660429e-02
 2.48577052e-02
-3.59150288e-02
-6.35185859e-02
-4.25631343e-02
-8.83830734e-04
 3.46736083e-02
 5.60022235e-02
 6.26468925e-02
 5.81923374e-02
 4.91094485e-02
 4.17833923e-02
 3.91267488e-02
 4.02319878e-02
 4.59081104e-02
 5.50190263e-02
 6.17465646e-02
 5.96378710e-02
 4.33933522e-02
 1.20686516e-02
-2.97240238e-02
-6.16931659e-02
-5.06093519e-02
 4.93480061e-03
 5.48047539e-02
 4.09065383e-02
-3.14874034e-02
-5.87822756e-02
 1.69125949e-02
 5.51100024e-02
-2.21711449e-02
-4.73574344e-02
 4.59390531e-02
 1.88407660e-02
-6.07331784e-02
 4.72199099e-02
-5.33433168e-03
-3.19355445e-02
 4.77661033e-02
-3.90457107e-02
 1.82086788e-02
 1.58421404e-03
-2.02417681e-02
 2.55714942e-02
-1.32115060e-02
 6.93337923e-03
-1.30949493e-03
-3.61009839e-03
 4.81303246e-03
-4.84789550e-03
 5.99315238e-03
-8.06544816e-03
 6.46111037e-03
-1.46332563e-03
 4.68477781e-03
 7.90318477e-02
-6.91607730e-02
-3.50340934e-02
 1.21676525e-01
-6.15115078e-02
-8.23705006e-02
 9.41419032e-02
 6.43205700e-02
-9.67735192e-02
-8.95486995e-02
 6.21990001e-02
 1.16618062e-01
 2.92927254e-02
-8.90870364e-02
-1.24667296e-01
-6.52323798e-02
 2.19829582e-02
 8.70690407e-02
 1.19152303e-01
 1.20602005e-01
 1.01808955e-01
 7.86482080e-02
 6.21187345e-02
 5.57269604e-02
 5.83262092e-02
 7.12811700e-02
 9.25062047e-02
 1.14427536e-01
 1.23210979e-01
 1.03188415e-01
 5.00998226e-02
-3.22187243e-02
-1.10577461e-01
-1.15291395e-01
-1.91449228e-02
 9.59007598e-02
 1.01301956e-01
-3.21952089e-02
-1.24560213e-01
 7.60198003e-04
 1.15836757e-01
-1.45368083e-02
-1.07732566e-01
 6.61992442e-02
 6.85835918e-02
-1.25139346e-01
 6.87050140e-02
 2.29609096e-02
-8.63183478e-02
 9.59430727e-02
-6.31344466e-02
 1.58561605e-02
 2.41706329e-02
-5.63168764e-02
 4.10244563e-02
-1.75164793e-02
 9.18825396e-03
-2.24868647e-03
-3.17747668e-03
 5.98368493e-03
-5.62500743e-03
 5.07401410e-03
-2.67619531e-03
 1.16760540e-03
 3.35211740e-04
-2.91269617e-04
-1.31802585e-04
 3.33877380e-04
 3.02619751e-04
-2.83367955e-06
-8.12487043e-05
-3.51234005e-04
-5.79480404e-05
-7.60149046e-06
-2.47264743e-04
 6.22696957e-05
-4.91929904e-04
-2.26259818e-04
 1.07769775e-04
-3.29048854e-04
-2.35869671e-04
-2.22087162e-04
-3.59204245e-04
-7.18248022e-04
-2.71520817e-04
 4.18853052e-04
 3.10218709e-04
 3.06522435e-04
 4.62882372e-04
-1.43891847e-05
-3.92296450e-04
-5.47598430e-04
-2.46084282e-04
 3.16499640e-04
-1.44173724e-04
 1.92763418e-04
 5.96553640e-04
 2.86563635e-06
 2.89997815e-04
 7.24402838e-04
-1.51168597e-04
-5.64248073e-04
 3.56042994e-04
 2.92591286e-04
 8.41533827e-05
-1.89508463e-04
-2.81189034e-04
-2.98172229e-04
-3.04762544e-04
-4.87412577e-05
-6.31377821e-04
-7.15885217e-05
 2.11602296e-04
-1.47508031e-04
 2.32323232e-04
 4.62600430e-05
-3.19225122e-04
 1.13938580e-04
 2.49413253e-04
 3.08603165e-04
 4.53662293e-04
 3.92381855e-06
 2.42907342e-05
-1.05779365e-04
-1.31673211e-04
-3.47718353e-04
-7.29860976e-04
-4.34118097e-04
 1.83316111e-04
 4.38401096e-06
-5.00195720e-04
-1.31435358e-04
-4.88691591e-04
-6.44163722e-04
-1.27793916e-04
-2.35154594e-04
 2.49154338e-04
 3.10824732e-04
 5.89652078e-04
 6.44694792e-04
-1.60086760e-04
-1.44022793e-04
-4.19825850e-04
 2.58087797e-06
-4.98757805e-05
-5.17611158e-04
-7.48191113e-06
-9.20428666e-06
-1.39268213e-04
 7.46587568e-05
-2.39484061e-04
-2.05287478e-04
 4.45766297e-04
-2.47468382e-04
-1.81238277e-04
 2.41801422e-04
-3.44392712e-04
 2.79899805e-04
 4.14399317e-04
 6.53107672e-04
 7.05395171e-04
-1.38994786e-04
-7.32809480e-05
-3.30127467e-04
-6.91431477e-05
 1.49075954e-04
-2.76407850e-04
-1.93876204e-04
-1.16817017e-04
-3.75072247e-05
 2.56817826e-05
-4.09898571e-04
-8.77780532e-05
 5.05269989e-04
-2.74423372e-04
-2.39348490e-04
-3.46434229e-04
-4.52604737e-04
-3.06315510e-04
-7.75661546e-04
-3.40551847e-04
 1.22845257e-04
-1.29401592e-04
-3.77100181e-04
 7.29103441e-06
 6.66799568e-04
 4.88969370e-04
 4.55875845e-04
 4.35119648e-04
 5.96430065e-04
 5.18275688e-04
 2.47589097e-04
 5.42063916e-04
 1.45800839e-04
 4.52713662e-06
-4.18516269e-04
-2.78183944e-04
-3.44036384e-05
 1.36512694e-04
 2.25325701e-04
-1.19204196e-04
 5.02011059e-05
-3.16662571e-05
-7.32096175e-07
 3.24317059e-06
-6.76603946e-06
 1.92232907e-05
-7.09348941e-06
 7.14418174e-06
