 3.84438715e-08
-3.75934880e-06
 1.89636246e-05
-3.79935255e-06
-1.62790955e-05
 1.80149702e-05
-2.10313949e-05
 3.09969630e-05
-5.75904252e-05
 7.64290955e-05
-8.28103514e-05
 8.62657929e-05
-8.95982333e-05
-8.17495484e-04
 4.22148826e-04
 5.53761607e-04
-3.42147679e-04
-1.77769445e-04
 4.97242221e-04
 1.02459785e-04
-5.51100779e-04
 3.21967214e-04
-2.79303086e-04
-5.54746713e-04
 3.80784814e-05
-5.97061397e-04
-5.26815123e-05
 4.57890579e-04
 1.09419288e-04
-1.09552738e-04
 1.05665009e-04
 4.24710024e-04
 1.48377377e-04
 6.47610959e-04
 3.07530260e-04
-1.84866256e-04
 2.70290159e-04
-1.08883492e-04
-2.37547813e-04
 2.32009052e-04
-3.43907071e-06
-8.91178013e-05
 2.16482866e-04
 5.41947262e-05
-2.62538455e-04
-3.98081887e-04
-3.33086510e-04
-6.58243016e-05
-8.94313878e-05
 1.92007981e-04
 5.58922644e-04
 3.22941547e-04
 6.68301575e-04
 3.50575810e-04
-4.45589243e-05
-3.98939897e-04
-5.62528968e-04
 3.21822324e-04
-2.45250333e-04
-3.76559103e-04
-1.76791162e-04
-2.40099274e-04
 6.34755007e-04
-1.25852304e-04
-2.70263786e-04
 4.73486316e-04
 3.69330548e-05
-4.46236250e-04
 2.31593927e-04
 6.08701961e-04
-2.82202895e-04
-4.77566499e-04
 4.22032927e-04
 5.94476793e-04
-2.37136985e-05
 3.03005713e-04
 1.94125062e-04
-1.32038065e-04
-2.12450789e-05
 4.97726116e-06
-1.58751651e-04
-9.45569520e-05
 2.11770201e-04
 1.89055245e-04
 3.56950604e-04
 1.93678570e-04
-1.88867621e-04
-2.55812694e-04
-2.91665526e-04
-2.78453053e-05
 2.03636471e-04
 2.23261906e-04
-4.65562149e-05
-3.06526359e-04
-1.54696631e-04
-2.88955179e-06
 2.73392190e-04
 2.34633279e-04
-1.41274196e-04
 2.04221014e-05
 1.21745881e-05
-2.49608860e-04
-7.08306679e-05
-1.48079253e-04
 7.36436810e-04
 2.72573591e-03
 1.47193627e-03
-3.02724346e-03
-6.37043809e-04
 3.39345543e-03
-1.43123879e-03
-2.48899547e-03
 2.64901107e-03
 2.37745490e-03
-2.27182487e-03
-3.33169589e-03
 2.38290694e-04
 3.15592566e-03
 2.66308038e-03
-4.57811766e-06
-2.96171267e-03
-3.66419025e-03
-2.54657482e-03
-1.35665567e-03
 7.63886606e-05
 1.16958833e-03
 2.38313188e-03
 3.07205469e-03
 2.63801596e-03
 2.59696643e-03
 2.68369930e-03
 2.10057538e-03
 8.14508715e-04
-1.25596101e-03
-2.56164259e-03
-3.30052163e-03
-3.20849939e-03
-9.72035440e-04
 1.95076011e-03
 3.43968844e-03
 1.53885053e-03
-2.11647336e-03
-3.24874831e-03
 7.15961747e-04
 3.31044318e-03
-7.24281706e-04
-2.16792705e-03
 2.32290569e-03
 2.29561097e-03
-3.39846095e-03
 4.40412863e-04
 1.70137457e-03
-3.24753375e-03
 2.62425179e-03
-6.04808193e-04
-1.39230018e-03
 1.44276740e-03
-2.15262169e-03
 1.29657725e-03
 3.99290390e-04
 2.38564318e-04
 2.12621680e-04
-4.37762015e-04
 6.01744187e-04
-3.89484445e-04
-4.07951641e-05
 1.98939798e-04
-1.64150136e-05
-5.45014420e-04
 5.93199338e-04
-5.24748667e-04
 3.52946702e-03
 4.22739368e-03
-6.12205400e-03
 1.13570361e-03
 6.39485800e-03
-4.46434455e-03
-3.64560482e-03
 5.16936084e-03
 4.27643733e-03
-4.58552495e-03
-5.81858583e-03
 1.18595233e-03
 6.55225277e-03
 5.06567703e-03
-1.44143899e-03
-5.95850980e-03
-6.61540524e-03
-4.60894436e-03
-7.19454115e-04
 2.02913940e-03
 3.52126462e-03
 5.33725340e-03
 6.43032980e-03
 6.43168893e-03
 5.84520046e-03
 5.84600918e-03
 5.48124181e-03
 3.38465273e-03
 7.77213351e-05
-4.08399149e-03
-6.07700511e-03
-6.22155539e-03
-3.71982347e-03
 2.61053443e-03
 6.82365163e-03
 4.00204423e-03
-3.66125577e-03
-6.52044874e-03
 2.37855565e-04
 7.03889235e-03
-1.71486306e-05
-6.73517931e-03
 2.32988984e-03
 5.90804889e-03
-5.74387689e-03
-1.04935986e-03
 4.98936538e-03
-5.90520168e-03
 3.46653365e-03
 2.62548062e-04
-3.38573149e-03
 4.46259362e-03
-4.17936906e-03
 3.30668471e-03
 3.56460152e-03
-9.76503333e-04
 8.09299987e-04
-1.20483021e-03
 8.20495624e-04
-3.37542703e-04
 2.58720200e-05
 1.56739657e-04
-2.77848583e-04
 4.62749898e-04
-4.42281339e-04
-1.15846211e-04
 8.55359103e-05
-3.41971260e-05
 3.02811164e-04
-5.32323908e-04
-4.40426562e-04
 2.50919857e-04
-2.40039523e-04
-4.79673933e-04
 2.09715776e-05
-3.11521547e-04
 1.07527066e-04
 4.18131753e-04
-3.67007699e-04
-1.56940860e-04
-3.20542915e-04
-3.27224094e-04
-1.93401332e-04
-4.90329279e-04
-2.34902209e-04
-1.72849318e-05
-2.29066565e-04
 2.05821748e-04
 1.80435716e-04
-6.34171017e-05
-6.78003719e-05
-1.51469985e-04
 3.46028116e-04
-3.44640823e-05
 1.42508029e-04
 3.06325612e-04
 2.73479574e-04
-7.37418695e-06
 1.72355333e-04
 1.82878556e-04
-5.06729777e-04
-1.00742539e-04
 1.49584473e-04
 6.26527379e-05
 3.20093861e-05
 7.11513847e-05
 3.80063440e-05
 4.49213754e-04
 3.14562911e-04
 2.47987833e-06
 2.70154973e-04
 2.31228478e-05
-2.39764234e-04
 8.51173081e-05
 5.78279084e-04
 5.02658411e-05
-4.03750380e-04
-1.16121557e-04
 2.12271640e-04
 1.95171323e-04
-3.18865598e-04
 3.22892630e-04
 1.98379538e-04
-4.40357266e-06
-3.63014973e-05
-3.10742161e-04
 2.02136075e-04
 7.73164578e-05
-2.22029283e-04
-6.77529848e-04
 4.01091709e-06
-5.60908925e-05
-2.83462044e-04
 2.46090305e-04
 3.01157718e-04
 2.87678201e-04
-6.15076162e-04
-2.64985135e-04
-1.67518850e-04
-8.88947795e-04
 1.35875814e-04
 3.48045381e-04
-2.61688812e-04
-2.17744939e-04
-7.10967107e-04
-1.93656788e-04
 4.42441088e-04
-1.77087076e-04
-1.94259138e-04
-2.04675764e-04
-1.77269134e-04
-4.66314508e-04
-4.34005222e-04
 4.07358794e-04
 1.42741559e-04
 3.33770588e-04
 2.00347272e-04
 8.59895017e-05
 5.46156333e-04
 6.31707539e-04
 2.07199701e-04
-4.28008234e-04
-3.41934774e-04
-2.15845018e-04
 4.29488083e-04
-8.11603592e-05
-4.36420947e-04
 7.76949172e-05
-7.36759239e-04
-3.63723523e-04
-9.43972694e-06
 1.18855938e-04
 2.70435120e-04
-4.36538749e-04
-5.32748723e-04
-1.27335496e-04
 1.56673188e-04
-2.50280685e-04
 5.99438195e-05
 3.96777847e-04
-8.06928024e-05
 9.11299716e-05
 6.25311668e-04
-1.60764651e-04
-3.06218189e-04
 1.59894535e-04
-7.95827076e-05
 1.63333454e-04
 7.01411076e-05
-5.13548259e-05
 1.63070101e-05
-1.50190125e-05
 9.40106329e-06
-1.78752618e-05
 8.89057225e-06
 4.68242237e-06
-5.00450316e-06
 2.56372635e-06
-4.50091686e-06
