-5.56732875e-06
 1.07250700e-06
 1.54999223e-04
-7.26041176e-05
 8.20202262e-05
-6.45080456e-05
-7.75998876e-06
 3.52874923e-04
-2.54555144e-04
 4.53325263e-04
-6.48745329e-04
 1.02475624e-03
-2.80453754e-03
-5.55879909e-03
 1.73844587e-03
-1.10890292e-03
 1.76931223e-03
-4.19310071e-03
-1.09784474e-02
 2.82896218e-04
 3.20012831e-04
-3.02644495e-04
 1.73168469e-04
-4.88739333e-04
 1.48646943e-04
-4.41621545e-04
-2.54018562e-04
-3.21271537e-04
 3.37456894e-06
 4.59893600e-04
 4.95282167e-04
 1.13589510e-05
 2.78952007e-04
-9.57739151e-05
-1.66012329e-04
 2.79523508e-04
-2.44116015e-04
-3.46878753e-04
 1.17099122e-04
 4.05768115e-04
-1.55458549e-05
-1.51737452e-04
 4.84405751e-04
-2.51976854e-04
 1.94413961e-04
 3.60401279e-04
-4.98683176e-05
 6.64275573e-04
 4.29533450e-05
 5.26007470e-04
 3.87998591e-04
-2.49338297e-04
-1.36267730e-04
-1.69321590e-04
 2.73322277e-04
 5.14279046e-04
 7.59800243e-04
 1.65836301e-04
-2.23900655e-05
 1.30663265e-04
-1.12802955e-04
-2.84246435e-04
-4.52669768e-05
-2.86606444e-04
 6.64019873e-05
 3.31528437e-04
-2.19339559e-04
 1.20146957e-04
-1.63996344e-04
-5.32649702e-04
-2.58078758e-04
 2.36813698e-05
 6.75080720e-05
-4.58698472e-05
-4.46529979e-05
 1.37090733e-04
 3.10457919e-04
-6.98329567e-05
-2.16349971e-04
 2.59829855e-05
-1.31829778e-04
-3.04194479e-04
 2.33213681e-06
 1.82495692e-04
-4.23627318e-04
-2.88363075e-05
-5.11403499e-05
-2.30902170e-04
 2.89214353e-04
 5.27845601e-05
 2.21930311e-04
 1.02268018e-04
 3.95886488e-05
 5.08116291e-04
 4.53578253e-04
 1.13339287e-04
 5.00605731e-04
 2.44353804e-04
-2.36490354e-04
 2.91203145e-04
-7.65827349e-05
 7.68043493e-05
 1.33310160e-04
-2.86042229e-05
 5.02535426e-05
-1.39009828e-04
 4.63202089e-05
-3.69540658e-04
 6.40411451e-06
 1.46363625e-04
 2.85625113e-04
 2.53809567e-04
-2.30989299e-05
-1.01318050e-04
-1.35761294e-04
 1.06672044e-04
-5.64480698e-04
 3.48346137e-07
-8.52647889e-05
-4.70319890e-05
 5.28313819e-04
-6.78952513e-04
-1.99128123e-04
 1.34586364e-04
-3.01373642e-04
-1.20385646e-04
-4.67371372e-04
 6.61710801e-04
 2.80092898e-04
-2.68812374e-04
 4.93061310e-04
-3.94818060e-04
-3.06716062e-04
-8.61963549e-05
-5.11901450e-04
-5.74131109e-04
-2.27125850e-05
 2.51964490e-04
 1.44208777e-04
-1.70085810e-04
-1.05206999e-04
 3.15130950e-04
 7.48988516e-06
 2.59221924e-04
 4.82292335e-04
 2.17697949e-05
-3.59808164e-04
 7.65209670e-05
 2.11307786e-04
 4.17303273e-04
 7.91997985e-05
-4.44637890e-04
-1.90009247e-04
 5.58057975e-05
 5.15692979e-04
-4.75238110e-04
 3.21563876e-05
 2.06734315e-04
-2.88854437e-04
 7.12879696e-04
-1.77437212e-04
 6.54256656e-05
 4.99295770e-04
 1.12662162e-05
 1.22191712e-04
-4.05398543e-05
-1.85994378e-04
-7.79802404e-05
 1.31048269e-04
-1.77584531e-04
 5.26140521e-04
 4.44613236e-04
-8.77733775e-05
-2.58379584e-04
-9.99733729e-05
 4.18601754e-04
-1.85249603e-04
 3.68906813e-04
 8.64477450e-05
-3.35216820e-04
 2.02610554e-04
 1.06759678e-04
 1.03172943e-04
 2.12617805e-04
 4.45886978e-04
-2.93680155e-04
-5.28267306e-04
 2.88001521e-04
 1.63542458e-04
-3.77555741e-05
 7.56955926e-05
 1.13022802e-04
 3.16627501e-04
 1.61973412e-04
 9.14667728e-05
-3.86868538e-05
 6.47458667e-05
 2.01437068e-04
-1.63333906e-04
 5.72469693e-05
-4.49465797e-04
-1.75866719e-04
-1.13977313e-04
-6.63933869e-04
-2.37973801e-04
-2.41859090e-04
-2.84724558e-04
-3.86947971e-04
 2.05317795e-04
 1.25285820e-04
 3.94843636e-05
 1.64408624e-04
 3.04131296e-05
-8.69089830e-05
-3.78024152e-04
 2.21085748e-04
-1.60115409e-04
-2.44784829e-04
 9.99343353e-06
-2.69257791e-04
-1.53032071e-04
-1.04886958e-03
-3.23941117e-04
 5.55860422e-04
 1.56958685e-04
 4.35969073e-04
-2.74577861e-05
 1.03216339e-04
-9.68255090e-05
-2.98826625e-04
 1.36317288e-04
-4.26712058e-04
-7.57455239e-04
-2.73904598e-04
 4.18947802e-06
-2.40100388e-04
 1.28641080e-04
-2.39763160e-04
-2.36220986e-04
 1.53689179e-04
-1.25487322e-04
-4.26315038e-05
-3.78206659e-04
 7.21714763e-04
-1.34246361e-03
-2.52531912e-03
 5.26822380e-04
 8.07156709e-06
-2.50582774e-04
 5.22128974e-04
-9.19678182e-06
-1.88993167e-04
 1.80046561e-04
 2.07547214e-04
-2.26328368e-04
-3.14298641e-04
-3.14630947e-04
 2.83466245e-04
 1.93923815e-04
-4.79979412e-04
-2.68387616e-04
-2.46930478e-04
 2.14476234e-05
 5.07764228e-05
-2.68806957e-04
-5.20743424e-04
-3.31467807e-04
 2.77856858e-04
-4.40596048e-05
-1.60402895e-04
 1.31736466e-04
 1.37930147e-04
 5.22423840e-05
-2.57256244e-04
-5.71197895e-04
-1.65654755e-04
 6.00792084e-05
 3.94498614e-04
 6.45842093e-04
-4.52208992e-04
-3.82657469e-04
-3.11637730e-04
-3.44532464e-04
-2.60170165e-04
 4.83597464e-05
 6.19768555e-04
-2.99293182e-04
 3.13771624e-05
 2.21808172e-04
-2.02133079e-04
 2.86622862e-04
-1.56516984e-04
 3.62454511e-04
 1.96511735e-04
-2.63933294e-04
 1.06474142e-03
 7.82811208e-05
 5.29911286e-04
-2.95809948e-03
-3.88829919e-03
 4.23855463e-04
-2.18770112e-04
-1.86356313e-05
 1.20356559e-04
-6.01523901e-04
-3.05650212e-04
 4.38455291e-05
-6.42763672e-04
 4.54294381e-04
-9.58476597e-04
 3.93622861e-03
 5.86413588e-03
-6.83778931e-04
 8.98701535e-05
-8.96142937e-05
-1.28218526e-04
-1.16989281e-04
-6.95649988e-05
 1.63044549e-04
-3.38141014e-04
 3.18002063e-04
-2.93980768e-05
-2.87940611e-04
-1.54977385e-04
 4.59952069e-04
 9.52951410e-05
-6.90533430e-04
 1.87813211e-04
-1.62419923e-04
-7.83519002e-04
-1.54168905e-04
-2.69095802e-04
-1.65381787e-04
 3.57394026e-04
-9.07566848e-05
-4.32167654e-04
 4.47529017e-04
-2.17924325e-04
-1.01860042e-03
-4.10444327e-04
-2.84671788e-04
-1.24303784e-04
-5.14107002e-05
-3.22665235e-04
 1.63764662e-04
 4.96803638e-04
-2.65114046e-04
 1.63538400e-04
 6.17293522e-04
 2.41440828e-04
-3.06621132e-04
 2.74859194e-04
 4.74605518e-04
 6.05789448e-04
 1.35847722e-04
-7.92044826e-05
-4.21111229e-04
-6.78078114e-04
 2.09881640e-03
-7.44490862e-03
-6.73646360e-03
 1.95674534e-03
-9.07711393e-04
 3.92194716e-04
-1.16375060e-04
-6.89895606e-05
 1.67890717e-04
-1.89052394e-04
 1.99749726e-04
-1.57335637e-04
