 6.75585811e-09
-1.68968401e-06
 3.25595052e-06
 1.36654064e-05
-1.03353748e-05
 1.08700376e-05
-1.79904434e-05
 1.07704765e-05
 2.04389108e-06
-3.44848422e-06
 2.60518685e-05
-4.55133639e-05
 1.12937007e-04
-4.45186534e-04
-3.55659349e-04
 1.75961741e-04
 1.11790702e-04
 2.41294714e-04
-1.13228781e-04
-3.99325067e-04
-1.71415071e-04
-8.59689532e-05
-4.84247594e-04
-3.06420362e-05
 3.02114264e-04
 4.75962818e-04
 1.16341976e-04
-1.80812932e-04
 4.71916242e-05
 2.30109436e-05
 3.98286791e-05
-3.28538501e-04
 3.69644148e-04
-3.40316767e-04
 8.19336476e-05
 3.29537014e-04
-5.35597173e-04
 4.56462983e-04
-2.35763466e-04
-1.24770490e-04
 2.85300159e-04
 2.26444037e-04
 6.54112687e-04
-2.71299874e-05
-1.70750099e-04
-3.48166237e-04
-4.34133191e-04
 4.35855406e-04
 3.23335737e-04
 5.01119166e-04
 1.30402435e-04
-1.99005835e-04
 4.14750092e-04
-2.92899224e-04
-1.43278643e-04
 3.08062844e-04
 3.56736850e-04
 1.85728500e-04
 3.64004606e-04
 4.01388449e-04
-3.93276449e-04
 2.17901396e-04
 4.73800181e-04
-1.60617337e-04
-8.60658324e-06
 3.52915971e-05
-4.14247807e-04
-5.23337997e-04
-1.56479517e-04
 4.51921847e-04
 3.45501744e-04
-3.45640169e-04
-2.14266290e-04
 1.25854975e-04
 2.59597868e-04
-2.18220888e-04
-3.92574182e-04
 2.88831294e-04
-1.99943888e-04
-2.25819460e-04
-4.82369099e-04
-1.98843013e-04
 3.38192079e-04
-9.42098638e-05
-4.58842725e-06
 1.95062141e-04
 5.97238216e-04
-4.14709086e-04
-5.38951715e-04
-6.90215576e-05
 3.77852434e-04
 7.96812625e-04
 3.61554987e-05
 3.11489537e-04
-4.88638570e-05
-2.00105991e-04
-3.18371416e-04
-5.07267434e-04
 6.56741156e-04
 5.57943342e-04
 3.23896729e-04
 4.77822543e-04
 4.29379370e-04
 2.52591720e-04
-1.37481536e-04
 4.35512796e-04
 6.12622945e-04
-2.30619881e-04
 2.57629983e-04
 4.74694339e-05
-2.43634760e-04
 2.14609243e-04
-4.85381045e-04
-4.37340546e-05
-2.80121507e-04
 4.76130696e-05
 2.90922600e-04
 1.60025075e-04
 4.84897105e-04
-6.30481307e-04
-1.02639706e-04
-1.59242792e-04
 1.32595878e-05
 2.87641770e-04
-5.96122632e-05
 3.93426485e-04
 2.83572991e-04
-3.34704557e-05
-6.22414633e-04
-5.25539239e-04
-6.78003995e-04
-6.61944949e-04
 5.48095798e-05
 7.39975257e-05
-9.84970276e-05
-1.54107109e-04
 5.18019645e-04
 4.40022188e-04
-5.56703595e-05
 1.39017300e-04
-6.26392393e-05
 2.23225207e-04
-2.47352511e-04
-1.02401805e-04
-5.52883952e-04
-8.26669618e-04
 5.67966807e-04
 4.91784782e-05
-2.62962812e-04
-3.22777669e-04
-1.12933862e-04
-1.08794335e-04
-3.52698399e-04
 3.44448023e-04
-2.55018548e-04
 1.42602653e-04
 5.50621233e-04
-4.99285428e-04
-2.31062104e-04
 2.21634712e-04
-8.09353660e-05
-2.85327038e-04
-1.16981501e-04
 1.47829232e-04
 6.49806432e-05
 3.02893544e-05
-8.44497094e-05
-9.36143897e-05
 3.23086121e-04
-2.01866868e-04
-1.85314483e-05
 4.43447558e-04
-1.50357024e-04
 4.93805755e-04
 1.77924094e-04
-8.53078328e-05
 6.12557631e-04
-1.66748114e-04
 1.01078311e-04
 1.69605996e-04
-5.34624026e-04
-3.30936797e-04
 5.65065346e-05
-3.47921512e-04
-4.30186174e-04
 5.69264863e-04
-2.78965228e-04
-7.51550811e-04
-2.86349897e-04
-3.45037697e-05
 3.70989518e-04
-2.92818916e-04
 3.90794322e-04
-6.46391463e-04
 1.98795513e-03
 3.16698729e-03
-6.60657506e-04
 4.28214016e-04
-4.32788955e-04
-7.18969097e-04
 2.84337050e-04
 2.14303203e-04
 1.92943597e-04
-3.85450999e-04
 1.29128795e-04
 2.64008593e-04
-3.64334342e-04
-6.11228864e-05
 1.68455099e-04
 5.02096067e-05
 7.07148813e-04
 1.73589690e-04
-2.23937635e-04
-2.12690718e-05
-1.86741984e-04
-3.97545841e-04
-3.31361374e-04
 1.48990407e-04
 9.69597279e-06
-4.31431771e-04
-1.55962149e-04
-6.92881798e-05
-4.54770268e-04
-3.10027326e-04
-2.74615941e-04
 1.58696737e-04
 4.52576227e-04
-2.28768998e-04
-1.45266371e-04
 3.75470643e-04
 3.45616511e-04
 3.10114522e-04
-1.64921536e-04
-1.84331434e-04
-1.79055129e-04
-4.37097413e-04
-1.47597790e-04
-7.02479483e-05
 2.68969137e-05
 1.97663694e-04
-4.02399089e-05
-5.82023573e-04
-6.72983068e-04
 2.92791351e-04
 6.46894955e-05
-3.95936880e-04
-6.88002011e-06
-6.72088354e-04
 3.19574737e-03
 2.99795921e-03
-6.99468687e-04
-1.38654820e-04
-1.71134437e-04
 5.06758596e-04
 6.49406798e-04
 1.31463683e-04
-2.41254116e-05
 3.62284801e-05
-2.35152901e-04
 1.74197993e-03
-3.93271217e-03
-5.48663641e-03
 1.42319740e-03
 3.51832862e-05
-1.42875403e-04
 6.22857307e-04
 1.08555664e-04
 2.63076343e-04
 1.03510844e-04
-4.23023948e-05
 5.30137317e-04
 3.10549413e-04
-5.20851413e-04
-4.85616018e-04
-6.55802561e-04
 2.05012600e-04
 6.76597913e-04
-1.70283436e-04
-2.45579377e-04
 7.85287329e-05
-1.99385916e-04
-2.60949479e-04
 5.27886281e-05
-3.74188366e-04
-2.68974888e-04
-1.40868517e-04
-4.68625272e-04
-6.77842721e-04
-4.62947014e-04
 3.05046502e-04
 4.32125486e-04
 2.00931065e-04
-1.64074292e-05
 6.84445802e-04
-1.31078211e-04
-2.04865321e-04
 6.60662636e-04
-2.44695657e-04
-6.41979019e-04
-7.85183629e-04
-5.58383652e-04
-2.10378256e-04
-2.69918935e-04
 7.89749672e-05
 6.40448379e-04
-1.89330603e-05
 1.24624917e-05
-3.66220406e-04
 1.54905513e-06
-2.90854182e-04
-5.03044261e-04
 7.81494191e-04
-7.22920261e-04
 9.84137661e-04
-4.14683636e-03
-4.61182992e-03
 1.31118659e-03
-3.49045954e-04
 6.43476641e-04
-2.28980006e-04
-2.79552298e-04
-9.46398808e-06
-3.49726710e-04
 5.09077163e-04
-1.69471818e-04
-3.41502387e-04
 3.54126527e-05
-3.57347859e-04
-1.54290959e-04
 3.73223735e-04
-3.58484535e-04
-4.81324656e-05
 9.12115208e-05
 2.84115992e-04
 2.48362997e-04
-6.23015288e-05
 3.28870523e-04
-1.09592850e-04
 4.34242912e-04
 6.01527812e-04
 1.01251583e-04
-8.52776470e-05
 1.09325147e-04
 5.76441409e-04
-3.36428811e-04
-7.78218930e-05
 3.22685389e-04
-4.24210656e-04
 3.28309152e-04
 6.95944136e-04
 1.15800444e-04
-2.40677680e-04
-2.66731474e-04
 1.66550185e-05
 1.51249964e-04
 3.79115207e-04
 3.62800894e-06
-2.60895816e-05
-1.01012935e-05
 6.34725761e-06
 1.31665991e-04
-7.06620335e-05
 4.42806704e-05
-1.40918638e-05
 2.03668335e-06
-2.26252226e-07
-1.36202217e-05
 9.45664323e-06
-6.53370835e-06
 5.88800318e-06
