 2.33913727e-06
-2.87005864e-05
 1.96548809e-04
-5.35297377e-05
 5.58592177e-05
 6.98761297e-06
-1.28466393e-04
 2.91104834e-04
-3.49881093e-04
 5.63939312e-04
-7.91432300e-04
 1.18773049e-03
-2.21068790e-03
-7.47588312e-03
 7.14890493e-04
-6.02303034e-05
 8.08422903e-05
 9.75413524e-04
-4.33936383e-03
-7.83828804e-04
 1.81893815e-04
-4.87320156e-04
 2.19633452e-04
-1.12743235e-04
 2.17930179e-04
-3.81918976e-04
-1.78141539e-04
-5.39712022e-04
 2.90083445e-06
 5.28300447e-04
 2.55677986e-04
 4.31381068e-04
-5.31542937e-04
-3.03052209e-04
 4.45556432e-04
-1.24521417e-04
 6.63365785e-05
 3.23914996e-04
-1.99160121e-04
 2.54284749e-04
 6.44531783e-04
 2.10557294e-04
 2.10842304e-04
-1.14611154e-04
-1.22224731e-04
 1.45617001e-04
-4.39078912e-04
-2.39054388e-04
 3.54017672e-05
-6.74327040e-04
-4.02275624e-04
 1.30341797e-04
-1.52725873e-04
-2.03326311e-04
 5.46401585e-05
-6.47614678e-04
-4.27504528e-04
 1.67156613e-04
 7.91392233e-05
 3.32313579e-04
 2.88988035e-04
-2.06464850e-04
-4.42138512e-04
-6.88299973e-05
-7.58051724e-04
-1.95532269e-04
 3.75397098e-04
-2.88544507e-04
 1.84782933e-04
-2.73823811e-07
-4.23152242e-04
 5.82577094e-05
-1.62279072e-04
-7.42934881e-04
 5.28530413e-05
-6.86432321e-05
-1.69703609e-04
 9.39165879e-05
-2.49606614e-04
 3.10659763e-04
-6.60602044e-05
-3.65079143e-04
-6.06510954e-04
-3.12174013e-04
 2.29985850e-04
-1.68616033e-04
-6.43749560e-05
-3.74851944e-04
-3.55122114e-04
 2.83113412e-04
 2.93652075e-04
-8.24690067e-05
 1.71528287e-04
 2.60596540e-04
 1.73483847e-04
 1.34483486e-04
-1.35900063e-04
-2.21499900e-04
-3.24522891e-05
 3.09900786e-05
-1.00307146e-04
 3.30403160e-04
 2.84335788e-04
-2.92937925e-04
-4.77390807e-04
-9.97837069e-05
 6.14162067e-05
 2.97093356e-05
-3.05276547e-04
-7.25718564e-06
 5.89961405e-04
 1.52131882e-04
 3.10416158e-04
-1.46044951e-04
-4.21982863e-04
-7.21245888e-05
 4.35892761e-04
 3.57861318e-04
-2.39933656e-05
 1.20890306e-04
-1.12308627e-04
-2.35331286e-05
-1.63797552e-04
 2.22419669e-04
-4.53756487e-04
-5.89918716e-04
 3.26979934e-04
 1.82248276e-04
 3.66077030e-04
-6.38304414e-05
-1.39615599e-04
-2.46911602e-04
-5.31050140e-04
-1.48113842e-05
 3.46059126e-04
 3.53231462e-04
 4.81818816e-04
 4.46512812e-04
-3.14397749e-04
 4.47846153e-05
-2.90800213e-05
-2.47753431e-04
 3.99653496e-04
-2.07515849e-04
-2.78039308e-05
-4.82797153e-05
-4.35765677e-04
 4.46390347e-04
 3.39214753e-04
 3.16639995e-04
 2.54482240e-04
 3.01862598e-06
 3.59393714e-04
-2.04813678e-04
-1.39197031e-04
 7.80173312e-05
-3.11387826e-05
 7.15297656e-05
 2.08588454e-04
-6.65085931e-05
-1.26272053e-04
-1.75806894e-04
-5.92281184e-04
 1.03330572e-04
 5.15620966e-04
 4.32576353e-04
 4.60350319e-04
 2.77039198e-04
-2.45814601e-04
-6.37245152e-04
-2.58270025e-04
 3.29462184e-04
 4.31442482e-04
-2.92645054e-04
-5.03248352e-04
 6.01930852e-04
 5.46421512e-04
-2.66564378e-04
-2.15234298e-05
-8.28863651e-05
 3.46660608e-04
 3.86999244e-04
 3.65005226e-04
 5.22694239e-04
-2.18591936e-04
 2.05462184e-04
 2.58019256e-04
-3.01954686e-04
-2.68205792e-06
 2.06659362e-04
-4.09485620e-04
-2.44326090e-04
 8.16283227e-05
-1.50436803e-04
 5.14263515e-05
 1.71981593e-04
 3.07081779e-06
-7.00771651e-05
 6.06462885e-05
-1.68385058e-04
-1.44421777e-04
-1.53956307e-04
 6.42151889e-05
 4.00006647e-04
-8.17325961e-05
 9.96649146e-05
-1.39254564e-04
-2.00189707e-04
 8.13033406e-05
 2.49596520e-04
 4.19903221e-04
-3.72978848e-04
 2.38261324e-04
 8.08869930e-05
-2.93332631e-04
 2.40131309e-04
 1.88503163e-04
 4.93580322e-04
 2.29578018e-04
-1.50184949e-04
-3.98291794e-04
-1.47191317e-04
-1.86620928e-04
-3.56850518e-05
 3.83038449e-04
-2.74791625e-04
-4.74968347e-04
-1.52076726e-04
-6.27302353e-04
-4.82359191e-04
 1.61160617e-04
-2.86796266e-04
-7.73363605e-06
 6.62325651e-05
-4.66779145e-04
 3.50508256e-04
 1.32776910e-05
-4.68312237e-04
-1.30564029e-04
-2.04507037e-04
 2.60051752e-04
 4.55429201e-05
 4.67275129e-05
-2.02411874e-04
 1.76076544e-03
 1.85000097e-03
-6.71073213e-04
 5.23777216e-05
 2.01229516e-05
-7.92533950e-05
 2.31522136e-04
-1.36587978e-04
-1.22164869e-04
 1.06826527e-04
 1.26092526e-04
-2.48685024e-04
-3.04784417e-04
-3.30528313e-04
-3.68557077e-04
 2.71608024e-04
-7.17954875e-05
-4.79701448e-04
-2.80325157e-04
-4.34022191e-04
 7.83580993e-05
-8.45011880e-05
-6.90993949e-04
 3.34501732e-04
 3.27565933e-04
 2.10222960e-04
 4.23960781e-04
-1.68958454e-04
 2.03081387e-05
-4.24269041e-04
 2.86392528e-05
 2.97744627e-05
-4.86006662e-04
 4.15974773e-04
 1.59313338e-04
-3.43433435e-04
 1.77659411e-04
 8.28860001e-05
-2.27993573e-04
 1.29184339e-05
-2.79555775e-04
 2.50698004e-05
 7.07752994e-04
-1.22555294e-04
-2.14893319e-04
 3.49601427e-05
 5.07313509e-04
 2.94363975e-04
-1.24775100e-04
 4.77757788e-04
-1.95461389e-04
 4.74864277e-05
-1.80837188e-04
 4.08026289e-04
 5.75514238e-04
-1.23688654e-03
-5.37555667e-04
 6.25897894e-05
-1.58736057e-05
-5.04682584e-04
 3.67395162e-04
 4.10909151e-04
-6.13914597e-06
 1.83291993e-04
-3.81285155e-04
 7.83960788e-04
-2.46731684e-03
-2.59043749e-03
 1.02334468e-03
-6.99018049e-05
-3.24385894e-04
 4.73107115e-04
 8.93438231e-05
-6.79149449e-04
 3.18702393e-04
 3.08125624e-04
-9.09361217e-05
 4.00660523e-04
-3.71051662e-04
-3.48093691e-05
-6.69203888e-05
-4.22892899e-04
-1.14066536e-04
-6.67948900e-04
-9.27111953e-04
 5.87324912e-04
 5.52997558e-04
-3.18274519e-04
 2.96833603e-04
-1.74255712e-04
 1.25736778e-04
-3.70655309e-05
-2.39029891e-04
 4.86360205e-04
 2.35667037e-04
 6.88203052e-05
 3.07733534e-04
-7.02418322e-05
-3.39486258e-04
 4.71477693e-04
 5.25637896e-04
 6.50861436e-04
 1.95140230e-04
-2.47641870e-04
 3.46608294e-04
-5.07236769e-05
-3.16595472e-04
 2.25065491e-04
 4.13583544e-04
 6.09321922e-04
 4.50461097e-04
-4.65451333e-04
-4.03892828e-04
-6.70048593e-04
 1.00497942e-03
-5.09374324e-04
-2.61973389e-03
 3.91076032e-04
-2.04241068e-05
-1.17686722e-04
 1.42420375e-04
-1.60210764e-04
 1.49678424e-04
-1.01026179e-04
 8.22767507e-05
-5.83224996e-05
