 4.08172179e-08
-9.00073908e-07
 1.77769543e-06
 4.15656766e-06
 8.74304301e-06
-9.72815267e-07
 2.34943492e-06
 3.28287061e-06
-9.30950678e-06
 1.72940525e-05
-2.14233146e-05
 4.42111584e-05
-5.27701265e-05
-1.02196227e-04
-3.57223094e-04
-3.51350478e-04
 5.19004627e-05
-1.51006105e-04
 6.24670682e-05
-5.49508733e-05
-5.17587199e-05
-3.21404865e-04
-2.49687223e-04
 5.48557853e-04
-3.89141748e-05
-4.41284899e-04
 1.52653202e-04
 6.86161889e-04
 2.79507804e-04
-5.55431748e-05
-9.96742979e-05
 9.56223496e-05
 2.39588643e-04
 1.70766108e-04
 1.51444608e-04
 4.81283021e-04
 9.64094000e-04
 3.02911421e-04
-1.53966842e-04
 5.43064800e-05
-4.03877539e-05
-9.48008691e-05
-9.22817072e-05
-2.31837389e-04
-3.82247220e-04
-2.78620338e-04
 4.40721638e-04
 1.38258227e-04
-1.05711889e-03
-1.07269328e-04
 5.82529101e-04
 1.94626486e-05
 2.91864247e-04
-4.91489942e-05
 2.32282196e-04
 9.13834468e-04
 3.15431985e-05
-2.17924907e-04
-1.46819348e-04
-2.72852589e-04
 4.37808965e-04
 1.55965428e-04
-4.62282126e-04
-9.05553989e-05
-1.04396794e-04
 2.18736097e-04
 6.93552439e-04
 1.75186333e-04
 7.05764362e-04
-2.59100526e-04
-3.46732795e-04
-2.54493277e-04
-7.25773727e-05
 1.09439374e-03
-2.81169675e-04
 2.06400594e-03
-1.33158089e-03
-1.94079267e-03
 3.79199214e-03
-1.53333059e-03
-2.94010134e-03
 2.69610558e-03
 1.79635230e-03
-2.70300247e-03
-2.43949842e-03
 1.54661798e-03
 3.19872975e-03
 1.12569750e-03
-2.28018635e-03
-3.51872858e-03
-2.67366732e-03
-4.87991688e-04
 2.54060256e-03
 2.80449517e-03
 3.04257938e-03
 3.53740000e-03
 2.87171776e-03
 2.83827314e-03
 2.06204740e-03
 2.46447016e-03
 2.40886062e-03
 2.38362991e-03
 3.28299319e-03
 3.20888867e-03
 3.02952850e-03
 7.86577046e-04
-2.05369459e-03
-3.79988202e-03
-3.19143382e-03
 4.51023047e-04
 3.13935448e-03
 2.10741973e-03
-2.07319410e-03
-3.68214637e-03
 7.92010190e-04
 3.14804308e-03
-1.07790885e-03
-2.54726715e-03
 2.52878669e-03
 1.68913879e-03
-2.92569408e-03
 2.26049120e-03
-4.58229820e-04
-1.64249434e-03
 2.53788256e-03
-2.21001313e-03
 1.31175849e-03
-7.00972346e-04
-1.55936296e-04
 2.98977580e-03
-1.29815472e-03
 1.89839909e-04
 1.89006861e-04
-2.75076369e-04
-6.84483763e-05
-1.98360880e-04
 1.24304465e-04
-6.12042861e-04
-1.15702464e-04
 2.78393198e-04
-2.32552114e-03
 5.18086225e-04
-3.72449287e-03
-1.82729371e-03
 6.92582536e-03
-3.37921222e-03
-4.43946047e-03
 4.99976991e-03
 3.64148579e-03
-5.28531120e-03
-5.50333961e-03
 3.72400706e-03
 6.87810324e-03
 1.95205849e-03
-4.73026549e-03
-6.93920451e-03
-4.47811525e-03
 1.29583356e-03
 5.56971800e-03
 6.82970521e-03
 7.05824566e-03
 5.48218495e-03
 4.46854026e-03
 3.83674013e-03
 3.30536192e-03
 3.91603567e-03
 4.27258774e-03
 5.57401733e-03
 6.72405971e-03
 6.98894580e-03
 5.75611343e-03
 2.52491143e-03
-1.82216846e-03
-6.33214655e-03
-6.82277059e-03
-1.28629949e-03
 5.45007240e-03
 5.58433295e-03
-1.88235741e-03
-7.00868586e-03
 6.92886907e-05
 6.69895426e-03
-7.06500477e-04
-5.84050088e-03
 4.07547808e-03
 4.14903929e-03
-6.94730644e-03
 3.86629485e-03
 1.32866125e-03
-4.35995605e-03
 5.73643719e-03
-4.10264408e-03
 9.85295786e-04
 4.78230815e-04
 4.58148440e-06
 6.97425287e-03
-1.55988754e-03
 3.66273252e-04
-1.53219661e-04
-2.46410075e-04
-1.38261583e-04
-5.77476999e-04
 1.03039970e-03
-1.48029789e-04
 2.93642468e-04
 5.07303922e-04
 2.02257360e-04
-5.53350246e-04
-2.12541070e-04
-2.20593800e-04
-2.60983528e-04
-5.58632110e-05
-3.07175927e-04
 2.73280316e-04
 1.63594417e-04
 3.88126104e-04
-1.51642250e-04
-2.70104059e-04
 3.85772466e-04
-1.65294615e-05
 4.03616997e-04
 4.95496184e-04
 3.92864240e-05
-3.17490544e-04
-1.25101502e-04
 8.14191966e-05
 9.34187494e-05
 4.48292558e-04
-1.00809462e-04
-4.25993948e-04
 3.61575806e-05
-1.06137634e-04
 1.57821962e-05
 3.72032257e-04
-1.21210851e-04
-2.23877440e-04
 1.55943255e-04
 4.10281502e-04
 1.19080319e-04
-4.28678856e-04
-3.42909484e-04
-2.75317763e-04
 1.23217332e-04
 3.67135267e-04
-4.37430376e-04
-2.16471870e-04
 4.24055209e-04
 1.03543760e-04
-1.20273800e-04
-2.64519643e-04
-3.14030216e-04
-4.50757342e-04
 3.30467185e-04
 3.70301026e-04
-4.14843526e-04
-2.13763491e-04
-3.03192355e-04
 1.81922718e-04
 3.18351528e-04
-7.97396411e-06
-3.62803648e-04
-6.81888697e-05
 2.06185495e-04
 8.83335467e-05
 7.69079748e-04
-3.37981031e-04
-5.13860236e-05
 2.71414150e-04
-4.25217500e-04
 2.46836056e-04
-3.03173184e-04
-4.34444376e-04
-1.99751214e-04
 9.63856163e-05
 1.19835769e-04
-2.89527372e-04
 8.79680011e-06
 5.78864466e-04
 4.46113360e-04
-1.31049498e-04
 1.39831254e-04
 3.83186434e-04
 2.90563632e-04
-1.86011913e-05
 1.39360475e-04
 9.29535327e-05
 1.41445134e-04
 6.04476735e-04
-1.52868064e-04
-2.06976492e-04
-1.35947898e-04
 4.62208406e-04
 7.51506194e-04
-4.26344100e-04
-3.34865771e-04
-3.22225134e-06
 1.60445311e-04
 5.96074468e-07
-8.97200041e-05
-3.73486503e-04
-7.42656767e-04
 5.74088481e-05
 2.22267324e-04
 3.51188255e-04
 6.49292937e-04
-1.91057327e-05
-2.81988081e-05
 2.88681185e-05
-2.70342038e-04
 8.84613080e-06
-1.87583206e-05
 1.94136133e-04
 2.27245522e-04
 4.87829267e-04
 1.59969026e-04
-3.95291900e-04
 1.40126110e-04
-1.91735211e-04
-6.70966454e-05
-4.26171331e-05
-9.69101109e-05
-3.34193337e-04
-3.08146532e-04
 4.48906934e-04
 1.61228337e-04
-2.74086635e-04
-2.55866311e-05
 1.26073273e-04
-2.16918536e-04
 4.00200956e-04
 1.69480809e-04
-4.30648698e-04
-1.21086715e-04
 1.80335191e-04
 3.86544954e-04
-3.96932892e-04
-6.10473975e-04
 4.06157316e-05
-4.05323733e-04
-2.05303284e-04
 6.90054164e-05
-5.95428072e-04
 3.14181554e-05
-5.23592702e-05
-3.66491196e-04
 1.55624141e-04
-6.46469750e-05
-4.46761903e-04
-1.33611169e-04
 4.35370181e-04
 6.22134191e-04
 2.57684201e-05
-4.42748229e-05
-2.50514114e-04
-3.39335813e-04
-1.30622987e-05
 2.02216609e-05
 8.90790635e-04
 7.61682400e-07
-4.48355330e-04
 7.52972565e-05
-8.95625624e-05
 5.76564475e-05
-3.01741188e-05
 2.00051091e-05
 2.91058003e-06
-6.78470924e-06
 4.65371034e-06
-2.23905005e-05
 9.31462108e-06
