-1.01340741e-08
 2.42290278e-06
-7.67474573e-06
-1.65202151e-05
 1.02571171e-06
-3.20272564e-06
 1.27223207e-05
 2.30854042e-06
 1.24028314e-05
-9.57751598e-06
 1.06589397e-05
-1.07356296e-06
-4.59488159e-06
 6.17815137e-04
 6.93921478e-04
-2.88222361e-05
-2.94461705e-04
-3.31837212e-04
-5.98579059e-04
-6.72841050e-05
 9.77695298e-05
-2.82629608e-04
 1.10757545e-04
-1.55534476e-04
-6.10963896e-04
-3.48214909e-04
 2.32805815e-04
-2.47861172e-04
-9.60203834e-06
 5.30846429e-04
-1.72265417e-04
-3.00370350e-04
-2.00021379e-04
 2.75581493e-04
-6.81495981e-05
-2.84964350e-04
 4.05078666e-04
 1.81349840e-04
-2.37964164e-04
-5.08836130e-04
-3.19003558e-04
-1.97154102e-04
-2.08242271e-04
-3.17835654e-04
-4.32376795e-04
-1.31948721e-06
 1.40390577e-04
 4.57182551e-04
 5.61760069e-04
-1.74400562e-04
-3.24108758e-04
 1.81859856e-04
-8.01923847e-07
 3.54239188e-04
 2.07350162e-04
-5.41320798e-04
 4.49457974e-04
 6.81063821e-04
-2.28120204e-04
-7.45088863e-04
-9.43637883e-04
 1.29945079e-04
 7.75692966e-04
 4.08656271e-04
 1.64767640e-04
 3.78334206e-05
 1.41258170e-05
-2.99207771e-04
 1.10786311e-04
 3.25473780e-04
-1.83086021e-04
-3.54572159e-05
 5.62707800e-04
 3.73489233e-04
-2.98405546e-04
-4.98106227e-04
-3.90553507e-04
-2.86467657e-04
-5.68931126e-04
-2.79405065e-04
-3.48743317e-04
-2.47404226e-04
 3.04314583e-04
 4.18130930e-04
 5.89164947e-04
-7.19540370e-05
-6.90744946e-05
-4.32999579e-04
-3.52737378e-04
 4.85792202e-04
-6.83990469e-04
-2.74148590e-04
 6.90631508e-04
-1.28966970e-05
 3.56290292e-07
-1.32901056e-04
-1.05124469e-04
-1.90222684e-06
-1.52591536e-04
 2.30095357e-04
 1.28852990e-04
-3.40460634e-04
 1.95048218e-04
 6.28895442e-04
 1.68248422e-04
 4.48249518e-04
-1.26218680e-06
-2.86873589e-04
 2.15664510e-04
 2.50721968e-04
 7.46978112e-04
 1.90308392e-05
-2.31652922e-04
 1.12706317e-04
-2.47720428e-04
 7.03658106e-05
 1.65426741e-04
 6.31867443e-05
 2.10459884e-04
 2.00216652e-04
 2.70443702e-04
 5.01715638e-05
-4.05095517e-04
-2.97696410e-04
-1.96773481e-04
 3.98099566e-04
 1.77792150e-04
-3.72147095e-04
 2.45062499e-04
 1.77824812e-04
 2.31176146e-04
 2.83906291e-05
 1.00552592e-04
 2.94445931e-04
 8.11372025e-05
 4.25275013e-04
-1.30113461e-04
-1.03391579e-04
-1.66399101e-04
-2.04743710e-04
 6.87293148e-05
 1.39239593e-04
 7.70304678e-05
 1.99951720e-04
 4.69030984e-04
-5.73447619e-04
-3.25412369e-05
 2.44359849e-04
-2.57293017e-04
 5.45602030e-05
 3.56126947e-04
 3.57560411e-04
-3.08998448e-05
 4.49832681e-04
 2.04219394e-04
-2.13650102e-04
-3.12977440e-04
-3.94192778e-04
 2.40537216e-04
-1.13930920e-04
-9.15032806e-05
 2.49781764e-04
 2.71593327e-04
 8.19712247e-04
 2.77293245e-04
-1.02666837e-04
 9.10637853e-06
-1.71869888e-04
-4.01714940e-04
-2.48466865e-04
-2.93391609e-04
-3.47674413e-04
-2.28765347e-04
 1.50648600e-04
 1.42992127e-04
-1.03482289e-04
 1.06485140e-04
 2.17457070e-04
-5.46774839e-06
-8.98465962e-04
-2.17875569e-04
-7.14179746e-05
-5.43565499e-04
 1.39809513e-05
-1.49422299e-04
-4.24459637e-04
-7.29253370e-04
-3.60454844e-04
-6.53865114e-05
-1.52923902e-05
 4.60377418e-04
-4.80642063e-05
-5.33318701e-04
-3.97169518e-04
 6.37668597e-04
 6.01168722e-04
 2.83603499e-04
-4.89343659e-05
-7.32652992e-04
-2.12709117e-04
-5.68097612e-04
-5.18933883e-04
-4.11455712e-04
-4.44221126e-05
 2.21993332e-04
-3.01007652e-05
 2.77977263e-04
-5.54104948e-04
-3.22752715e-04
 3.98160404e-04
-4.10775697e-04
-1.00085015e-04
 1.19741148e-04
-2.92124572e-04
 2.34378414e-04
 3.20242953e-04
 3.14206694e-05
-3.06894611e-04
-8.54581823e-05
 1.89355036e-04
-4.25287877e-07
-1.44019762e-04
-2.70033074e-04
-3.35773178e-04
-1.25204993e-04
-1.46818911e-05
-4.87892672e-04
-1.85595041e-04
-1.65805984e-04
-6.60329009e-04
 1.27704140e-04
 9.08213295e-05
-4.39647768e-04
-1.34571703e-05
-1.03739771e-04
-2.49602385e-04
-2.41863281e-04
-3.07248563e-04
 3.86284451e-04
 6.38506638e-04
-5.85623106e-05
 1.24731142e-04
 2.55305331e-05
 3.69056960e-04
 3.82430935e-04
-3.71509329e-04
-1.81236808e-04
 7.60339878e-04
-1.38632894e-03
-2.51408978e-03
 3.52984430e-04
 1.38838177e-04
 1.30901900e-04
 7.47300973e-04
-3.64509875e-04
-6.32628410e-04
-3.26024578e-05
-5.76133011e-04
 1.15038243e-05
-8.49243752e-04
 1.21521729e-03
 3.05659178e-03
-6.55305123e-04
-5.19790856e-04
 5.19853820e-04
 7.32860293e-04
-7.17829910e-04
-4.10482439e-04
 1.94126030e-04
-6.83941050e-04
-2.27619543e-04
-2.21416293e-04
 2.05222879e-04
-4.05188340e-04
-1.13291536e-04
 1.85604848e-04
-1.57485547e-04
 1.50026046e-04
-1.32249824e-04
-6.27762252e-04
-2.46410908e-04
 3.70997203e-04
 4.64603104e-04
 2.87059981e-04
-6.37834938e-05
 2.31345481e-04
-3.11573111e-04
-5.49130862e-04
 2.13659317e-04
-2.46929553e-04
-2.94456327e-04
 2.65398416e-04
 2.62738151e-05
 2.51776013e-04
 7.76420278e-04
 1.22629447e-04
-2.18985735e-05
 1.15318320e-04
-8.05740604e-05
 1.81561635e-04
 1.66118684e-04
 4.37502128e-05
 1.27051008e-05
-2.62428136e-05
-7.89340595e-04
 1.59345254e-04
-3.47318725e-05
-1.96069459e-04
 1.28275837e-04
-8.39158037e-04
 1.85275219e-04
-2.57976979e-04
 1.36529209e-03
-2.44580259e-03
 4.35713154e-03
 9.01452230e-03
-1.13509545e-03
 5.67065427e-04
 2.06612233e-05
-4.06168195e-04
 1.09563206e-04
-3.37778246e-04
 2.34148168e-04
-3.02008242e-04
 4.37593586e-04
-3.57798926e-04
 2.46055761e-05
 7.62430071e-06
-4.84392839e-04
-9.36053822e-06
-6.30638052e-04
-2.93678645e-04
 5.31434023e-04
-9.65113146e-05
 1.15999019e-04
 1.98806913e-04
 2.23892231e-05
-2.23100520e-04
-1.56075804e-04
 5.52529953e-04
 3.17282554e-04
 3.84615197e-04
 3.20505919e-04
-2.66223447e-04
-4.65835541e-05
-1.65575569e-05
-1.87160489e-04
-4.69251395e-05
 8.83273740e-05
 5.49627109e-05
 3.69249853e-05
-2.65324247e-04
-2.85037842e-04
-9.07970320e-05
 3.06384442e-04
 2.34045720e-04
-3.89156413e-04
-1.25515241e-04
-2.89271133e-04
-1.93879801e-04
 8.69063320e-05
-4.66265159e-05
 3.50980589e-05
-1.26200313e-05
 6.62119038e-06
-6.62591723e-06
-4.99642871e-06
 1.31736361e-05
-1.97430407e-06
 7.85662307e-06
