 3.51527434e-08
-7.89216721e-07
 4.40450076e-06
-2.66949217e-06
-2.00175810e-06
 5.97019001e-06
-6.69357264e-06
 1.29730087e-05
-1.55174617e-05
 2.02037316e-05
-2.81519904e-05
 4.49166931e-05
-4.50931324e-05
-1.56403366e-04
 1.49891048e-04
 3.23544748e-05
-1.78128151e-04
-1.63566144e-05
-2.55741974e-05
-9.62832332e-05
 1.63524727e-04
-2.06690566e-04
-4.07956618e-04
 1.61311509e-04
 3.40099305e-04
-4.64815253e-04
 9.20275186e-05
 5.07811421e-04
-4.73229650e-04
 1.59545666e-04
 2.83785124e-04
 1.40155457e-04
 3.54282481e-04
-2.93309449e-04
-3.02305376e-04
-2.16730286e-04
-1.19645229e-04
 1.92183078e-04
-2.27409661e-04
 2.64531292e-05
 3.54937891e-04
 1.22902569e-04
-3.91308557e-04
-2.06800893e-04
 5.16001078e-04
 4.06986301e-04
 2.27751677e-04
-1.63668738e-04
-1.03287184e-04
 2.46718789e-04
-4.51378936e-04
-1.17426372e-04
 6.35962561e-04
 7.18079395e-05
 9.00377954e-05
 2.49246009e-04
-2.96280064e-04
-4.34848203e-04
-2.84443042e-04
-4.63114294e-04
-3.20224995e-04
 1.60517823e-07
 1.20117523e-04
 5.11770700e-04
 2.07299499e-04
-3.28091918e-04
 2.63607904e-05
 1.66489015e-04
 3.89348697e-04
 3.56661655e-05
-3.77156624e-06
 7.31040482e-04
-1.07676610e-04
-2.57560535e-04
 3.61202869e-06
-7.26136125e-04
 2.75970748e-04
 5.84925019e-04
-6.91984556e-05
 1.70031114e-04
-1.33715253e-04
 1.76849855e-04
 6.09304487e-04
 4.01703444e-04
 8.50552188e-04
 4.13050074e-04
-7.04534673e-05
 1.89900455e-04
 9.97539778e-05
 3.16852207e-04
 5.59936172e-04
 2.45557569e-04
-3.46829555e-04
-2.12734652e-05
-1.54613887e-04
 2.11238708e-04
 2.81357101e-04
-6.18141001e-04
 2.30063620e-05
-2.38400075e-04
-4.82428641e-04
 1.76714233e-04
 1.87404862e-04
-2.86761021e-04
-5.95706422e-04
-1.06798456e-04
-4.18194052e-04
-6.37425153e-04
 6.15975533e-04
 7.20038832e-04
-2.29579994e-04
 1.36228830e-04
 8.31621401e-05
 1.07993680e-04
-5.08525027e-04
 1.32773194e-03
 2.44729396e-03
-2.02294993e-03
 1.37402906e-04
 3.14131803e-03
-1.63344076e-03
-2.69516032e-03
 2.13794198e-03
 2.45773025e-03
-1.85030978e-03
-3.33396801e-03
 1.06367926e-04
 3.51862093e-03
 2.87039230e-03
 2.10532693e-04
-2.47751033e-03
-3.34024821e-03
-3.09436667e-03
-1.82784746e-03
 1.55821498e-04
 1.73817262e-03
 2.51444577e-03
 2.29202719e-03
 2.52945264e-03
 2.71347391e-03
 2.73173197e-03
 2.21597065e-03
 7.08234920e-04
-6.41812685e-04
-2.23635735e-03
-3.44261191e-03
-3.02242984e-03
-1.11177210e-03
 1.23980524e-03
 3.25963106e-03
 1.35166820e-03
-2.73201921e-03
-2.62405014e-03
 9.25260070e-04
 3.03055806e-03
-1.03112541e-03
-3.23783646e-03
 1.83974791e-03
 2.11782122e-03
-3.27089258e-03
 5.86936084e-04
 1.46468635e-03
-3.13592330e-03
 2.29508310e-03
-4.87516600e-04
-8.50849829e-04
 1.09904238e-03
-1.97151659e-03
 1.39949270e-03
-3.74085999e-04
 2.10704603e-04
 8.02119945e-04
-3.56550468e-04
 3.84755894e-04
-4.16510909e-04
-2.90086705e-04
-2.57597073e-04
 1.14976058e-04
-2.66056059e-04
-3.02435469e-05
-2.97053903e-04
 3.77492079e-03
 3.63540040e-03
-5.22319927e-03
 8.59613475e-04
 5.76372536e-03
-4.55379406e-03
-3.75464219e-03
 5.49023131e-03
 3.92376813e-03
-4.33056119e-03
-5.62600068e-03
 1.11943487e-03
 6.45890202e-03
 4.88744606e-03
-1.46077349e-03
-5.79779923e-03
-6.57328803e-03
-4.89236001e-03
-1.19002055e-03
 1.88647836e-03
 4.18296846e-03
 5.55010077e-03
 5.65270168e-03
 5.87396547e-03
 6.30762548e-03
 5.46756921e-03
 4.80550656e-03
 3.71558877e-03
 3.37348384e-04
-3.44205746e-03
-6.13125620e-03
-6.83339381e-03
-3.90758010e-03
 2.27015193e-03
 6.35458892e-03
 3.69446930e-03
-3.41288159e-03
-6.45459554e-03
 4.70156969e-04
 7.13595138e-03
 2.17886524e-04
-6.82132248e-03
 1.46963596e-03
 5.60915883e-03
-6.01690919e-03
-4.45572131e-04
 5.21246900e-03
-6.34514371e-03
 3.13785430e-03
 4.90686118e-04
-2.26995854e-03
 4.02987762e-03
-3.38744096e-03
 1.71858392e-04
-1.43803302e-03
-5.41858373e-04
 4.21911814e-04
-1.52247753e-03
 9.05790958e-04
-1.88525785e-04
 5.73213773e-04
 1.78800616e-04
-6.89976020e-04
-2.40156753e-04
 3.32076355e-04
-1.94031746e-04
-2.54417676e-04
 1.15702449e-04
 1.17305205e-04
 3.42572289e-04
 1.20914467e-04
 2.68955979e-05
 8.59774885e-06
 3.70180079e-05
-1.83202774e-04
-1.31086638e-04
 2.57095840e-04
 1.79944581e-04
-2.17428143e-04
 8.10925046e-05
-1.97581910e-04
-4.26451091e-04
 5.03292325e-04
 6.80391296e-05
 6.31797711e-05
 5.41644177e-05
-3.01762642e-04
 1.87489823e-04
 3.24277242e-05
-5.53710038e-05
-5.93252329e-05
-3.87186456e-05
-4.72554628e-04
-3.87227483e-04
 1.30142539e-05
-6.13378990e-05
 2.38842278e-04
-9.77565473e-05
 3.45236214e-04
 1.01833512e-05
-5.98350732e-04
 2.85561539e-04
-1.76938719e-04
-3.91136316e-04
 8.91432489e-06
-1.57244104e-04
 4.42994448e-04
 1.76026290e-04
-3.51198303e-04
 1.18299077e-05
-5.02355454e-05
 2.64455180e-04
 5.42315415e-04
-2.22555541e-04
-3.14446561e-04
-2.92870649e-05
-5.63296031e-04
 4.92094136e-04
 1.01851115e-03
 2.63895738e-04
 3.84871288e-04
 1.51252693e-04
-1.65206329e-04
-5.01046657e-04
-5.29293351e-04
-1.55025337e-04
 2.28657837e-04
 4.51893043e-04
 1.72821679e-05
-5.77371532e-04
-4.44361594e-04
 3.08176718e-04
 5.17175673e-04
 2.96122161e-05
-4.39800580e-04
-2.06847915e-04
 5.51579745e-04
 2.26906181e-04
-3.96652558e-04
 2.00149360e-04
-1.31490954e-04
 3.11415200e-04
 3.28302081e-04
-3.45872607e-04
 1.55456926e-04
-5.74955677e-04
-1.41650577e-04
-7.84970968e-05
-7.35693196e-04
 3.99513887e-05
 3.32839021e-04
-3.21379001e-04
-9.86168431e-05
-5.29289495e-04
-3.77737199e-04
 5.26752054e-04
-1.25361513e-04
 7.93761377e-07
-6.25184652e-04
-1.11799140e-04
 3.89422199e-04
-1.60039625e-04
 5.05592634e-04
-2.46623333e-04
-2.63284108e-04
 3.31917627e-04
-1.02775791e-04
-3.29182458e-04
-5.66969025e-04
-1.85306479e-04
-8.02955232e-05
 3.01531757e-05
 4.75674302e-05
-4.36675993e-04
-2.48398301e-04
-1.30705467e-04
-9.33225594e-05
 2.10603049e-04
 4.75409111e-04
 9.51326845e-05
-6.31715878e-05
 5.00342578e-05
-3.66799658e-05
 2.57248628e-05
-6.72981687e-06
 1.15676435e-05
-1.52069399e-06
-6.61488001e-07
-2.85563549e-06
