-8.07090640e-08
 1.12950124e-06
-5.02685646e-06
 6.91528767e-06
-5.05346038e-06
-6.13804840e-06
 8.54953264e-06
-1.00285077e-05
 1.76894485e-05
-2.02072850e-05
 3.37474726e-05
-3.61034274e-05
 6.12409288e-05
 1.30903535e-04
-2.28773580e-04
 2.38985537e-04
 2.56639924e-04
-2.88931178e-04
 1.62854340e-05
-1.21558187e-04
-1.49333486e-04
-1.94732961e-04
-2.32660307e-04
 4.80596425e-05
-1.98519186e-04
 2.87720098e-04
-6.72109120e-05
-3.27405988e-04
 1.16626300e-04
-1.94776111e-04
-1.28595395e-04
-5.28511219e-04
-2.44016748e-04
 8.73846492e-05
-2.01219236e-04
 6.01170853e-04
-1.26758873e-04
-6.66532174e-04
-7.72636776e-05
-2.86891798e-04
 3.20093255e-04
 2.36779701e-04
 3.76583218e-04
 3.16921646e-04
-3.56465478e-05
 1.61797089e-04
-2.42807777e-04
-7.35233508e-05
 1.35343196e-04
 4.16596158e-04
-2.55496236e-04
-4.26380720e-04
-5.38063656e-05
-7.27257635e-04
-4.35622505e-05
 5.27324171e-04
-1.17937346e-04
 2.67331706e-05
 1.99836616e-04
-8.55959535e-05
 3.75848314e-04
-5.78201177e-04
-3.62157736e-04
 3.83918444e-04
-4.42684784e-04
 5.00311861e-04
 3.74960879e-04
-2.39105116e-04
 2.74361700e-05
 4.48829953e-04
 1.14167561e-04
-5.35106088e-04
 3.67511566e-04
 3.43123802e-04
 2.46945153e-05
 4.20703170e-04
 1.42998976e-04
-1.01775335e-04
 1.41721409e-04
-1.63552442e-04
-4.38618558e-04
 3.89580640e-04
 5.50652401e-04
 1.33647541e-05
 1.98793481e-04
-1.32818171e-04
 1.57556202e-04
 5.88717051e-04
 2.34133637e-04
 6.44208264e-07
-7.03164628e-04
-1.69477301e-04
 3.21406154e-04
 8.26413301e-06
 6.73483634e-04
-2.15493571e-05
-5.96379138e-04
 3.96259012e-04
 1.37299348e-04
-1.44227703e-04
 8.34114242e-05
 4.63330479e-04
-4.98967905e-05
-2.99768147e-04
 1.74987827e-05
-3.45563835e-04
-4.61232849e-06
-1.32934118e-04
 3.22645280e-04
 6.30054430e-05
-7.77391023e-04
 1.98736530e-04
 7.12349776e-05
-1.79836505e-04
 1.99371401e-04
-1.01382444e-04
-1.59423087e-04
-1.90245670e-05
 4.57778896e-05
 1.38334068e-04
 3.21018122e-04
 4.20577166e-04
-1.25248147e-04
-3.96282127e-04
-1.05530848e-04
-1.46756273e-04
 8.10892159e-05
-1.20464255e-04
-3.20922219e-04
 1.90628583e-04
 1.95806006e-04
 1.25825263e-04
 5.86131333e-04
 1.05490984e-04
-3.59634542e-04
 1.78314988e-04
 5.35861790e-04
 3.14869212e-04
-2.70709835e-05
 3.14050450e-04
 4.12639023e-04
 3.44840777e-04
 5.87496003e-04
-5.14690181e-04
-4.86335782e-04
 2.63711573e-04
-4.30457623e-04
 1.23487940e-04
 1.75713378e-04
 6.71709266e-05
-2.23142920e-04
-3.00675516e-04
 5.18649206e-04
 8.62162645e-05
 1.57075747e-04
 1.97714126e-04
 3.79496025e-05
 2.07487555e-04
-1.86215680e-05
 1.12403071e-04
 6.51744532e-04
 3.94260237e-05
 3.68655202e-04
 8.13237843e-04
 6.04035977e-05
 1.24455628e-03
-1.44696659e-03
-1.10956729e-03
 2.94562779e-03
-1.06568393e-03
-2.48339469e-03
 2.03694023e-03
 2.02979360e-03
-2.58473898e-03
-3.13447064e-03
 1.53853801e-03
 3.73309446e-03
 1.46617601e-03
-2.60141511e-03
-3.52937352e-03
-1.82856058e-03
-6.18953716e-05
 2.31705623e-03
 3.49488959e-03
 3.61008791e-03
 2.79007518e-03
 2.50289104e-03
 2.39678406e-03
 2.10605202e-03
 2.59475619e-03
 2.80660529e-03
 2.89733117e-03
 3.18059981e-03
 3.64092721e-03
 2.76397059e-03
 9.49032383e-04
-1.10428149e-03
-3.50696500e-03
-3.05606000e-03
 6.93714242e-04
 3.47271077e-03
 2.09584470e-03
-1.85438610e-03
-2.90392704e-03
 7.00267730e-04
 2.19223174e-03
-1.29604418e-03
-2.75536849e-03
 2.32354681e-03
 1.23586788e-03
-3.57004352e-03
 3.01343348e-03
-2.99313274e-04
-1.96003836e-03
 2.84547556e-03
-2.29164778e-03
 1.59518412e-03
-2.40593086e-05
-9.96744851e-05
 2.89097303e-03
-1.07497804e-03
 6.85557735e-04
-1.54379611e-05
 2.21543751e-05
 3.55813551e-04
-6.54968671e-04
 1.77539683e-04
-1.00875153e-03
-1.75616394e-04
 6.62985402e-04
-1.92706045e-03
 1.16197868e-03
-3.14749978e-03
-1.86214846e-03
 6.66937431e-03
-3.38492268e-03
-4.62445898e-03
 5.56460004e-03
 3.65057609e-03
-4.88321800e-03
-4.88155556e-03
 3.44270959e-03
 6.49956123e-03
 1.18564042e-03
-4.74595918e-03
-6.22352468e-03
-3.76095586e-03
 8.06302202e-04
 5.22109803e-03
 7.14747592e-03
 6.70933077e-03
 5.41437240e-03
 4.13895657e-03
 3.70972755e-03
 3.37071364e-03
 3.58479354e-03
 4.20939887e-03
 4.80926652e-03
 5.76141852e-03
 5.96339598e-03
 5.84415174e-03
 2.87269234e-03
-2.61496239e-03
-6.52815818e-03
-6.45212399e-03
-1.16751763e-03
 5.17213245e-03
 5.77219932e-03
-1.86171554e-03
-7.04451201e-03
-3.21845003e-05
 5.77595692e-03
-1.31313125e-03
-6.14143854e-03
 3.31078905e-03
 4.02539068e-03
-6.58167586e-03
 3.25223953e-03
 6.18453645e-04
-4.95647402e-03
 5.17517497e-03
-3.41693326e-03
 1.59295305e-03
 4.76941516e-04
-3.08736766e-04
 6.79830160e-03
-6.00538394e-04
 1.07199416e-03
-8.01060452e-05
 4.95524994e-04
 8.47794951e-04
-6.66130925e-04
 8.08187819e-04
 8.04305843e-05
 2.28760734e-04
 5.12478524e-05
 4.23342295e-05
-7.36408295e-05
-2.26409037e-04
-1.91558774e-04
 2.93302175e-04
 6.07420358e-04
 3.01030154e-04
 6.39087180e-05
-3.02012358e-04
-3.28464187e-04
-2.02710064e-04
-1.79079818e-04
-7.34144773e-06
 1.97386232e-04
-8.83519002e-05
-3.02354511e-04
 6.42317349e-05
-2.65631187e-04
-4.96034292e-04
 1.32861015e-05
 1.96076068e-05
 3.16671989e-04
 4.62770695e-04
 4.38530462e-04
 4.82648776e-04
 4.25572029e-04
-7.17813746e-05
-3.50789870e-04
 3.93953054e-04
 1.93889280e-05
-8.28221925e-04
-3.72697479e-04
 9.26740434e-05
-5.46156138e-04
-6.97212387e-04
 2.63786898e-05
-4.78028728e-06
-4.65532088e-05
 6.07432823e-05
 4.46104414e-04
 3.58061764e-04
-1.75312368e-05
 4.25567342e-04
 3.79686602e-04
 5.43408409e-05
-1.22545075e-04
 1.35242349e-04
-1.84101944e-04
 2.97421485e-04
 7.78853941e-04
 8.44323492e-06
 3.40154660e-04
 6.79889158e-04
 1.79270093e-04
 1.33886034e-04
 2.32746207e-04
 7.41416157e-04
 4.60358019e-04
-5.25333145e-05
 3.55057975e-04
 1.93806814e-04
 2.41003432e-04
-1.62099757e-04
-1.16084280e-04
 1.44913973e-04
-6.21707405e-05
 2.82377954e-05
-3.18572878e-05
 1.23413966e-06
 1.45415491e-06
-1.04926627e-05
 1.75050750e-06
-7.31989233e-06
 7.09904509e-06
