-6.08433055e-08
 2.47336487e-06
-6.14733199e-06
-1.14055454e-05
 1.20113469e-05
-5.30892242e-06
 6.88143683e-06
-1.17885083e-05
 1.91247313e-05
-2.94432419e-06
-5.64298938e-06
 2.22409271e-05
-7.61273737e-05
 4.63377270e-04
 3.19265567e-04
-4.18377026e-04
-9.55261344e-05
 1.92050321e-04
-7.43907624e-05
-5.27812446e-04
-1.85978018e-05
 1.32416419e-04
-1.62685443e-06
-6.88593122e-05
-2.16124150e-04
 2.20015776e-04
-5.08642688e-05
 9.13717677e-05
-2.70682131e-05
-1.83859547e-04
 5.37454828e-05
 9.74970953e-05
 3.54450629e-04
 1.84064521e-04
-2.50716029e-04
-1.12980635e-04
-1.29738402e-04
-2.89249364e-04
-1.23808539e-04
 9.62315347e-05
 2.57984025e-04
 2.37947119e-04
-3.69961226e-04
-3.92749543e-04
-4.63395802e-05
-4.28165337e-04
 2.44602129e-04
 3.08024000e-04
 9.00228527e-05
 8.05708997e-04
-1.56554298e-04
-7.49617369e-04
 2.46668652e-04
 3.39857069e-04
 1.50031923e-04
-3.63001229e-04
-3.33522805e-04
 3.09664812e-04
-4.01169894e-05
 6.72453487e-05
 8.01103005e-06
-5.11874540e-04
-1.61196041e-04
 1.88961055e-04
 1.37012187e-04
 1.94423419e-04
 4.31160484e-04
 6.97184213e-06
-4.23396017e-05
 2.65030748e-04
 1.14341660e-04
 6.67157586e-05
 1.12604591e-04
 2.59872754e-04
 1.34020893e-04
 3.85553445e-05
-2.10999767e-04
-6.23057485e-05
 1.95746617e-04
-2.21652846e-04
-3.36690109e-04
-2.17603866e-04
-4.83719458e-04
-2.12853965e-05
-3.55716188e-05
-6.07554646e-04
-2.30254404e-04
-4.59788782e-04
-3.54391880e-04
-2.70899373e-05
 2.93884799e-04
 7.39965900e-04
 3.61751735e-04
-3.03042027e-04
-5.00167022e-04
-1.99152401e-04
-4.31518911e-04
 4.84994142e-05
 6.38005733e-04
-4.49600894e-04
-5.35857377e-04
 1.46416554e-04
-3.13727494e-04
-5.51355210e-04
-1.57241225e-04
-4.67099674e-04
-3.22685959e-04
-3.10043140e-04
-4.78739123e-04
-1.44329407e-04
-4.07351312e-04
 3.51642218e-04
 2.55430370e-04
-5.33619872e-05
 3.68172461e-04
-1.76085490e-04
 6.84186744e-05
 5.44276455e-04
 5.75943979e-04
 2.43731058e-05
 9.49513162e-05
 4.32561625e-04
-3.39655941e-04
-5.66285384e-04
-6.34119600e-04
-1.28147563e-05
 3.70189585e-04
 9.64540442e-05
 2.15693083e-04
 3.43200778e-04
 3.11809339e-04
-3.09740386e-04
-3.13960432e-04
 1.00244600e-04
 4.30127055e-04
 4.90227998e-04
 3.24448008e-04
 5.03204526e-04
 2.80222832e-04
-1.61092593e-04
-1.14715759e-04
 4.75439069e-04
-3.59578830e-04
-3.56333900e-04
 1.08124947e-03
-2.91891912e-05
-1.87813368e-04
 4.57264363e-04
 1.25722495e-04
 1.43558839e-04
-9.54530544e-05
 3.67602988e-04
 1.72962739e-04
-2.22100957e-04
-2.13980626e-04
-5.96648739e-04
-3.76751976e-04
-1.46089373e-04
 5.92991224e-05
 6.44283189e-04
 5.47270380e-04
-1.96811877e-04
 3.12392575e-04
 2.85357580e-04
-6.18850713e-04
 1.77726232e-04
-1.04986923e-04
-2.79606997e-04
 1.04953596e-04
-3.06230774e-04
 2.70553175e-04
 1.50901131e-04
-8.08731072e-05
 1.00661297e-05
 1.34178777e-06
-1.42725493e-04
-2.82762976e-04
 1.35826402e-04
 9.06228775e-05
-8.67480800e-05
-2.55944936e-04
-6.84998414e-04
-3.86264262e-04
 5.47091430e-04
 5.52755541e-05
-2.48640526e-04
 3.99208496e-04
-2.24295486e-04
 1.71145432e-04
 4.25736090e-04
-2.38546971e-04
-1.24145284e-04
-2.82984454e-04
 3.10940635e-05
-9.36876223e-04
 5.37619516e-04
 1.98258391e-03
-1.84450463e-03
 1.78245169e-03
-2.00894577e-04
 9.26711259e-04
-2.89245144e-03
 2.46432281e-03
-2.28056796e-04
 1.85621072e-03
 4.14334686e-02
-2.98212810e-02
-2.46631574e-02
 6.05113596e-02
-2.25060102e-02
-4.65006071e-02
 4.12224051e-02
 3.84909806e-02
-4.23092096e-02
-5.10322789e-02
 2.16312343e-02
 5.87425790e-02
 2.42186657e-02
-3.56010054e-02
-6.26847037e-02
-4.21466705e-02
-1.15628647e-03
 3.42759517e-02
 5.51476202e-02
 6.23098999e-02
 5.73153919e-02
 4.73533062e-02
 4.14373988e-02
 3.84649488e-02
 3.95471956e-02
 4.55571568e-02
 5.41135133e-02
 6.11516370e-02
 5.87016640e-02
 4.28451194e-02
 1.12466431e-02
-2.97147716e-02
-6.04408050e-02
-4.95373039e-02
 5.55894078e-03
 5.35914120e-02
 4.10789053e-02
-3.00065990e-02
-5.85832270e-02
 1.61237088e-02
 5.45762606e-02
-2.11306326e-02
-4.72834527e-02
 4.46524368e-02
 1.80288063e-02
-6.01116123e-02
 4.68364582e-02
-5.37369364e-03
-3.10831974e-02
 4.63812006e-02
-3.85071824e-02
 1.82592006e-02
 1.74187054e-03
-1.98275452e-02
 2.37151123e-02
-1.22956584e-02
 7.35937361e-03
-2.10316780e-03
-4.18212322e-03
 5.22751931e-03
-4.14100986e-03
 5.02101799e-03
-7.60783625e-03
 6.47433191e-03
-1.66507972e-03
 3.20234270e-03
 7.64769751e-02
-6.84595239e-02
-3.41248153e-02
 1.20906133e-01
-6.14465360e-02
-8.15704370e-02
 9.32095064e-02
 6.33815608e-02
-9.56956635e-02
-8.86124447e-02
 6.17589256e-02
 1.15145568e-01
 2.91493348e-02
-8.72002831e-02
-1.24085232e-01
-6.54046684e-02
 2.15021118e-02
 8.63093084e-02
 1.18292240e-01
 1.19660825e-01
 1.01143065e-01
 7.74503584e-02
 6.17945076e-02
 5.56002047e-02
 5.80774007e-02
 7.05705390e-02
 9.13671477e-02
 1.13848822e-01
 1.21844299e-01
 1.02548948e-01
 5.01242756e-02
-3.17731360e-02
-1.09031203e-01
-1.14461272e-01
-1.89985916e-02
 9.48252601e-02
 1.00644738e-01
-3.14372263e-02
-1.23667953e-01
 1.42507317e-03
 1.15482794e-01
-1.47377368e-02
-1.07076076e-01
 6.54894392e-02
 6.81017421e-02
-1.23995194e-01
 6.77452996e-02
 2.25480658e-02
-8.49872384e-02
 9.59436193e-02
-6.30238718e-02
 1.60490954e-02
 2.36412126e-02
-5.56533687e-02
 4.24380698e-02
-1.74054241e-02
 9.13738916e-03
-2.17712522e-03
-3.07642183e-03
 6.02776065e-03
-5.80155120e-03
 4.79848971e-03
-3.30526605e-03
 1.60266965e-03
 9.22410345e-05
-1.31362039e-03
-3.61610989e-04
-3.08665069e-04
 2.58542517e-04
-7.96707828e-05
-2.02003688e-04
 6.86103262e-04
-4.18506856e-04
-4.40721930e-04
 3.86244833e-04
-8.55236805e-06
-3.73676883e-04
-7.20033208e-04
-2.79691685e-04
 2.67254391e-04
-1.66340329e-04
-3.04134367e-04
-1.06666438e-04
-2.44763778e-04
 5.55816110e-05
-8.91722210e-05
-5.42710284e-04
-1.35290110e-04
 4.23202659e-04
 1.54750523e-04
-6.88094160e-05
 4.28228095e-05
-1.77795469e-05
 1.48280200e-05
-2.83696693e-06
 1.72372281e-06
 3.48149609e-06
 6.85013336e-06
 2.76902772e-06
