-1.70590022e-08
-5.29250891e-08
 6.45642162e-07
 2.78430877e-06
-3.61202316e-06
-5.59461634e-06
-2.47583334e-08
-1.13470022e-05
 9.32544111e-06
 6.49544102e-06
 2.78438937e-06
 1.05021477e-05
-1.33104639e-05
-2.55691361e-05
-1.14621949e-04
 3.15139050e-04
 2.42591987e-04
 1.15163378e-04
 3.06409295e-04
-4.71304435e-04
-4.96295630e-04
-1.72129042e-04
-1.13538889e-04
 5.67528070e-05
 4.23373627e-05
 6.15016130e-05
 2.01457862e-05
 2.83582099e-05
 7.65625938e-05
-2.96840226e-04
-1.21160649e-04
 6.89611408e-04
-7.79365407e-05
-4.79527640e-04
-3.08135815e-04
 2.63440187e-05
 6.02632880e-04
 2.84736386e-04
 3.47475897e-04
-1.73626035e-04
-2.88604962e-04
-7.17089449e-05
 4.46007842e-04
 3.06868400e-04
-4.71859143e-04
-3.54138872e-04
-5.10199202e-04
 5.70954216e-04
 4.10465596e-04
-9.66425793e-04
-3.29184721e-04
-1.58391989e-05
-8.31213908e-05
 3.97129476e-04
 3.49004549e-04
-1.00208057e-04
-5.39078485e-07
 1.48339925e-04
-1.32036469e-04
 2.26421299e-04
 2.69663138e-05
-6.74038006e-05
 2.69813937e-04
-6.91171859e-05
-3.92340734e-04
-3.17772103e-04
-1.41667677e-04
-1.39953475e-04
-1.61990469e-04
 2.30452599e-04
 4.72464029e-04
 1.66984671e-04
-2.03914697e-05
 3.07205861e-05
 1.53243807e-04
-1.04546371e-04
-1.59863403e-05
 4.64089579e-05
 3.01192095e-04
-3.56695512e-05
-1.17822697e-04
 4.62557386e-05
-9.84047684e-06
 4.03027734e-04
-2.54127082e-04
-1.46776062e-04
-6.11499681e-05
-5.72005414e-05
-5.26183127e-05
-2.07758306e-04
-2.71650779e-05
-3.86421305e-04
 8.11169558e-05
 3.87976578e-04
-8.02393620e-06
 2.67995521e-04
 5.71654278e-05
-3.82860349e-04
-1.30789185e-04
-6.41925987e-05
 1.70855232e-04
 5.91031356e-04
 5.40899667e-04
-5.22512288e-05
-2.01638612e-04
 6.66267905e-05
-1.65040960e-04
-4.54807700e-05
-2.67012317e-04
 1.99146007e-05
 8.92742637e-04
 1.76095379e-04
-9.23319054e-05
 2.37614682e-04
-1.95083945e-05
-2.12453472e-04
 2.01514427e-05
-3.30960282e-04
-2.13335886e-04
-1.85339787e-04
 2.34565688e-06
 7.29285036e-04
-1.94336650e-04
-1.99819454e-04
-1.91346878e-04
-4.57954557e-04
-4.24711423e-04
-9.45962590e-04
-1.63723606e-04
 3.33456427e-04
-1.48038368e-04
 2.38204995e-05
-2.05885786e-04
-5.51998266e-04
 8.04772541e-04
 7.04928642e-04
-5.69138476e-04
 1.11841812e-04
 1.52670268e-04
-1.27267770e-04
-4.29291312e-04
-4.29090203e-04
 3.84579911e-05
 6.83226393e-05
 2.20528136e-04
 1.67718864e-04
 1.24162942e-04
-3.11204640e-05
 1.29396141e-04
-4.55377534e-04
-1.08289221e-04
 6.55413197e-04
 9.84909620e-05
 2.44947228e-04
 3.24068062e-04
 6.49064542e-05
 2.40384038e-04
 3.17840762e-04
-1.77484847e-04
 4.52103035e-04
-4.90037998e-05
-2.05466122e-04
 4.61313191e-04
 5.72377075e-04
 5.97911697e-04
-2.78291104e-04
 1.79149290e-04
-6.13005294e-04
-4.00908763e-04
 8.03551297e-04
 7.41705633e-05
 4.20029674e-04
-5.27426632e-05
 2.50920318e-04
 3.63372667e-04
 1.64824110e-03
 2.63301125e-03
-2.56955030e-03
 3.11733033e-05
 3.78915989e-03
-2.02332638e-03
-2.51037374e-03
 1.97729154e-03
 1.74826269e-03
-2.55085423e-03
-3.34715867e-03
 3.24938941e-04
 2.87588594e-03
 2.88710233e-03
 1.79416298e-06
-3.00835167e-03
-3.61622963e-03
-2.52416558e-03
-9.04396642e-04
 2.25059435e-04
 1.68217138e-03
 1.76924630e-03
 2.39775053e-03
 2.66784277e-03
 1.96713740e-03
 2.77582605e-03
 1.96040122e-03
 8.56023871e-04
-8.75095076e-04
-2.71738063e-03
-3.20917063e-03
-2.99739610e-03
-1.70887825e-04
 2.23406966e-03
 2.60587315e-03
 1.27988017e-03
-2.07420540e-03
-2.58418693e-03
 1.27265555e-03
 2.89988012e-03
-8.95707586e-04
-2.70497786e-03
 1.56828265e-03
 1.89494634e-03
-3.59272181e-03
 7.04608752e-04
 1.71975203e-03
-3.25260541e-03
 2.66554552e-03
-3.31600206e-04
-6.31289286e-04
 1.88046672e-03
-1.95679461e-03
 1.05455880e-03
-4.52512321e-04
-9.11997068e-04
 3.13310673e-04
-3.22855105e-04
-1.93741236e-04
-4.29754952e-04
 2.74940326e-05
-1.89666227e-04
-9.12209697e-05
-4.43136314e-04
-8.66350549e-07
-7.12746964e-05
 3.97407001e-03
 3.65819094e-03
-6.04820482e-03
 1.28170183e-03
 6.05170292e-03
-4.69970106e-03
-3.52016723e-03
 5.39764989e-03
 4.53038548e-03
-4.78723554e-03
-6.33616537e-03
 7.28996164e-04
 6.63417051e-03
 4.91381864e-03
-2.20126924e-03
-6.00963029e-03
-6.48795358e-03
-4.95451158e-03
-1.40851112e-03
 1.56862528e-03
 4.45121649e-03
 5.77992137e-03
 5.57199888e-03
 5.52446354e-03
 5.49884189e-03
 6.21563935e-03
 4.93474526e-03
 3.07060552e-03
 6.12619303e-05
-3.88407759e-03
-5.78607785e-03
-6.72264617e-03
-3.66078574e-03
 2.88845149e-03
 6.50460649e-03
 3.53938192e-03
-3.23207021e-03
-6.42192913e-03
 6.06855312e-04
 6.68824611e-03
-4.74976419e-04
-6.03056225e-03
 1.86334897e-03
 5.54992078e-03
-6.22172662e-03
-1.55527137e-04
 5.71441667e-03
-6.51135834e-03
 3.18713889e-03
-1.76122016e-04
-2.77444209e-03
 4.00568730e-03
-2.71828735e-03
 1.37470436e-05
-2.31787258e-03
-5.95266960e-04
 3.71028159e-04
-7.02118281e-04
 6.33200293e-04
-9.82957501e-04
-5.86805433e-05
-6.47108169e-04
-3.50876617e-04
 3.48450665e-04
 1.59143772e-04
-2.16077549e-04
 1.86204178e-04
-9.25275275e-05
-3.11558483e-04
 2.70791988e-06
 6.91638524e-05
 5.54244526e-04
 5.02976709e-04
 1.51393059e-04
-7.77877144e-06
-1.25398714e-04
-5.42354850e-04
-1.75375370e-04
 4.03837557e-04
-5.76938224e-04
-4.49725327e-04
 2.18241447e-04
-3.49936169e-04
-8.61373874e-05
 9.57359400e-05
-2.71120866e-04
 4.74829371e-04
 2.89352384e-04
-5.05268128e-04
-2.06957994e-04
 2.84647107e-04
-9.35160983e-05
-1.03154678e-04
 2.86840192e-04
 1.69887528e-04
 8.95599496e-05
-3.89881376e-05
 3.67168151e-04
 1.97510312e-04
 4.03654684e-05
 7.92788528e-05
 3.48181677e-04
 7.74356758e-04
-8.28844244e-05
-2.07670102e-04
-8.25004806e-05
-7.19044048e-04
 6.00169288e-05
 5.26319951e-04
 4.79202378e-05
 3.70812428e-04
 2.49414424e-04
-2.27995761e-04
-3.92300927e-04
 4.64061454e-05
 5.94199333e-05
-3.49099803e-04
 3.06834445e-04
 1.55297720e-04
-7.50054566e-05
 6.31254639e-05
-5.50557053e-05
 3.16944185e-05
-1.57906373e-05
 1.72895689e-05
-5.89430580e-06
-1.33001238e-06
 8.71703120e-06
-1.00797049e-05
