-6.20396951e-09
-1.33127071e-07
 2.91711125e-06
-6.11121119e-06
-2.79687053e-06
 1.40503955e-05
-1.11978850e-05
-4.46451125e-06
-2.83178317e-06
 1.47627608e-06
-4.98601653e-06
 5.37960508e-06
 4.09064703e-06
-8.66931573e-05
 3.40201109e-04
-3.65457814e-05
-5.33379383e-04
 5.37294313e-04
 4.72038103e-04
-1.66353969e-04
 6.11920978e-05
 1.83089169e-04
-5.04915050e-04
-3.33010384e-04
 1.87447616e-04
-6.28928406e-04
-2.86535892e-06
 3.23538998e-04
-7.06778737e-05
 2.86405942e-04
 5.09104433e-05
-2.32143542e-04
-2.13182125e-04
-1.20853706e-04
-4.21305758e-05
 2.52748141e-04
 3.41099235e-04
-8.08062258e-05
 2.68004161e-04
 1.95775078e-04
-3.72092393e-04
 2.80721422e-04
 4.13019110e-04
-4.18083301e-05
 3.87817484e-04
 1.91215356e-04
-7.05099786e-04
-2.19568679e-04
 3.13170535e-04
-1.44066722e-04
-1.36875628e-04
 6.38997213e-05
 1.61981837e-04
 5.58634178e-04
 3.03439225e-04
-2.54782598e-04
-2.56793317e-04
-1.45600816e-04
 4.22610640e-04
 1.38972981e-04
-6.26462004e-04
 3.70502913e-04
 7.28549169e-05
-2.03632261e-05
 3.96390369e-04
-1.15763305e-04
 2.04383451e-04
 1.38458423e-04
-7.66534835e-05
 6.41840846e-05
 4.64555949e-04
-1.09528950e-04
-8.65706775e-05
 3.14828985e-04
-8.69849533e-05
 4.01054302e-05
-1.09482916e-04
 3.51132847e-04
 6.61970331e-04
 3.38817379e-04
 6.90482577e-05
 2.43382303e-04
 1.56712574e-04
-3.66541785e-04
 2.88040847e-04
 4.71849781e-05
-2.43196634e-04
 1.44101545e-04
-1.83277589e-04
 4.95580395e-05
 5.00436711e-04
-3.60546136e-04
-4.71406908e-04
 5.81911037e-05
 6.13169416e-05
 2.29625034e-05
 3.24283077e-05
 2.93500536e-04
-2.47524700e-04
-6.34464245e-04
-1.68080430e-04
-2.09065730e-04
-6.18116717e-04
-1.78452164e-04
 2.26894774e-04
 3.80976206e-04
-8.97014370e-05
-5.20364809e-05
 3.95642403e-04
-2.09259623e-04
 4.54198841e-06
-1.19318775e-04
-3.97714080e-04
 1.81711953e-04
 3.01855211e-04
-7.04791980e-05
 2.49527861e-04
 3.64864207e-04
-2.60663578e-04
-5.18353711e-04
-8.69956664e-04
 3.08051024e-04
 6.36136883e-04
-9.64223754e-04
-8.53958039e-05
 7.93807991e-04
 1.04863603e-04
 2.90892208e-04
-4.08320079e-05
-2.00176746e-04
-6.40427332e-05
-3.91214817e-04
-6.76905319e-05
-3.22409410e-05
-1.69084154e-05
 1.15623961e-04
-7.21696562e-05
-1.32474592e-04
-2.16852614e-04
-2.98742726e-04
 5.09583539e-05
 3.96367788e-05
-8.20401050e-05
 1.55890806e-04
 3.34230277e-04
 4.75820102e-04
 4.31927093e-04
 2.45509853e-04
-2.71106060e-05
 1.11250357e-04
 2.87435638e-04
 3.87017491e-04
 2.69614633e-04
-2.12507958e-04
-2.51166595e-04
-2.60459908e-04
-8.98350522e-07
 3.68577521e-04
 2.96948063e-04
-9.90330850e-05
-2.16124479e-04
 1.42849080e-04
-4.11975832e-05
 3.11631404e-04
-5.84089735e-05
-2.94321670e-04
 2.88731845e-04
-2.44296249e-04
-5.10977978e-05
-1.35028551e-04
 3.91610536e-04
 3.44452253e-04
-7.77319227e-04
 1.91988338e-04
-2.05456425e-04
-5.27726406e-04
-5.70484631e-05
-8.37176467e-04
-8.30051976e-05
 2.48506320e-04
-1.14346663e-04
 4.50326336e-05
-3.25457411e-04
 3.01336675e-05
 2.85279549e-04
 2.50757701e-04
 2.23424269e-04
 2.41233312e-04
 4.13998722e-04
 2.04466742e-04
-8.93263046e-05
-1.50913642e-04
 4.03597782e-04
-1.33740540e-04
-2.61029373e-04
 3.65660677e-04
-1.94085743e-04
 1.07864928e-04
-2.04841515e-04
-8.40168007e-05
 6.70903668e-04
-3.36303396e-05
 1.36701469e-04
-4.18627654e-04
 2.19739208e-03
 2.83304530e-03
-6.35444124e-04
-8.58856033e-05
-1.81568453e-04
-2.26153418e-04
 1.68732781e-04
-5.15814039e-05
 2.20635000e-04
-2.95563701e-04
 4.96530950e-04
 3.70520162e-04
-2.61253068e-04
 2.19200423e-04
-3.19055004e-04
 4.09550927e-04
 1.20181188e-05
 1.58598424e-04
 3.89333038e-04
-4.27957156e-04
 2.66805869e-04
-2.82733136e-04
-2.25321517e-04
 1.85104991e-04
 2.17391072e-04
 4.24716580e-04
-5.39844808e-04
-5.99558088e-04
 4.48245405e-04
 2.37901731e-04
 1.11059709e-04
-1.03860593e-04
-8.90442133e-04
-4.68352906e-04
-1.72251624e-04
 1.18591837e-05
 3.59634355e-04
 2.00525539e-04
 2.21471276e-05
-5.27043556e-04
-4.40556117e-04
 1.58409117e-04
 4.33315928e-05
-3.08616110e-04
-2.32991650e-04
 4.40182175e-05
-5.02942376e-05
-1.99305854e-04
-1.71576044e-04
 4.55290754e-04
-1.40576217e-04
-6.80768235e-04
 1.85404009e-04
-7.34488323e-04
 2.02695557e-03
 2.58145112e-03
-2.67178446e-04
-9.84044746e-05
-2.98049118e-04
-5.58106345e-04
-3.94708786e-04
 2.25719807e-04
-6.95723590e-05
-8.16873362e-05
 7.89191525e-05
 2.47122015e-04
-2.71066486e-03
-2.61107712e-03
 9.83878462e-04
 2.28034735e-04
-2.83930560e-04
 3.51263857e-05
 3.92780589e-04
 3.67850634e-05
-7.72680121e-05
 1.76929021e-04
-3.99526880e-04
 1.80734669e-04
 6.64446319e-05
-3.88846274e-04
 5.37126400e-04
 5.07028750e-04
 3.58377272e-04
 1.67858041e-04
-8.19816710e-05
-2.24153461e-04
-8.60123197e-05
-2.27202520e-04
-8.03060705e-05
 4.80523635e-04
 1.43115710e-04
-6.61155059e-05
-2.50005189e-04
 1.31742370e-04
 7.93753906e-05
 5.78458668e-04
 6.09134721e-04
 4.38700237e-05
 2.52711467e-04
-2.53318690e-04
 5.44325743e-05
 2.37846570e-04
-5.84792041e-04
-7.41722977e-04
-4.55062624e-04
 7.24497846e-05
-2.03410929e-04
-4.09178880e-04
 3.49610104e-04
-8.94803970e-05
-3.45279389e-04
-1.27716826e-05
-5.75915633e-04
-4.79642044e-04
 6.48136908e-04
-1.69560452e-04
 4.13762407e-05
 1.89576087e-04
-1.54659272e-04
-1.65192675e-04
-5.25355578e-04
 1.70545771e-03
 6.12507820e-04
-1.22652245e-04
 1.86641767e-04
-3.51782479e-04
 3.59002441e-04
-2.42583313e-04
 1.00443227e-05
-1.70851036e-04
-4.19415207e-04
 3.50298913e-04
-1.46202148e-05
-2.09076092e-04
 4.52153715e-04
 3.54503372e-04
-6.65456995e-05
 2.39531722e-04
 2.16133871e-04
-1.42010688e-04
-4.80846017e-04
-3.39943279e-04
-3.69935737e-05
-1.74031320e-04
-8.71622860e-05
-1.96527336e-06
 4.42829573e-05
-3.63244118e-04
-2.72288961e-04
-1.96549905e-05
 9.90006556e-06
-8.07588233e-05
-3.35270090e-04
-7.32291882e-05
 8.10680747e-05
 1.83473238e-04
 3.97405623e-06
-2.24036930e-05
 3.30117453e-05
-1.99828558e-05
 1.85361441e-05
-1.38903604e-05
 1.25406108e-05
 6.59522418e-08
 2.52127547e-06
-3.20137292e-06
