 3.72300786e-08
-1.09950392e-06
 3.65409128e-06
 8.05157050e-06
 4.78301082e-07
 6.15767328e-06
-1.78746614e-05
 1.74667856e-05
-5.79049374e-06
 5.04765809e-06
-3.87091110e-06
-2.35241382e-05
 2.47351485e-05
-2.59875449e-04
-2.19052451e-04
-1.42792921e-03
 1.34877013e-03
 3.59224181e-04
-1.67887015e-03
 9.84178958e-04
-3.76950747e-04
 2.30735966e-03
-4.06874653e-03
 5.34231385e-03
-8.53357720e-03
 1.66473991e-02
 3.85896279e-02
-5.07962766e-02
-2.72152653e-04
 5.70668694e-02
-3.64888411e-02
-3.98481074e-02
 4.22074105e-02
 4.35341722e-02
-3.52093225e-02
-5.69668153e-02
 1.16311642e-03
 5.40677810e-02
 4.99012625e-02
 1.65600839e-04
-4.60679928e-02
-6.12220511e-02
-4.85653783e-02
-2.32232557e-02
 4.25659501e-03
 2.74928304e-02
 4.01112121e-02
 4.51696333e-02
 4.63582368e-02
 4.62892685e-02
 4.33033428e-02
 3.23743168e-02
 1.27120089e-02
-1.43720635e-02
-4.17289358e-02
-5.97497745e-02
-5.51196652e-02
-1.70608370e-02
 3.69113086e-02
 5.95905786e-02
 2.21352479e-02
-4.26594243e-02
-5.31081268e-02
 2.13508854e-02
 5.84705722e-02
-1.73144024e-02
-5.09279007e-02
 3.09859721e-02
 3.81108941e-02
-5.89799194e-02
 1.47443784e-02
 3.75769557e-02
-5.60119691e-02
 4.12862036e-02
-1.04048332e-02
-1.88810901e-02
 3.29929699e-02
-3.45895375e-02
 3.00701261e-02
 1.05845779e-02
-6.98233841e-03
 3.21509882e-03
-3.28392831e-03
 5.83375845e-03
-6.17675002e-03
 4.00220186e-03
-1.05844248e-03
 2.29005840e-03
-7.61116547e-03
 1.00087166e-02
-1.59105292e-02
 4.43898478e-02
 6.80305922e-02
-1.06385051e-01
 1.64087263e-02
 1.06556325e-01
-8.48857399e-02
-6.60231336e-02
 9.73368521e-02
 7.31944444e-02
-8.59077933e-02
-1.04696361e-01
 2.19081941e-02
 1.14823091e-01
 8.58374326e-02
-2.26086769e-02
-1.06546705e-01
-1.20192119e-01
-8.27111371e-02
-2.47908999e-02
 3.34376517e-02
 7.73507583e-02
 9.92709851e-02
 1.06133583e-01
 1.06751032e-01
 1.07246322e-01
 1.03725759e-01
 8.77171439e-02
 5.26972213e-02
-1.35005969e-03
-6.18128534e-02
-1.10139533e-01
-1.19679676e-01
-6.20731456e-02
 4.75315874e-02
 1.18262211e-01
 6.88050169e-02
-6.27990428e-02
-1.18540826e-01
 9.63778184e-03
 1.21485318e-01
-3.18582398e-03
-1.10101355e-01
 3.39702845e-02
 9.84476258e-02
-1.03693523e-01
-6.39222395e-03
 9.82285433e-02
-1.10826515e-01
 6.13892305e-02
 7.44705956e-03
-5.85402298e-02
 7.48269699e-02
-6.51284828e-02
 4.60891428e-02
 3.43900751e-02
-1.94050131e-02
 1.66049237e-02
-1.38433866e-02
 1.09981573e-02
-6.20763871e-03
 1.98575201e-03
 1.05359419e-03
-1.43053756e-03
 2.01469909e-03
-1.81882057e-03
 4.86675983e-04
 2.16881107e-04
 1.17079490e-04
 3.58867756e-05
-3.22382391e-04
 5.08170726e-05
 2.97400125e-04
 2.26780750e-04
 3.19097624e-04
-9.70251330e-05
 4.04259372e-04
 6.33448152e-04
-7.49027487e-05
-2.72628597e-04
 1.72760349e-04
 2.51030713e-04
-5.21077270e-04
-3.26185785e-04
 1.17430556e-04
-2.09654626e-04
-4.05454118e-04
-1.48769671e-04
 2.87397339e-04
 9.92477726e-05
-3.81257188e-04
 1.42638723e-04
 3.38554341e-04
 1.61655127e-04
 2.16382415e-04
 7.37399122e-05
-3.58401547e-04
-5.15290596e-04
-6.61238264e-05
 4.27007156e-05
 4.07793646e-04
 2.97627496e-04
 4.34864637e-05
-2.41094636e-04
-1.21536970e-04
 3.30794849e-04
-1.78258008e-04
 3.45974973e-04
 1.08009055e-04
-6.85062017e-04
-4.94597191e-05
-4.83301893e-05
 1.05400834e-05
 3.06156526e-04
 4.08987014e-04
-4.32493362e-04
-1.83383146e-04
 2.98713974e-04
-4.58302851e-04
 2.13774221e-04
 6.46439701e-04
 3.63670995e-04
 2.94714586e-04
 3.75436574e-04
 5.15772225e-04
 6.38199656e-04
-2.77190258e-04
-2.82879217e-04
 3.30410772e-04
 4.14412449e-04
 3.43318180e-04
-3.03726409e-04
-2.44761875e-04
-1.50410066e-04
-3.33447065e-04
 4.18983603e-06
 3.69900933e-04
 1.13789789e-04
-9.64408497e-05
-2.13327891e-04
 3.33987494e-04
-1.97098331e-04
-3.07761959e-04
 1.77255256e-04
 5.68346339e-05
 1.84809272e-04
-6.81326704e-04
 3.54085850e-05
 5.76147195e-04
 1.30517099e-04
-1.37725227e-04
-5.01387359e-04
 3.89247999e-04
 1.25854698e-04
-1.02739890e-04
 4.24912187e-04
-2.15114205e-04
-4.57730457e-05
 1.02388281e-04
 1.24278221e-04
 1.00135600e-04
-2.17967925e-04
-2.09136337e-05
-2.98218976e-04
-3.56779624e-04
-3.50007199e-04
-1.91817384e-04
 3.77178171e-04
 1.66697309e-04
-1.12960949e-05
 4.68235460e-05
-2.02724733e-04
-4.70912709e-04
-5.05752484e-04
 6.79534395e-05
 3.38350913e-04
-2.47109617e-04
 2.43848187e-05
 9.87187521e-05
-1.21247349e-04
 7.24775347e-04
 1.30769159e-04
-1.47450318e-06
 3.55311918e-04
-4.16597620e-05
 3.33335543e-04
-4.69542423e-04
-2.37854094e-04
 3.91037882e-04
-7.39445608e-06
 2.83202481e-04
-7.54611402e-05
 5.42185293e-04
 3.06532965e-04
-4.60937877e-04
 3.19684436e-04
 8.34154864e-05
-2.98039681e-04
-1.92986434e-04
 2.79481422e-04
-4.50249394e-04
-5.67154157e-04
 2.34508332e-04
 2.74520772e-04
-9.26403449e-05
-2.42716012e-04
 3.72562295e-04
-1.01957036e-04
 2.99679194e-04
-1.33162381e-04
-1.24720924e-04
 5.74161097e-04
 8.80521691e-05
 6.66289362e-04
 7.40893255e-05
 4.03142500e-04
 3.48324254e-04
-6.24129106e-04
-5.03465577e-04
-4.59719501e-04
 3.19137605e-04
-1.97613228e-04
-1.87243475e-04
 1.94541137e-04
-3.40817681e-04
 1.94527975e-04
 4.57313554e-04
-9.73429158e-05
-5.63024479e-04
 1.08931375e-04
 3.75773359e-04
-7.23616541e-04
 1.62676871e-05
 5.99491997e-04
-1.37661262e-04
 4.57222936e-04
 2.58971141e-04
 1.95771715e-04
-4.52117287e-05
 2.73007325e-07
 2.39354329e-04
 2.60235949e-04
 2.39874529e-04
-5.14329149e-04
 3.50219467e-05
 3.61571493e-05
 6.99194447e-04
 1.84703684e-04
-1.57033665e-04
-1.19585227e-04
-3.94603660e-04
 2.91765578e-04
-7.22964269e-04
 8.25866560e-05
-1.34272872e-07
-6.19939450e-04
-2.16105053e-04
-3.54533932e-04
 1.78949421e-04
 3.30302623e-04
 1.14629099e-04
-7.12151902e-04
-8.36595279e-05
 2.92086603e-04
-1.08847173e-04
 5.06046364e-04
-1.18646679e-05
-3.86401543e-05
-9.36917741e-05
-5.66337547e-04
-1.02477383e-04
 2.35509810e-05
-5.75292791e-07
 1.11179221e-05
-1.79386786e-05
 1.13301062e-05
-1.52357121e-05
 5.26545636e-06
 1.94138903e-06
 1.80543250e-06
