 3.83413865e-08
-3.74932700e-06
 1.89130707e-05
-3.78922410e-06
-1.62356981e-05
 1.79669452e-05
-2.09753287e-05
 3.09143303e-05
-5.74368987e-05
 7.62253482e-05
-8.25895927e-05
 8.60358226e-05
-8.98263692e-05
-8.09299311e-04
 4.15681769e-04
 4.83356112e-04
-2.76051156e-04
-1.78888209e-04
 4.31744815e-04
 1.54767433e-04
-5.62737784e-04
 3.99756122e-04
-4.90139601e-04
-3.08838076e-04
-3.14286947e-04
 7.25805685e-04
 2.09753043e-03
-2.38682815e-03
 1.02725424e-04
 3.08451824e-03
-1.88614121e-03
-1.84091144e-03
 2.60467883e-03
 3.07674077e-03
-1.66483079e-03
-3.35690677e-03
 2.50596288e-04
 2.96142525e-03
 2.59771742e-03
 1.57768424e-04
-2.60389038e-03
-3.46074850e-03
-2.56868338e-03
-1.32271274e-03
 4.62371935e-05
 1.21499245e-03
 1.93670344e-03
 2.42852095e-03
 2.48587531e-03
 2.79636125e-03
 3.01018561e-03
 2.20016348e-03
 1.40341444e-03
-4.72612558e-04
-2.41492551e-03
-3.76084742e-03
-3.65518696e-03
-6.53551110e-04
 1.83786126e-03
 2.98149857e-03
 1.03902556e-03
-2.64110029e-03
-2.33042710e-03
 1.08300768e-03
 3.04614953e-03
-4.72320803e-04
-2.85299281e-03
 1.23301597e-03
 2.36105107e-03
-2.75583894e-03
 6.03995165e-04
 1.68672675e-03
-2.73244633e-03
 2.87201734e-03
-6.86204460e-04
-5.74517771e-04
 1.93229590e-03
-1.87055639e-03
 9.43321012e-04
-6.52151876e-04
-4.08596514e-04
 1.09385570e-04
-4.03310749e-05
 5.22916306e-04
-1.90102840e-05
 4.37410478e-04
-2.28329717e-04
-2.06432460e-04
-5.31501823e-04
 2.10882611e-04
 1.85510696e-04
 4.43594646e-03
 3.58005689e-03
-6.27005728e-03
 8.72375496e-04
 5.96972612e-03
-4.46612577e-03
-3.58389285e-03
 5.52110120e-03
 3.96388886e-03
-4.80293285e-03
-6.13939396e-03
 1.05763978e-03
 6.49305180e-03
 4.83397400e-03
-1.33409458e-03
-6.35170363e-03
-6.94220986e-03
-5.33710610e-03
-1.28523307e-03
 2.55178302e-03
 4.22048014e-03
 5.70547420e-03
 5.81084504e-03
 5.60405272e-03
 6.03308085e-03
 6.09057921e-03
 5.07492728e-03
 2.88188186e-03
-1.35741187e-04
-3.90238951e-03
-6.40548435e-03
-6.55505637e-03
-3.62129625e-03
 2.45582162e-03
 6.33674946e-03
 4.02741516e-03
-3.00381830e-03
-6.64588327e-03
 5.97733437e-04
 7.19339316e-03
 1.39134434e-04
-6.06775065e-03
 1.40808214e-03
 5.31532672e-03
-5.90084918e-03
-3.45646479e-04
 5.63604057e-03
-6.28834010e-03
 3.43474071e-03
 5.19669000e-04
-2.55924233e-03
 3.57272527e-03
-3.33874419e-03
 2.83091464e-07
-1.85250753e-03
 1.97503474e-04
 1.26589366e-03
-7.14909127e-04
 7.22536231e-04
-8.10891615e-04
-9.95915863e-05
-2.68943761e-04
 2.10034390e-04
 9.10277439e-05
-3.21955121e-04
-3.25572573e-04
-4.81540065e-04
 2.69271575e-04
 5.85050025e-04
 4.43237165e-04
 4.63113875e-05
-2.31233552e-04
 3.00004166e-04
-2.28094579e-05
-3.03055918e-04
 2.86889861e-04
-1.53130315e-04
-1.67700790e-04
 1.64385888e-04
-1.94704062e-04
 5.02992991e-04
 5.59973430e-04
-1.77138068e-04
 2.21330642e-04
 3.61640786e-04
 3.61789965e-04
 2.56525413e-05
-2.97660634e-04
 2.01348035e-04
 1.82877322e-04
 2.27503830e-04
-9.18382594e-05
 4.57351058e-05
 3.75622025e-04
-2.28688217e-04
 2.95258103e-06
 2.87286205e-04
 8.87067758e-05
 5.20748861e-04
 8.19638365e-05
-6.80110685e-04
-1.56554742e-04
 3.86671339e-04
 2.65112784e-04
-2.40815945e-04
 7.99133128e-05
 6.33237297e-04
 4.99974216e-04
 1.93149101e-04
-5.98800623e-04
 1.11207504e-04
 5.31245664e-04
-2.15127296e-04
-8.28418771e-05
 1.61956273e-04
 1.58014252e-04
-8.60772252e-05
 1.95751123e-04
-2.96991533e-04
 1.77334855e-04
 1.33322663e-04
-6.44481066e-04
 2.88213778e-04
 3.62255494e-04
 1.51410652e-04
-5.08696194e-04
-4.96077199e-04
 2.02201222e-04
-1.13330646e-04
-1.90960249e-04
 2.07863163e-04
 1.82413820e-05
-3.39987459e-04
 4.99069931e-05
 1.17448107e-04
 2.27742344e-04
-1.13500204e-04
-4.46103564e-04
 2.78119123e-04
-4.68083783e-05
-3.61637729e-05
 6.53804249e-05
-1.24183469e-04
 3.23001740e-04
-3.11604720e-04
-9.95825434e-05
 7.36080202e-05
-3.41059621e-05
 3.02003920e-04
-5.30904820e-04
-4.39252457e-04
 2.50250946e-04
-2.39399617e-04
-4.78395202e-04
 2.09156708e-05
-3.10691082e-04
 1.07240416e-04
 4.17017083e-04
-3.66029317e-04
-1.56522482e-04
-3.19688401e-04
-3.26351769e-04
-1.92885756e-04
-4.89022142e-04
-2.34275999e-04
-1.72388531e-05
-2.28455911e-04
 2.05273062e-04
 1.79954705e-04
-6.32480422e-05
-6.76196273e-05
-1.51066191e-04
 3.45105662e-04
-3.43722067e-05
 1.42128127e-04
 3.05508998e-04
 2.72750523e-04
-7.35452858e-06
 1.71895862e-04
 1.82391032e-04
-5.05378919e-04
-1.00473976e-04
 1.49185705e-04
 6.24857161e-05
 3.19240544e-05
 7.09617069e-05
 3.79050254e-05
 4.48016224e-04
 3.13724338e-04
 2.47326739e-06
 2.69434785e-04
 2.30612061e-05
-2.39125062e-04
 8.48903994e-05
 5.76737487e-04
 5.01318407e-05
-4.02674049e-04
-1.15811997e-04
 2.11705759e-04
 1.94651029e-04
-3.18015555e-04
 3.22031851e-04
 1.97850691e-04
-4.39183346e-06
-3.62047235e-05
-3.09913774e-04
 2.01597214e-04
 7.71103449e-05
-2.21437390e-04
-6.75723665e-04
 4.00022465e-06
-5.59413635e-05
-2.82706381e-04
 2.45434269e-04
 3.00354882e-04
 2.86911299e-04
-6.13436471e-04
-2.64278728e-04
-1.67072272e-04
-8.86578008e-04
 1.35513591e-04
 3.47117549e-04
-2.60991193e-04
-2.17164467e-04
-7.09071787e-04
-1.93140531e-04
 4.41261614e-04
-1.76614992e-04
-1.93741275e-04
-2.04130132e-04
-1.76796564e-04
-4.65071391e-04
-4.32848236e-04
 4.06272843e-04
 1.42361033e-04
 3.32880810e-04
 1.99813180e-04
 8.57602679e-05
 5.44700370e-04
 6.30023511e-04
 2.06647341e-04
-4.26867235e-04
-3.41023233e-04
-2.15269611e-04
 4.28343139e-04
-8.09439991e-05
-4.35257521e-04
 7.74877954e-05
-7.34795161e-04
-3.62753896e-04
-9.41456219e-06
 1.18539088e-04
 2.69714185e-04
-4.35375009e-04
-5.31328503e-04
-1.26996041e-04
 1.56255523e-04
-2.49613478e-04
 5.97840192e-05
 3.95720103e-04
-8.04776887e-05
 9.08870342e-05
 6.23644691e-04
-1.60336079e-04
-3.05401862e-04
 1.59468282e-04
-7.93705533e-05
 1.62898034e-04
 6.99541230e-05
-5.12179224e-05
 1.62635383e-05
-1.49789743e-05
 9.37600162e-06
-1.78276093e-05
 8.86687145e-06
 4.66993981e-06
-4.99116198e-06
 2.55689188e-06
-4.48891816e-06
