 4.45453406e-08
-9.52002415e-07
 6.73488858e-06
-1.07573346e-05
 5.62050585e-06
-2.19986865e-06
-5.92850059e-06
 8.23761249e-06
-2.24382891e-05
 4.64859558e-05
-4.74378994e-05
 6.82043625e-05
-1.23122478e-04
-8.21412560e-05
 3.33961479e-04
-7.61263726e-05
 7.16341373e-06
 2.07824973e-04
 6.80525926e-05
-1.10510902e-04
-5.94839431e-04
-1.54280726e-04
 5.68281226e-04
 1.25063815e-04
 1.08055216e-04
 1.12046235e-04
-1.06061721e-04
-1.17817813e-05
-1.10539814e-04
 4.02680474e-05
-3.86584339e-04
 3.86688538e-04
 6.56900763e-04
-3.96557278e-04
-2.11012571e-04
-2.66741777e-04
 1.75035883e-04
 5.80692828e-05
-4.30049759e-05
-3.74136360e-04
-5.52327993e-04
 2.42714135e-04
-6.33714989e-04
-1.58745521e-04
 1.86397798e-05
-3.03920055e-04
 7.24464211e-05
 1.49503656e-04
 4.42563035e-04
-4.29339786e-04
-2.70180523e-04
 2.17926114e-04
 3.60633085e-04
-3.43423931e-05
 3.70812551e-05
 5.35829828e-04
-3.73837252e-04
-1.48793514e-04
 1.49469559e-04
 5.51110262e-05
-2.60729856e-05
 7.40168038e-05
 3.48342036e-04
 1.43441899e-04
 7.84400530e-05
-1.71152643e-04
 1.74309493e-04
 2.79228761e-04
 1.81576724e-04
 3.33669054e-05
-3.27673346e-04
 3.78035818e-04
 5.14579150e-05
-1.20786633e-03
 2.01544027e-03
 2.69846125e-03
-5.96020490e-04
-3.19486281e-04
 2.09506017e-04
 3.43768148e-04
-3.69483651e-04
-7.26243934e-04
-7.01621674e-04
-1.45124614e-04
 4.89882654e-04
 8.63308685e-05
 1.45953526e-04
 1.47360782e-04
 1.59948057e-05
-3.45862537e-04
 2.01510451e-04
-3.62486832e-04
-6.84725255e-04
 4.91640402e-04
 3.48742045e-04
 2.09402679e-04
-7.19598819e-05
-1.41337018e-04
-7.20955497e-04
-3.33222959e-04
 3.08409420e-04
-5.45662667e-04
 1.65592873e-04
-1.06961666e-05
-1.57120948e-04
 5.84778181e-04
-9.33884054e-05
-2.05266250e-04
 4.85138895e-04
 2.16890550e-04
-3.95119892e-05
 1.33011404e-04
 2.78027156e-04
-1.05463768e-04
-2.36643853e-04
 1.33406889e-04
-7.29880534e-05
-5.15170718e-04
-3.60097075e-04
 1.34209056e-04
 2.46739465e-04
 1.54638023e-04
-3.08823400e-04
 5.16965881e-04
-9.06216800e-06
-2.15593168e-04
 6.10210781e-04
-1.32346327e-03
 2.43272206e-03
 3.76896008e-03
 1.07510952e-05
 6.55730189e-05
 4.77112015e-04
 1.96302683e-04
-4.70264667e-04
-2.03615447e-04
 2.73141704e-04
 1.12492257e-03
-3.88691978e-04
 9.60597249e-04
-3.57601711e-03
-6.33399168e-03
 3.45689680e-04
 8.31310493e-05
-3.04777514e-04
-1.95659779e-04
 1.33708127e-04
 3.66040965e-05
 2.46896809e-04
 5.01540960e-04
-4.68994402e-04
 4.16650734e-04
 2.39232740e-04
 5.46870767e-04
 7.74369566e-04
 1.38091292e-04
 4.19549720e-04
 3.67383477e-04
-4.84724694e-04
-4.56992665e-04
 2.90331218e-04
-1.17030676e-05
-6.56973410e-05
 4.26752558e-04
 6.89962617e-04
 8.24726844e-05
-5.62722481e-04
 9.59581157e-05
 2.12824886e-04
 4.76065905e-04
 1.80134961e-05
 1.20642723e-04
 6.52754790e-04
-4.59203617e-04
 2.67937663e-04
-2.24113626e-04
-5.81702309e-04
 2.18341709e-04
-6.34686074e-04
 3.75498228e-04
 3.43254055e-04
-1.36080167e-04
 2.08817508e-04
-2.56384734e-04
-1.28036347e-04
-5.05378943e-04
 2.38082357e-04
 2.70592307e-04
-4.25412264e-04
-6.55305619e-04
-1.38406215e-04
 3.58143457e-04
-4.91706390e-04
 1.20560747e-03
-3.65629987e-03
-4.41986862e-03
 7.80680510e-04
-4.53204640e-04
-1.17705055e-05
-6.53863118e-04
-4.66380020e-04
 1.07194012e-04
-2.23192478e-04
 7.60013162e-05
-6.79619684e-04
 1.42956812e-05
 1.36836261e-04
-1.21997353e-04
 9.61166878e-05
-1.02313898e-04
 4.59615942e-04
 1.60397122e-04
-3.39869991e-04
 3.04095307e-04
 3.79530423e-05
 7.78937587e-05
 2.10005116e-04
-5.53358989e-04
 2.50176594e-04
 3.57361654e-04
-5.92189228e-06
 5.79723352e-04
-9.88226783e-05
-4.36621292e-05
 4.43633536e-04
 1.06967196e-04
-7.48390465e-05
-3.90769098e-04
-1.45393135e-04
 2.48002772e-04
 6.33242952e-05
-3.44732454e-04
-1.43092059e-04
 3.06386667e-04
-2.64223343e-04
-1.02901231e-04
 1.45584988e-04
 4.44388569e-04
 7.09241894e-04
 7.65167359e-05
 8.63467768e-05
-2.28033858e-04
-2.42548816e-04
 3.75897111e-05
-8.49116941e-05
-1.09315923e-04
 1.07937280e-04
 3.95675285e-05
-8.76360774e-04
-7.37852441e-04
-4.03037420e-04
-5.75327144e-04
 5.94099696e-05
 1.96327665e-04
 1.56381098e-05
-8.18167135e-05
-1.07417716e-04
-9.53441710e-05
-1.24895474e-04
 8.87033284e-05
 1.46119016e-04
 1.01498570e-04
 4.96391566e-04
 1.96024206e-05
-2.10070150e-04
 2.07988724e-04
-4.05387303e-04
 1.58583789e-04
-5.76073949e-05
-3.07241731e-04
 4.50118907e-04
 9.69980986e-06
-1.02983275e-05
 2.70732184e-04
 1.80154752e-04
-2.26785828e-05
-9.84144869e-05
-2.68511564e-04
-4.36947673e-04
-3.14293527e-04
-4.57232766e-04
-4.40948148e-05
 1.84180424e-04
 9.83877292e-05
 6.31839159e-05
-4.52416721e-05
-1.00063612e-04
 1.06551615e-04
 7.30007884e-04
 3.56356577e-04
 5.78695634e-04
 3.22080109e-04
-9.84672595e-05
 3.68891653e-04
 2.08332273e-04
-3.40428339e-04
-6.84927388e-04
-4.51242647e-04
-5.96626619e-04
 1.21498255e-04
 2.31856266e-04
-3.16261695e-04
-1.11969296e-05
-4.28632261e-04
-5.40928866e-04
 3.07875911e-05
 1.90548189e-04
-3.01506497e-04
-3.54810552e-04
 1.52144285e-04
-3.37686770e-04
-4.87017547e-04
-2.11824121e-04
-1.38952711e-04
 4.98896213e-04
-1.13724947e-04
-1.38995705e-06
 3.34564300e-05
-7.83580966e-04
 1.47356949e-04
 4.34592066e-04
 2.40009444e-04
-3.68890255e-04
-3.73671682e-04
 6.17936909e-04
 2.36691383e-04
-1.73930188e-04
 4.03724102e-05
 1.85349531e-04
 2.63721990e-04
 5.50616308e-04
-3.00114819e-05
-8.57349904e-07
-3.71604378e-05
-4.32146549e-04
 2.12545483e-04
-6.19159277e-04
-1.63765214e-04
 2.77730567e-04
-2.57062869e-04
-2.99551800e-04
-4.52514994e-04
 2.12914094e-04
-3.18507146e-04
-4.32670128e-05
 5.53176030e-04
 1.59640571e-04
 1.21391590e-04
-2.11956744e-04
-1.97285514e-04
-2.74828699e-04
-6.17653617e-05
 6.88207788e-04
 4.56990455e-04
-2.32772316e-04
 9.20955221e-05
-3.21689114e-04
-6.02305980e-05
 5.11613169e-04
-3.36494771e-04
-4.08680503e-05
 5.13103147e-05
-5.26292772e-05
 3.45244115e-05
-4.68571567e-05
 3.78043143e-05
-2.19192296e-05
 1.61965491e-05
-4.92734361e-06
-8.29411924e-06
