 3.30438793e-08
 8.20904117e-07
-5.03268333e-06
 9.31054666e-07
 8.38388207e-06
-6.36145315e-06
 9.98514874e-06
-1.70944034e-05
 1.72178072e-05
-1.24454331e-05
 8.10464497e-06
-1.33154490e-07
-6.07960250e-06
 2.62484901e-04
-2.23078685e-04
-2.45166740e-04
 6.71359972e-05
 2.64726793e-05
 2.11236319e-04
-2.04875964e-04
-4.54941078e-05
 5.51010373e-05
 4.79795995e-06
 8.53326315e-06
-8.98323537e-05
 3.90826536e-04
-1.37431775e-04
-2.73259892e-04
-1.13108740e-04
-7.87936936e-04
-4.49317600e-04
 1.73544362e-04
-1.95145868e-04
-9.39486297e-05
 1.32855556e-05
-1.47074012e-04
-1.09907770e-04
-3.27596470e-04
-1.07701210e-04
-2.29958765e-05
-1.63476160e-04
 2.62635934e-04
 2.39915300e-04
-1.61137308e-04
 3.20194331e-04
 8.31679275e-05
-1.92997356e-04
-1.52626221e-04
-7.45331978e-04
-4.98646020e-04
 5.31895309e-04
 3.53452599e-04
-3.58834950e-04
-3.33197336e-04
 3.81511857e-04
 3.07076056e-04
 1.39370617e-04
 2.09703279e-04
-1.19309834e-04
 3.86576893e-04
-5.24921699e-04
-4.63765214e-04
-1.55192874e-04
-2.04798268e-04
 2.73556552e-04
 1.55308916e-04
 1.90441052e-04
-5.84286651e-04
-3.50204903e-05
 1.85729062e-04
-7.70961607e-05
 6.79371335e-05
-5.69919271e-05
 5.84234773e-04
 4.70791530e-05
-4.78966793e-04
 2.29559673e-04
 4.80377314e-04
 1.94505368e-05
-4.08151290e-04
-1.01334823e-04
 1.48121511e-04
 2.10995497e-04
 2.61157346e-06
 1.49856956e-04
-1.57057172e-04
-3.91551633e-04
 3.11965158e-04
-1.11120141e-04
 1.17036935e-04
-2.02640611e-04
-5.86848790e-04
-2.36999154e-04
-4.00207118e-04
 3.31309043e-04
 3.97050708e-04
 2.46745735e-04
 4.14335599e-04
 3.39037071e-04
-1.66447660e-05
-4.74775960e-04
 1.46860912e-04
-2.75707934e-05
-2.15423458e-04
-1.09265068e-04
-7.17691703e-04
 2.38757672e-04
-2.81504768e-06
-1.07139137e-05
 1.05288442e-04
-4.61772530e-04
 2.45048787e-04
-4.76667475e-04
-6.33759858e-05
-1.84080424e-04
-1.19376114e-04
 2.78362124e-04
-1.91534522e-04
-1.53357334e-05
-1.63321727e-04
-2.39054398e-04
-5.39413181e-04
 3.75888879e-04
-4.22431779e-04
 8.56488730e-04
 1.66633037e-03
-4.74493764e-04
 4.26561017e-04
-1.23868117e-05
-6.10975991e-04
-2.63405326e-04
-3.50855585e-04
 1.77616017e-04
 7.34333489e-05
-1.72782752e-04
-3.29821493e-04
-7.34014063e-05
 3.81247006e-04
-5.23590751e-04
-6.67853232e-04
 2.60294060e-05
-3.73936774e-04
 7.62812422e-05
 7.36979637e-04
-2.83431254e-05
-9.77109317e-05
 1.30299148e-04
 1.95248108e-04
 4.03911424e-05
-8.60584101e-05
 3.10894178e-04
-2.78513941e-04
-4.81345882e-04
 1.01671259e-04
 3.94947864e-05
 2.30003771e-05
 1.65951280e-05
-1.12535823e-04
-4.05101545e-04
-9.06233816e-04
-1.69336856e-04
 8.11028635e-04
 7.41153305e-04
 2.92275993e-04
-3.83288276e-04
-3.99629580e-04
-1.42685050e-04
-9.21535504e-05
 1.90219504e-04
-1.11827531e-04
-4.16585651e-04
-4.43581178e-04
-4.43578584e-04
-1.27551524e-04
-3.00720685e-04
 2.07821041e-04
 5.89459911e-04
 1.12051614e-04
 4.80494052e-05
-6.80933174e-04
 1.51676501e-05
 5.19457352e-04
-1.57219914e-04
-9.99202657e-05
 4.51228544e-04
 5.65412905e-04
 3.86277290e-04
 5.61568999e-04
 1.57706828e-04
 6.31795123e-04
-1.84607197e-03
-2.37388274e-03
 1.96642380e-04
 1.12860360e-04
 1.41340328e-04
 3.02440864e-04
 2.79498490e-04
-1.59937768e-04
 2.07723696e-05
-1.84966736e-04
-2.12327944e-04
 4.56019179e-05
-4.09629286e-05
 1.78312240e-04
 9.02647021e-06
-2.34580550e-04
 1.27098034e-04
-4.10310152e-05
 1.02678691e-04
 4.64554800e-04
-3.33816055e-04
-1.21154619e-04
 4.62532412e-04
 1.85707750e-04
 2.54805474e-04
 6.71130244e-04
 6.13108858e-04
 5.71764624e-04
 4.18374982e-04
 2.37471600e-04
 3.92805696e-04
 2.42290225e-04
 1.85264591e-04
 6.48977720e-04
 5.13443897e-04
 7.60821058e-04
 7.27866284e-04
-2.67994155e-04
-3.34584270e-05
 3.24600779e-04
-1.64817898e-04
 3.47065148e-04
 7.70093879e-04
-6.44535239e-05
-2.45140078e-04
 5.41779281e-05
-5.62622001e-04
-1.83017645e-04
 5.75375993e-04
-7.47128465e-04
-4.05922461e-04
-1.61271237e-04
 5.91562527e-04
-3.85387809e-04
 1.20645587e-03
 3.94937763e-03
-6.86239620e-04
-4.95721755e-04
 5.98130762e-04
 7.94500257e-06
 2.79038714e-04
 3.37914840e-05
-2.30015549e-04
-4.34586316e-04
-6.07442522e-05
-3.29951837e-04
 2.55845116e-04
-3.55877038e-05
-1.29289246e-05
 2.53581149e-04
-1.52539043e-04
-7.11771591e-04
-8.25222970e-04
-4.02358850e-04
-2.47887025e-04
-1.52872959e-04
 2.34070285e-05
-1.47241959e-04
-3.37074934e-04
 4.84399031e-04
-8.32971986e-05
-1.48899465e-04
 6.49125528e-04
 3.57581002e-04
 3.96655252e-04
 2.54718972e-04
-2.32410067e-04
-4.29261477e-04
 5.32072974e-04
 3.02241116e-04
-4.28933214e-04
 3.83113987e-04
 8.36462495e-04
 1.83471824e-04
-3.98590468e-04
-3.38417037e-04
-9.57076769e-05
 4.74480870e-04
 3.35156355e-04
-6.79697092e-04
-5.76912308e-05
 7.92594276e-05
-5.69743835e-04
-1.98714224e-04
 9.66255925e-05
 5.05141900e-04
 4.71290061e-05
-9.62781736e-05
 2.35473313e-04
-1.52369144e-04
-1.69247671e-04
 3.69385409e-04
 1.57275728e-04
 1.09121979e-05
-1.63012944e-04
-2.86075141e-04
 2.61946595e-04
-3.83514087e-05
-3.20285243e-04
-4.26186171e-04
-3.62232432e-04
 3.08765335e-05
-5.03442411e-05
-3.73728995e-04
 1.85562520e-04
 4.19453041e-05
-4.85980894e-04
 1.07966048e-04
 5.40606442e-05
-3.75375826e-04
-1.98565699e-04
 5.71473780e-04
 2.19399964e-04
-1.95234418e-04
 3.03575215e-05
 2.10175215e-04
 6.47596751e-04
 3.09880818e-04
-1.13692379e-04
 2.14914434e-04
-3.88025082e-05
-3.12303913e-04
-3.99579277e-05
-6.03329652e-05
 9.79549869e-05
 1.53620046e-04
-2.26169347e-04
-6.28515720e-04
-2.14853738e-04
-3.40872492e-04
-6.51885422e-05
 3.40000651e-04
-4.81050791e-04
 2.68765317e-04
 4.11012501e-04
-3.29721437e-04
 3.36026348e-04
 5.17555507e-04
 1.08264306e-04
 1.80028729e-04
 4.18998455e-04
 5.24548185e-04
-2.29721148e-05
-2.52689337e-04
-8.71184909e-05
 4.63317160e-04
 6.96127164e-04
 3.60031317e-05
 1.01709850e-04
-5.72377656e-05
-8.45036741e-05
 5.10903567e-05
-5.12057274e-05
 3.32226178e-05
-1.43628093e-05
 8.20940056e-06
-1.40306392e-05
-1.14071836e-05
 4.02275182e-06
-4.24780841e-06
