-3.34932265e-08
 6.81340409e-10
 6.90418137e-07
 4.48330573e-06
-8.33577262e-06
 2.39032552e-06
 1.84764500e-05
 5.74816399e-06
 5.72521427e-06
 1.25075000e-05
-4.06513040e-06
 4.20131263e-06
 7.39670927e-06
-9.61884374e-05
-8.30082582e-05
 2.91524095e-04
-2.58449621e-04
-1.15251279e-03
-1.92606030e-04
-3.07298423e-04
-5.73233409e-04
 2.49702255e-04
-3.64384396e-04
-9.58966934e-05
 7.30816802e-06
-3.47339943e-04
-2.14559495e-04
 2.58576704e-04
 5.37015360e-04
-5.82303486e-04
-3.88463048e-04
 1.58366418e-04
 3.81732995e-04
 3.98829354e-04
-1.66005854e-04
 2.30918244e-04
-1.26914163e-05
-3.08571539e-04
 1.64696568e-04
-2.64427289e-04
-1.62537679e-04
 1.28288684e-04
 1.78751343e-04
 2.56565833e-04
 2.36120791e-04
 4.97260196e-04
-1.30508039e-04
-2.53688413e-04
 4.25440453e-04
 4.80598361e-04
 1.14754912e-04
 7.48352336e-05
-2.13386206e-04
-4.47149010e-04
-5.21195282e-05
-2.78252634e-06
 2.30628878e-04
 7.35978046e-05
 1.42647028e-04
 4.11273084e-04
 3.89365229e-05
-2.69518676e-04
-2.79753959e-04
 1.07040970e-04
 5.60311159e-05
-1.39976300e-04
-3.67026170e-05
-1.43930144e-05
-1.19651265e-04
-4.19851177e-04
-6.11002963e-04
-1.74153946e-04
 4.22105705e-04
 3.36128121e-04
 1.07151930e-05
 2.60402857e-04
 9.34209829e-04
 6.55828802e-04
-4.15809580e-05
 2.55975384e-04
 3.23970148e-04
-5.13457972e-05
-2.94029820e-04
-2.04034963e-04
-1.88181925e-04
 4.57090073e-05
 3.44343309e-04
-8.63488281e-05
 4.92558488e-06
-1.86417885e-04
-1.26195512e-04
-8.44790625e-05
-6.30112109e-04
-1.63296941e-04
-1.86944736e-04
-2.14382346e-04
-3.91604177e-04
-1.32736657e-04
 3.90352420e-04
-2.54629057e-04
-9.12720213e-04
-3.07078600e-04
 5.49019790e-04
-2.10040489e-04
-2.68160295e-04
 2.23316191e-04
 3.52073200e-05
-3.15045301e-04
-5.94726234e-04
-1.16963720e-05
 3.04495579e-04
-2.14080888e-04
 2.05381253e-04
 3.47287649e-04
-6.03373020e-05
-1.91906382e-04
-3.34777388e-04
-2.37258592e-04
-1.53145607e-04
 1.63189747e-04
 1.89192992e-04
 3.19249375e-04
 2.55117423e-05
-1.25750195e-05
 4.33829336e-04
 4.36071412e-04
 1.75965395e-05
-9.39828045e-06
 3.21700543e-04
-5.81614977e-05
-1.27987806e-05
-2.49707409e-04
-4.03368759e-05
 5.91126436e-04
 2.02096596e-04
-3.77389680e-04
-4.18010179e-04
-6.20793238e-04
-8.49633779e-04
-9.60771025e-05
-6.81705026e-05
 1.93492421e-04
 8.95265351e-04
 3.52874261e-04
-1.87277371e-04
 5.44877531e-04
 7.54487336e-04
 3.17077752e-04
-6.53417347e-05
-3.57751487e-04
 1.87516721e-04
 1.44892304e-04
 1.57403223e-04
-3.88672793e-04
-6.75892636e-04
 3.47087293e-05
 7.69580600e-05
 3.49691750e-04
-1.24227265e-04
-3.05562415e-04
 5.13526972e-04
 4.03380587e-05
-2.81974423e-04
-3.68341563e-04
-2.14426975e-04
 5.24852424e-04
-2.97920410e-04
-3.23897475e-04
 1.07929760e-04
-2.17114524e-04
 5.54725403e-04
-1.38917020e-04
-4.07954802e-04
 3.31244855e-04
 9.46124954e-06
 9.13270319e-05
 1.51818010e-04
 2.59556043e-04
 1.51830905e-05
 1.04005043e-05
-3.03120003e-04
-3.00301060e-04
 4.54505443e-04
 3.55745640e-04
 1.14684621e-04
-1.66681662e-04
 4.42682163e-04
-2.71851662e-06
-6.67432329e-04
 4.26361241e-04
 3.81187419e-05
-1.90406318e-05
 3.07070797e-04
-2.18147206e-04
-4.99586533e-04
 1.07005364e-05
 4.89666225e-04
-1.10300633e-04
-3.67289190e-04
-3.24466298e-04
 1.27976923e-04
-3.28322341e-04
-5.56102360e-04
-3.49397110e-05
-1.30302297e-03
 1.09223007e-04
 1.03640146e-03
-2.11475117e-03
 1.40655874e-03
-7.82145807e-04
 1.47073636e-03
-3.08970462e-03
 1.35444506e-03
 3.22157048e-07
 2.04483161e-03
 4.15791135e-02
-2.96795783e-02
-2.48725329e-02
 6.09044598e-02
-2.27740790e-02
-4.66695057e-02
 4.11957559e-02
 3.88112226e-02
-4.22671548e-02
-5.15752831e-02
 2.17099295e-02
 5.84399146e-02
 2.40109807e-02
-3.58053481e-02
-6.37064407e-02
-4.21532660e-02
-8.52013387e-04
 3.43102340e-02
 5.61109355e-02
 6.23914079e-02
 5.74303121e-02
 4.83713198e-02
 4.16236466e-02
 3.89256529e-02
 3.99528443e-02
 4.55862813e-02
 5.44430801e-02
 6.12432987e-02
 5.91456770e-02
 4.32465697e-02
 1.21168102e-02
-2.96530798e-02
-6.10868927e-02
-4.95555985e-02
 4.94666804e-03
 5.47482808e-02
 4.15877811e-02
-3.12276405e-02
-5.87042389e-02
 1.58559018e-02
 5.48250789e-02
-2.15997203e-02
-4.79110163e-02
 4.50531752e-02
 1.84379092e-02
-6.00702465e-02
 4.68593681e-02
-5.12185702e-03
-3.17035606e-02
 4.63591683e-02
-3.87863276e-02
 1.82210924e-02
 1.70632111e-03
-1.96477890e-02
 2.45680114e-02
-1.26174332e-02
 8.12619654e-03
-1.35752761e-03
-3.68407179e-03
 5.65837211e-03
-4.56796002e-03
 5.35221476e-03
-7.43200716e-03
 6.23396462e-03
-2.09009524e-03
 4.74275845e-03
 7.86123565e-02
-6.93025926e-02
-3.46503047e-02
 1.21333264e-01
-6.17841723e-02
-8.22294613e-02
 9.40665087e-02
 6.41165883e-02
-9.66810762e-02
-8.91316033e-02
 6.11618316e-02
 1.15948140e-01
 2.96132053e-02
-8.82791621e-02
-1.23569014e-01
-6.49868096e-02
 2.18884975e-02
 8.72071321e-02
 1.18617681e-01
 1.19485904e-01
 1.01382421e-01
 7.84195890e-02
 6.19405447e-02
 5.57271469e-02
 5.82079900e-02
 7.05435117e-02
 9.20084482e-02
 1.13756136e-01
 1.21748570e-01
 1.02517593e-01
 5.02372881e-02
-3.15734344e-02
-1.09838867e-01
-1.14508158e-01
-1.89219193e-02
 9.49411568e-02
 1.01280577e-01
-3.18766554e-02
-1.24417030e-01
 5.15776982e-04
 1.14863992e-01
-1.44081486e-02
-1.06829510e-01
 6.63411417e-02
 6.85269838e-02
-1.24018536e-01
 6.86021709e-02
 2.24359061e-02
-8.51928564e-02
 9.60290535e-02
-6.34617266e-02
 1.55674297e-02
 2.41800673e-02
-5.59880661e-02
 4.11590623e-02
-1.69888488e-02
 8.43256282e-03
-2.21852707e-03
-2.57617634e-03
 4.99995556e-03
-6.33504272e-03
 4.25456250e-03
-3.31621109e-03
 1.25011032e-03
-3.75622758e-04
-3.96694056e-04
 3.96907547e-04
-1.54653834e-05
-7.34438783e-05
 2.33267004e-05
-1.97734723e-04
-3.28276675e-04
-1.01174085e-04
-3.78272462e-04
-3.08177455e-05
 6.96401955e-04
 1.41097594e-04
-5.35460131e-06
 2.14308364e-04
-7.08198008e-05
 2.40449809e-05
-7.20389887e-07
 1.85494591e-06
 1.13841063e-05
-6.36524517e-06
 9.01607361e-06
-2.22340565e-05
 5.66308250e-06
-2.80323766e-06
