-2.83634180e-08
 6.27901355e-07
-2.92772325e-06
-5.07021108e-06
 1.72464728e-06
-3.23874259e-06
 1.05353275e-06
-1.69633777e-05
-4.29934911e-07
 1.24537669e-06
-8.61198675e-06
 1.10573887e-05
-2.16288086e-05
 2.22692533e-04
 1.94629015e-04
-2.92662332e-05
 9.15272471e-05
 2.94626082e-04
 6.55078702e-04
 1.06671776e-04
-1.38241229e-04
 3.31393211e-04
-2.83522421e-05
 6.13938723e-04
 5.73860207e-04
-4.18997086e-04
 7.51974368e-06
-1.80892325e-04
 9.65931423e-06
 5.78124764e-04
 4.66193741e-05
-2.48319669e-04
-2.76621765e-04
 1.92932229e-04
 3.08769576e-04
 9.36253199e-06
-2.26442186e-05
 1.46460758e-04
 4.05635450e-04
-1.08423226e-04
 2.30873193e-04
 4.57655224e-04
 2.13014329e-05
 6.66237011e-04
 1.29777720e-04
 4.15637308e-04
 7.71266225e-04
-1.31965187e-04
 4.07677993e-06
-3.00567795e-04
 2.43761739e-04
 2.34922411e-04
 3.90180235e-05
 6.24041449e-04
 1.85630050e-04
-1.41722006e-04
 1.36843702e-05
-6.74699902e-05
-2.06534267e-05
 4.07643145e-04
 1.10031238e-04
-9.53309086e-05
 1.09869188e-04
-4.35215153e-04
 9.52562406e-04
 1.33456635e-03
-2.06891251e-04
 5.36977603e-04
 2.41864150e-04
 1.05525895e-04
 4.16630421e-04
-1.86496887e-04
-3.48000210e-04
-3.75334395e-04
-6.28103685e-05
-7.50361931e-05
 1.12469860e-04
 6.34485556e-04
 8.82861276e-04
 7.93683073e-04
 2.36101342e-04
 1.37388635e-04
-2.19409988e-04
-1.31580097e-04
-5.77090697e-06
-3.57051062e-04
 5.54787049e-04
 4.37670811e-04
 2.36231612e-04
 3.24501873e-04
-7.14933982e-04
-1.61611700e-04
 2.24682112e-05
-5.88002907e-04
 1.20828014e-04
-1.19298431e-04
-1.74757699e-04
-2.91389384e-05
-2.40762388e-04
-2.61177602e-04
-4.95614922e-04
 5.79184320e-05
 1.91314498e-04
 2.52363178e-04
 3.43318805e-04
-1.93078122e-05
 1.11495084e-04
 3.53167954e-04
 4.71362954e-05
 5.01665457e-04
 4.49253888e-04
-3.10239667e-04
 1.67920644e-04
-2.00457273e-05
-3.70642098e-04
-3.31421440e-04
-3.90710791e-04
 2.87852551e-04
 2.42760369e-04
-8.15069068e-04
-6.23465729e-04
-5.06244354e-04
-3.84361949e-04
 1.69618558e-05
 1.39888162e-04
-3.51524885e-04
 2.06201000e-04
 1.19328184e-04
-3.43278661e-04
 1.28681520e-03
-2.25697197e-03
-2.46841707e-03
 1.14674617e-03
-1.91525325e-04
-2.60982867e-04
 6.90665014e-04
-2.56500392e-04
-5.71648581e-04
 4.59381852e-04
-2.93924571e-04
-4.21871391e-04
 2.59851014e-04
 6.78183515e-05
-1.09395237e-04
-1.44450301e-05
 9.56878085e-04
 9.48915529e-04
-1.67232091e-05
-3.69548153e-04
 3.76136909e-04
 9.48027076e-05
-1.50193644e-04
 2.81603336e-04
 2.18575068e-04
-2.44691060e-04
-2.16246773e-04
 7.59565769e-04
 1.09979941e-04
 5.67824676e-05
 3.60761998e-04
-1.88122368e-04
 3.94019863e-04
 3.43934601e-04
 1.40163847e-04
 4.57741403e-04
 1.59542767e-04
 6.52500143e-05
 2.32335460e-04
-1.76267588e-04
-1.40472375e-04
 5.69453204e-04
 5.77034334e-04
 4.12003508e-04
-6.41178903e-04
-2.35350668e-04
 3.37665146e-04
-7.69442326e-04
 3.59917418e-05
 2.30411283e-04
-4.18844267e-04
-3.81276157e-06
-1.22251926e-04
 5.86492941e-04
-1.10989028e-03
 1.71063876e-03
 4.31023572e-03
-9.84302316e-04
-7.30439121e-04
 4.20387112e-04
-5.75567737e-05
-1.65337882e-04
-3.13750037e-04
-9.43629294e-05
-1.85433560e-05
 4.27400201e-04
 9.75876064e-05
 7.54992488e-04
 1.09270439e-05
-5.78919408e-04
 2.29361406e-04
-1.85918606e-04
-1.69451557e-04
-3.01981379e-04
 1.86098422e-04
 6.06867193e-05
-4.12123170e-04
 9.79111580e-05
-3.95131650e-04
-2.18539415e-04
-7.17289735e-05
 8.91135743e-05
 1.10853958e-04
-1.41388176e-04
 9.28782783e-04
 3.38275394e-04
-5.13852026e-04
 2.13581910e-04
-4.20560516e-04
 4.22075292e-05
 2.66106775e-05
-5.70513862e-04
-2.03992075e-05
-2.21742358e-04
 3.10793236e-04
 1.80228054e-04
 1.09033922e-04
 4.15721371e-04
-4.39927743e-04
-8.34385763e-04
 2.00534512e-04
 9.66754919e-05
-3.35477886e-04
 1.60480429e-04
-2.36716469e-04
 2.47587253e-04
-2.33514406e-04
-3.21339608e-04
 1.70938275e-04
-8.46965046e-05
 2.46766711e-04
-5.50439620e-04
-3.93127722e-06
 1.86486953e-04
 2.39203852e-04
 5.94396811e-04
-1.55509030e-04
 4.83633614e-04
 5.19685359e-04
-5.03116513e-05
-2.29617882e-04
-2.16322314e-04
-2.51054269e-04
-5.14337354e-04
-2.28640764e-04
 1.81522174e-05
 2.74062690e-04
-4.06582744e-05
-3.01552696e-04
 3.67734900e-04
 4.36591385e-04
 7.13547706e-05
-3.36013457e-05
-4.10466547e-05
-2.32182774e-04
-1.91488465e-04
 3.32326571e-04
 1.33435929e-04
-4.67528110e-04
-1.83493796e-04
 4.08528972e-04
-2.42001559e-04
-4.25784000e-04
-6.35395918e-05
 6.59699643e-06
 3.30938322e-04
-7.98068885e-05
 1.53137602e-04
 2.79496504e-04
 1.14971978e-04
 3.06955180e-04
 3.01620426e-04
-3.61525300e-04
-7.91255159e-04
-1.37315063e-04
-3.73271562e-04
 2.47796668e-04
 1.24354286e-04
-8.47328252e-04
-4.20667306e-04
-1.13926600e-04
 4.49006602e-04
 5.11591016e-04
 2.53071524e-04
 5.09089212e-04
 1.59218629e-04
 4.50513494e-05
 1.02938562e-04
-9.88998584e-05
-3.15099956e-04
-5.26169146e-05
-1.71233967e-04
-4.23767786e-04
 1.37136618e-04
-2.06603031e-05
 1.72593718e-04
 1.73623825e-04
-1.58965518e-04
 3.78651616e-05
 6.06835102e-06
-4.58650963e-04
-3.19635584e-04
-4.44418067e-05
 2.32505517e-04
 1.83519743e-04
-3.42897834e-04
-1.85453381e-04
 8.67144482e-05
 6.62570161e-04
-1.12631605e-05
-2.89777235e-04
 5.91719021e-04
-1.44522025e-04
 2.14906186e-04
 1.18393896e-04
-1.74834830e-04
 2.03069652e-04
-1.87449882e-04
 1.36156199e-04
-3.68487690e-04
 2.69442826e-04
 5.91673787e-05
-7.11142905e-04
 2.96997888e-04
 4.64362915e-05
-1.56553464e-04
-1.53673192e-04
-4.54368083e-04
-1.15294952e-05
 9.41776849e-05
-4.71998660e-04
-4.27019097e-04
-4.28592960e-04
-1.43291664e-04
-1.72868552e-04
-3.58272125e-04
 5.90260659e-05
 4.91864281e-05
 1.13570331e-04
 1.55879665e-05
-3.92128332e-05
 1.24035984e-04
-1.32793078e-05
 4.85460080e-04
 8.24435542e-05
-4.28190506e-04
 1.07356986e-04
 4.89951809e-05
 3.74546917e-04
 1.49240599e-04
 9.48816963e-05
 1.75156388e-04
-8.74310176e-05
 4.97758086e-05
-3.52269095e-05
 1.21476106e-05
 6.55640554e-06
-7.88700211e-06
 3.96690301e-06
-1.31459989e-05
 3.37717463e-06
