 7.29138752e-08
-7.06783828e-07
-7.80872584e-06
 8.35912303e-05
 9.29843856e-05
-1.27334648e-03
 1.20854336e-03
-2.71234954e-05
-1.23201363e-03
 1.14960341e-03
-5.98126508e-04
 1.97026966e-03
-4.55164051e-03
 5.56647757e-03
-8.67719269e-03
 1.63977964e-02
 3.87058185e-02
-5.02778227e-02
-1.97732506e-04
 5.71828721e-02
-3.62084341e-02
-3.99061553e-02
 4.25566508e-02
 4.31784542e-02
-3.52843809e-02
-5.67845850e-02
 1.06251425e-03
 5.42736164e-02
 4.97212459e-02
-1.50411585e-04
-4.61179441e-02
-6.15663517e-02
-4.90381412e-02
-2.33718632e-02
 4.26765482e-03
 2.76157899e-02
 4.03180167e-02
 4.48195536e-02
 4.60799769e-02
 4.60602672e-02
 4.25540844e-02
 3.27868268e-02
 1.35618855e-02
-1.47270677e-02
-4.16585794e-02
-5.90544813e-02
-5.50162717e-02
-1.75495148e-02
 3.69339283e-02
 5.99787596e-02
 2.12156722e-02
-4.30659600e-02
-5.34056303e-02
 2.04507005e-02
 5.83118115e-02
-1.74891810e-02
-5.10288634e-02
 3.08402387e-02
 3.79673143e-02
-5.91888286e-02
 1.47068008e-02
 3.76355252e-02
-5.61644181e-02
 4.12801092e-02
-1.01561311e-02
-1.82780118e-02
 3.30037662e-02
-3.48471742e-02
 3.06451100e-02
 1.08298215e-02
-6.58473203e-03
 4.06196283e-03
-3.47202645e-03
 4.92085807e-03
-6.19394948e-03
 4.45249825e-03
-9.87081053e-04
 2.73015436e-03
-7.80282518e-03
 9.64049265e-03
-1.41348926e-02
 4.69065955e-02
 6.75513352e-02
-1.07407161e-01
 1.72885423e-02
 1.06280673e-01
-8.45269410e-02
-6.46933986e-02
 9.70975524e-02
 7.30060370e-02
-8.62735618e-02
-1.05543854e-01
 2.11165312e-02
 1.14882904e-01
 8.58346329e-02
-2.31571051e-02
-1.06602938e-01
-1.20590590e-01
-8.30400213e-02
-2.43342312e-02
 3.31352335e-02
 7.67831760e-02
 9.90912872e-02
 1.05380138e-01
 1.06877780e-01
 1.07254271e-01
 1.03286193e-01
 8.70834727e-02
 5.22686748e-02
-1.22143377e-03
-6.14361278e-02
-1.10040104e-01
-1.20281086e-01
-6.22150864e-02
 4.71842164e-02
 1.18125718e-01
 6.83053354e-02
-6.32927578e-02
-1.17924029e-01
 1.01708247e-02
 1.21036535e-01
-3.91725392e-03
-1.09712386e-01
 3.40809409e-02
 9.83658809e-02
-1.03304496e-01
-6.21608362e-03
 9.86362783e-02
-1.10610116e-01
 6.11431990e-02
 7.49098880e-03
-5.87691330e-02
 7.41459091e-02
-6.46214175e-02
 4.56310600e-02
 3.35958902e-02
-1.84640822e-02
 1.62486427e-02
-1.42392213e-02
 1.07882344e-02
-6.43881420e-03
 2.10495957e-03
 1.09303159e-04
-1.60545064e-03
 2.00475314e-03
-2.09035775e-03
 9.37252968e-04
 6.41897275e-04
-7.41133652e-05
-3.13419479e-04
 2.32162876e-04
-1.37707893e-04
-5.20565520e-04
 6.35468994e-05
 1.72662271e-04
 5.74978010e-04
 1.99494141e-04
-3.57868960e-04
 6.97346088e-06
-1.76307930e-04
 1.10433969e-04
-1.26077644e-04
-3.20013086e-04
 3.77748663e-04
-9.99592873e-06
-4.48630153e-05
 1.52178828e-05
-4.75361306e-04
 8.45287298e-05
 4.55095700e-04
 8.31403869e-05
-9.11823301e-05
-2.43889480e-04
-2.61390261e-04
-2.64733200e-04
 1.50400860e-04
 2.28064514e-04
-1.51316504e-04
 5.54578628e-05
-8.69200292e-05
 1.37915104e-04
 1.02492714e-05
-1.61189204e-04
 5.61900325e-04
-9.62427610e-05
 1.51821916e-04
 5.12189760e-04
-5.63386091e-05
-1.02205397e-04
-3.13700270e-04
 1.81902973e-05
 3.06737408e-04
 1.25820153e-04
 1.54797393e-04
 1.38326974e-04
-7.15197212e-05
 6.63917708e-05
-3.07383163e-04
-1.92085800e-04
-1.25704637e-04
-8.39232772e-05
 2.21565223e-04
 1.23552908e-04
 4.45995346e-04
-1.85432556e-04
-1.74592638e-04
 2.18420800e-04
 5.41504486e-06
 3.51837845e-04
-1.88025667e-04
-1.65017904e-04
 3.58191965e-04
 4.24177497e-04
 2.48218583e-04
 3.61268300e-07
 4.88245401e-04
-3.25290766e-04
-1.11689589e-04
 3.56306261e-04
-3.18602041e-04
-3.15976512e-05
-2.00352207e-04
-2.44878887e-05
 1.55049677e-04
-1.19210721e-04
 2.34812967e-04
 9.56257988e-05
-9.52214588e-05
-1.38100549e-04
-2.13643064e-05
 2.23493019e-04
-4.01959214e-04
-2.32504266e-04
 5.44243149e-04
 4.17797822e-04
 1.22658711e-04
 1.43432350e-04
 6.46305386e-04
 6.55944886e-04
 1.05542434e-04
-1.29376774e-05
-4.01488313e-04
 5.44876270e-06
-3.29026377e-04
-4.05916254e-04
 5.48440593e-04
 3.77613425e-04
 1.56361925e-04
-2.72641370e-04
-5.31230419e-04
-2.23863579e-04
-1.55978957e-04
-5.41650392e-04
 8.35813852e-05
 4.45249906e-04
-1.97970117e-04
 1.05225017e-04
 8.01628761e-05
-8.65430817e-05
-2.35416127e-04
-7.50704034e-04
-4.18930852e-04
-3.95983105e-04
-2.19708527e-04
 1.51391709e-04
-6.08946133e-05
-3.53787141e-04
-4.00619087e-04
 4.34238541e-05
 5.89081661e-06
 5.82379306e-04
 7.71603261e-04
 1.01933741e-04
 3.85992691e-05
-3.74120879e-04
-2.63224534e-04
 3.89403108e-04
 5.23691057e-04
 7.63734866e-05
 1.96684865e-04
 2.65419133e-04
-5.00338139e-05
 3.12678734e-04
-2.69272543e-04
-3.38962919e-05
 2.76770552e-04
-1.18396708e-04
 4.74280960e-04
 8.48463427e-05
-3.82422368e-04
 2.88458925e-04
 1.42876068e-04
-5.87724788e-04
-4.22259518e-05
 1.58377694e-04
 3.13770004e-04
 2.19922761e-04
-1.36340843e-04
 2.30034175e-04
-5.51327334e-04
-4.81324870e-04
 6.04358058e-05
-1.10814971e-04
 5.96002563e-04
-9.78818807e-05
-1.87580154e-04
-1.45400876e-04
-6.93010446e-04
 2.67831479e-04
 1.28029916e-04
-4.18108797e-04
-2.87025426e-04
 4.80794642e-05
-5.67298096e-04
-6.53432707e-04
 1.81810938e-04
 3.13814255e-04
 1.21697592e-04
 5.73348402e-04
 8.51633598e-04
-1.17070426e-04
-1.69975053e-04
 3.72376398e-05
-1.68005416e-04
-3.78218741e-04
-2.80587780e-04
-2.57785454e-04
-7.12590769e-05
-8.66082732e-06
-3.28646674e-04
 3.36664048e-05
 2.37613434e-04
 7.77473448e-06
-5.73531558e-04
-2.88755409e-04
 3.72009179e-06
 2.47255150e-04
-2.10701283e-05
-6.26242538e-04
 1.80589899e-05
 1.26708333e-04
 5.82600477e-05
 2.66801723e-04
 2.08385661e-04
-6.34988924e-04
-5.22270903e-04
 7.59661134e-04
-2.34674686e-05
-2.64076426e-04
 4.79621224e-04
-3.79783325e-05
 7.95234915e-07
 2.63909062e-04
 1.24187393e-04
-1.18306017e-04
 2.09772715e-04
 2.75318438e-04
 2.68208598e-04
 2.88461036e-04
-1.58366504e-04
 2.00685704e-05
-2.17545265e-06
-1.16071253e-05
 1.31019846e-05
-2.07744079e-05
 1.92496264e-05
-1.88544711e-05
 4.12310077e-06
-1.03754607e-05
-6.11829392e-07
