 3.73295931e-08
-1.10244285e-06
 3.66385852e-06
 8.07309203e-06
 4.79579561e-07
 6.17413250e-06
-1.79224397e-05
 1.75134736e-05
-5.80597150e-06
 5.06115028e-06
-3.88125789e-06
-2.35870173e-05
 3.00424753e-05
-3.38228473e-04
-2.91475838e-04
-1.62732851e-04
 1.48048131e-04
 3.73248230e-04
-4.43010745e-04
-1.62857626e-04
 2.16862098e-04
 3.67771016e-04
 4.63625744e-04
-1.16788807e-04
-5.18706385e-04
-5.37093609e-04
 7.32200308e-05
-3.04758819e-04
 9.16839011e-05
-9.43780415e-05
-5.99438808e-04
-2.07474298e-04
-7.75566424e-04
-2.23833822e-04
-1.13992337e-04
-4.35838370e-06
 4.28859182e-04
 1.01684334e-04
 1.79885095e-05
 2.81646723e-04
 4.89440740e-04
-2.04976098e-04
 2.78077606e-04
 2.29006465e-04
-5.63668025e-04
-1.93280128e-05
-3.72256060e-04
-2.78416183e-04
-1.71601239e-04
 2.55438886e-04
 5.97716842e-04
-2.61374416e-04
-1.24113643e-04
 1.01298962e-04
 5.16739587e-05
-3.55668312e-04
-3.96251678e-04
 1.33378599e-04
-1.17605170e-04
-1.27470144e-05
 7.12312439e-04
 3.99146466e-04
 1.25880988e-04
 4.85267922e-04
 2.57447281e-05
-3.48541800e-04
 3.31726395e-05
 1.14946837e-04
-2.19577041e-04
 2.44985544e-04
 3.53045497e-04
 2.27207768e-04
 8.78527901e-05
-4.02764588e-04
-1.36035064e-04
-2.69541527e-04
-7.09931167e-05
-1.06256362e-04
-2.31376265e-04
 4.70347703e-04
-3.51539887e-04
-8.06077223e-04
 5.12306418e-04
 8.22717888e-04
-2.71472726e-04
-5.40103635e-05
 1.74839542e-04
-2.79078865e-04
 5.29716301e-05
-1.01245424e-04
-1.01771074e-04
-4.23415835e-04
-1.39608053e-05
 5.19724660e-04
-4.93402384e-04
-1.20210089e-03
 1.47810751e-03
-4.90386256e-04
-1.03150489e-03
 1.51854527e-03
-5.19314914e-04
 2.50657509e-03
-4.27945047e-03
 5.70918572e-03
-7.99886392e-03
 1.70540672e-02
 3.92341354e-02
-5.06224807e-02
-4.06821763e-04
 5.69841994e-02
-3.63347845e-02
-3.91425876e-02
 4.33414503e-02
 4.38914825e-02
-3.56094702e-02
-5.67042549e-02
 1.47339711e-03
 5.42520113e-02
 5.01924364e-02
-1.48915531e-04
-4.68385395e-02
-6.12759759e-02
-4.84645058e-02
-2.31903870e-02
 4.62107926e-03
 2.75299644e-02
 4.08180539e-02
 4.55416506e-02
 4.65117977e-02
 4.57989414e-02
 4.27488785e-02
 3.31964214e-02
 1.26215439e-02
-1.45775748e-02
-4.16625812e-02
-5.97691011e-02
-5.47755028e-02
-1.74717171e-02
 3.68618100e-02
 5.97233218e-02
 2.11614347e-02
-4.31512654e-02
-5.30900115e-02
 2.11132641e-02
 5.83663133e-02
-1.73300714e-02
-5.12752529e-02
 3.12326767e-02
 3.88543770e-02
-5.92041422e-02
 1.45534386e-02
 3.72743508e-02
-5.58843293e-02
 4.23970870e-02
-1.03912383e-02
-1.86483293e-02
 3.36185256e-02
-3.45816206e-02
 3.10031425e-02
 1.08980465e-02
-7.15787260e-03
 4.14877870e-03
-3.54681658e-03
 5.26737920e-03
-5.58981520e-03
 3.92544821e-03
-7.41632064e-04
 3.05565701e-03
-7.50555888e-03
 9.39962368e-03
-1.44378607e-02
 4.71657593e-02
 6.74095441e-02
-1.07355633e-01
 1.71436207e-02
 1.06495634e-01
-8.57177509e-02
-6.59475119e-02
 9.77524165e-02
 7.30792670e-02
-8.65711684e-02
-1.05400200e-01
 2.19561537e-02
 1.15191551e-01
 8.58738004e-02
-2.29491301e-02
-1.07709049e-01
-1.21070294e-01
-8.29645085e-02
-2.44850614e-02
 3.42625222e-02
 7.72751063e-02
 9.93299278e-02
 1.06186069e-01
 1.07327977e-01
 1.07458720e-01
 1.03085192e-01
 8.81595181e-02
 5.27845355e-02
-2.00845838e-03
-6.18845318e-02
-1.10387681e-01
-1.20487879e-01
-6.22651204e-02
 4.82717266e-02
 1.18215303e-01
 6.85775883e-02
-6.26398415e-02
-1.19168712e-01
 1.02235887e-02
 1.22529801e-01
-3.29972764e-03
-1.09849372e-01
 3.45044938e-02
 9.90256970e-02
-1.03127778e-01
-6.75708977e-03
 9.84193552e-02
-1.10522317e-01
 6.20266001e-02
 8.08758848e-03
-5.89411175e-02
 7.43536864e-02
-6.53817487e-02
 4.53824421e-02
 3.36129250e-02
-1.87351402e-02
 1.64375204e-02
-1.44284684e-02
 1.06788722e-02
-6.06943940e-03
 2.02509186e-03
 3.37519107e-04
-1.82742778e-03
 2.17326608e-03
-1.67313765e-03
-5.58823382e-04
 8.41634166e-05
 5.77687214e-04
 1.30865966e-04
-1.38093361e-04
-5.02727548e-04
 3.90288443e-04
 1.26191103e-04
-1.03014509e-04
 4.26047961e-04
-2.15689196e-04
-4.58953952e-05
 1.02661961e-04
 1.24610412e-04
 1.00403259e-04
-2.18550545e-04
-2.09695350e-05
-2.99016103e-04
-3.57733282e-04
-3.50942754e-04
-1.92330104e-04
 3.78186353e-04
 1.67142885e-04
-1.13262889e-05
 4.69487034e-05
-2.03266608e-04
-4.72171440e-04
-5.07104340e-04
 6.81350764e-05
 3.39255312e-04
-2.47770131e-04
 2.44499983e-05
 9.89826234e-05
-1.21571439e-04
 7.26712642e-04
 1.31118699e-04
-1.47844447e-06
 3.56261653e-04
-4.17711169e-05
 3.34226535e-04
-4.70797491e-04
-2.38489868e-04
 3.92083111e-04
-7.41422117e-06
 2.83959470e-04
-7.56628448e-05
 5.43634533e-04
 3.07352316e-04
-4.62169946e-04
 3.20538940e-04
 8.36384526e-05
-2.98836329e-04
-1.93502279e-04
 2.80228465e-04
-4.51452893e-04
-5.68670138e-04
 2.35135163e-04
 2.75254556e-04
-9.28879689e-05
-2.43364782e-04
 3.73558139e-04
-1.02229563e-04
 3.00480224e-04
-1.33518319e-04
-1.25054298e-04
 5.75695807e-04
 8.82875290e-05
 6.68070327e-04
 7.42873633e-05
 4.04220084e-04
 3.49255311e-04
-6.25797379e-04
-5.04811320e-04
-4.60948313e-04
 3.19990648e-04
-1.98141441e-04
-1.87743969e-04
 1.95061137e-04
-3.41728673e-04
 1.95047940e-04
 4.58535935e-04
-9.76031095e-05
-5.64529421e-04
 1.09222544e-04
 3.76777786e-04
-7.25550739e-04
 1.63111700e-05
 6.01094415e-04
-1.38029225e-04
 4.58445075e-04
 2.59663360e-04
 1.96295005e-04
-4.53325779e-05
 2.73737062e-07
 2.39994114e-04
 2.60931549e-04
 2.40515704e-04
-5.15703931e-04
 3.51155590e-05
 3.62537959e-05
 7.01063366e-04
 1.85197390e-04
-1.57453410e-04
-1.19904873e-04
-3.95658420e-04
 2.92545456e-04
-7.24896724e-04
 8.28074068e-05
-1.34631778e-07
-6.21596523e-04
-2.16682693e-04
-3.55481587e-04
 1.79427746e-04
 3.31185509e-04
 1.14935498e-04
-7.14055456e-04
-8.38831465e-05
 2.92867339e-04
-1.09138117e-04
 5.07399006e-04
-1.18963817e-05
-3.87434379e-05
-9.39422085e-05
-5.67851345e-04
-1.02751301e-04
 2.36139318e-05
-5.76830526e-07
 1.11476399e-05
-1.79866280e-05
 1.13603911e-05
-1.52764365e-05
 5.27953072e-06
 1.94657829e-06
 1.81025835e-06
