-1.63086465e-08
 6.28393339e-07
-3.37961954e-06
 1.05975663e-05
-1.93565010e-05
 1.89234085e-05
-7.22181389e-06
-1.93303003e-05
 2.49772380e-05
-5.70650085e-05
 9.85911236e-05
-1.29374971e-04
 1.98900489e-04
-1.57651108e-04
-4.74438148e-05
 4.63434770e-04
-5.07846671e-04
 3.52539214e-04
 5.68818979e-04
 8.74174649e-05
-1.12281775e-04
-4.80194703e-04
-2.55199610e-04
-5.65450327e-04
-1.84926956e-04
 3.11817505e-04
-1.07204764e-04
 3.97379226e-04
 6.26637098e-04
 2.86436138e-05
-1.46856669e-04
-1.52181982e-04
 2.78025337e-04
-8.67592304e-05
-3.62707471e-04
 3.41050034e-04
 4.22163123e-04
 2.60996900e-04
 1.94468515e-05
 3.46281795e-05
 5.65980504e-04
 2.67914142e-04
-2.16844237e-04
 9.60104418e-05
-6.75741326e-05
-2.37332652e-04
 1.51583867e-04
-2.35743409e-04
-1.58513781e-04
 1.97078045e-04
 1.58871978e-04
 2.43279747e-04
-2.24161013e-04
-3.37099683e-04
 3.98013728e-05
 2.93790328e-04
 2.82946922e-04
-4.78872441e-05
-3.23280414e-04
-5.17332927e-04
-1.92903751e-04
 3.62638842e-04
-4.77250028e-06
-2.72811115e-04
-4.21260514e-04
-1.05219689e-04
 3.16689179e-04
 1.09606474e-04
 8.84672506e-05
 2.90534607e-05
 6.40790125e-04
 7.50256895e-04
 2.13822136e-04
 3.62123224e-04
-9.45764467e-05
-2.03048893e-04
 1.99566394e-04
 9.54423405e-05
 1.65596351e-04
 8.69378390e-06
-2.51863964e-04
 1.34104620e-05
 3.73163685e-04
 2.16550537e-05
 3.53195707e-05
-1.35926769e-04
-1.93883280e-04
-2.01956334e-04
-2.93663734e-04
-1.21419801e-04
-4.68801891e-04
 5.01164281e-05
 3.33938542e-04
 2.49504373e-04
 1.58385682e-04
 5.43194812e-05
-7.53880118e-05
-3.36441867e-04
 4.55557069e-04
-1.12179461e-04
-2.06588273e-04
 3.07686835e-04
-5.36099565e-04
-7.51343010e-06
-7.90565687e-05
-2.63857328e-04
 2.73247915e-04
 1.42240462e-04
 2.80884337e-05
-7.26393552e-04
-2.53080242e-04
 5.09539030e-04
-3.76328217e-04
-1.71434115e-04
 4.37326862e-04
-2.49878946e-04
-3.09911017e-04
-1.29928430e-05
-1.32053943e-04
 9.89588062e-05
-1.50115708e-04
 4.04110927e-04
 4.56097959e-04
 2.32131393e-04
 3.83303097e-04
-6.44232638e-06
 5.83288608e-04
-1.26865029e-04
-2.03432320e-05
 5.73759189e-05
 1.12385387e-04
 1.63778855e-04
 1.42604961e-04
 2.99072114e-04
-2.35718484e-04
 2.01847183e-03
-1.78201384e-03
-1.46421726e-03
 3.43697081e-03
-1.65105154e-03
-2.62581010e-03
 2.26384194e-03
 2.01994305e-03
-2.38574132e-03
-2.44763344e-03
 1.79934313e-03
 3.68002049e-03
 1.46203067e-03
-2.14337150e-03
-3.04531883e-03
-1.73594646e-03
 2.11102477e-04
 1.97573397e-03
 3.28089304e-03
 3.30107268e-03
 2.78822449e-03
 2.44074604e-03
 2.22065912e-03
 2.67298457e-03
 2.26690550e-03
 2.38204285e-03
 2.71915469e-03
 2.78608291e-03
 3.57392377e-03
 2.51274249e-03
 5.58492637e-04
-1.33810979e-03
-2.97084893e-03
-2.37609011e-03
 3.41882383e-04
 3.35785617e-03
 2.89663398e-03
-1.35029634e-03
-3.37216459e-03
 7.22398135e-04
 2.86374810e-03
-1.30111348e-03
-2.30007645e-03
 3.15258818e-03
 1.27519555e-03
-3.57100519e-03
 2.46311247e-03
-7.63612602e-04
-1.68165035e-03
 2.57020265e-03
-2.30651929e-03
 9.85120419e-04
-2.20326771e-04
 2.29529638e-04
 2.96738217e-03
 1.22364070e-05
 7.77796626e-04
 2.44932956e-05
-3.46761705e-04
 1.25061859e-04
-6.27744719e-04
-1.85044091e-04
 3.34566139e-05
-3.26418817e-04
 5.03679438e-04
-1.47614142e-03
 7.47375099e-04
-2.92418465e-03
-1.57782315e-03
 6.73393826e-03
-3.43500375e-03
-4.99837607e-03
 5.46528841e-03
 3.46860911e-03
-5.02308469e-03
-4.34515336e-03
 3.63728595e-03
 6.72571774e-03
 2.14962856e-03
-5.13481427e-03
-6.87905173e-03
-3.20072326e-03
 7.37538873e-04
 5.35174187e-03
 7.04223392e-03
 6.26935618e-03
 5.88972738e-03
 4.63479315e-03
 3.71228018e-03
 3.03648520e-03
 3.09270054e-03
 3.53751955e-03
 4.90972612e-03
 6.36920016e-03
 6.63032801e-03
 6.11036335e-03
 3.01610511e-03
-1.91533814e-03
-6.31236994e-03
-6.89387525e-03
-1.02099347e-03
 6.10580190e-03
 6.22698547e-03
-1.38166588e-03
-6.70762933e-03
 3.36782907e-04
 6.57797677e-03
-9.86436912e-04
-5.98023612e-03
 3.57182642e-03
 4.15453469e-03
-6.99862975e-03
 3.67925594e-03
 1.17980161e-03
-4.78467342e-03
 5.96587950e-03
-3.47047145e-03
 1.12302020e-03
 1.59125319e-04
 4.98315037e-05
 7.12288055e-03
-1.23638293e-03
 5.26858572e-04
-9.38712892e-04
-5.06570701e-04
 5.56999660e-04
-7.19234526e-04
 4.71983577e-04
-2.99267488e-04
 9.91363702e-05
 1.72123919e-04
-2.56369023e-04
-5.16607136e-04
-3.45470604e-04
 9.58352771e-06
 4.41493196e-04
-1.32976327e-04
-3.38477149e-04
 1.25632364e-04
-6.86384766e-04
-3.10043871e-04
 6.49081797e-04
 3.09519344e-04
-1.24620669e-04
-4.93528476e-04
-1.49706596e-04
 6.99052917e-04
 2.50270137e-04
 3.09517016e-04
 2.08536901e-04
-3.03873009e-04
 1.21747427e-04
-1.73894626e-04
 1.84685963e-04
 2.75349798e-04
 3.42319274e-04
 1.13558680e-04
-4.59018726e-04
-1.25150077e-04
-2.70270622e-04
-1.10610284e-04
-2.51889895e-04
 9.87593742e-05
 3.12894974e-04
-2.96230257e-04
 2.89776341e-05
 8.60611059e-05
-1.85196906e-04
 4.36275617e-05
-1.52857971e-04
-1.94693210e-05
 3.66900853e-04
-4.54908908e-06
 4.97614504e-04
 1.58593078e-05
-3.00868673e-04
 2.01060108e-04
-5.34094324e-04
 3.35090181e-04
 4.13732936e-04
 2.82173189e-04
 6.37900139e-04
-1.03043368e-04
-4.99573354e-05
-3.05509399e-04
 5.01964742e-04
 5.98060784e-04
-3.93091713e-04
-1.65810186e-04
-3.32770595e-05
 2.92597337e-04
 5.99710330e-04
 1.20547858e-04
-3.75288254e-04
-5.31341895e-05
 1.18254834e-04
 1.79188058e-04
-4.04284681e-05
-7.23203930e-04
-3.57205521e-04
-1.74083751e-04
-2.63653536e-04
-1.00646432e-05
 5.48677843e-05
-2.52541394e-04
-6.46111591e-04
 2.92406152e-04
 6.79723001e-04
 3.26339789e-04
-2.51820047e-04
-2.52581194e-04
-3.37139197e-04
-3.59061695e-04
 6.95497910e-04
 1.57497822e-04
-8.33136419e-05
-5.76526264e-04
-1.67299264e-04
 2.69211257e-04
-5.89239556e-04
 2.39614348e-04
-1.30831856e-04
 4.63137441e-05
 3.12272067e-04
-5.71539199e-05
 2.08351892e-04
-8.69085015e-05
 4.91280772e-05
-7.52467688e-06
-1.36324467e-05
 2.79024054e-05
-2.33962923e-05
 1.79427179e-05
-1.33882731e-05
 2.42406310e-06
