 5.21074318e-09
 5.27412264e-07
 2.83297505e-06
-1.40255880e-05
 5.99021621e-06
-2.10938169e-06
-4.67180272e-06
 6.02915257e-06
-3.36854509e-05
 2.88593233e-05
-3.83659971e-05
 6.45472596e-05
-1.12076250e-04
 1.16002571e-04
 5.13600349e-04
-1.43247735e-04
-8.23610438e-06
 2.38582500e-04
 2.87023864e-04
 7.08514035e-04
-7.18671911e-05
-4.34532938e-04
 1.86799316e-04
 2.53027856e-04
 1.67419615e-04
-1.27479446e-04
-3.03462798e-04
-5.28219554e-05
-1.77506061e-04
-4.86507345e-04
 2.87179399e-04
 2.05192078e-04
-2.63197347e-05
 3.84500045e-04
 1.78437852e-04
-2.37062130e-04
-4.26572609e-04
-3.43449201e-04
-2.07844122e-04
 2.76776654e-05
-3.56546206e-04
 2.21875352e-04
 2.21991787e-04
 1.37377815e-04
 9.01998926e-05
-1.64567318e-03
 1.49078926e-03
-2.67706747e-04
-1.37663764e-03
 1.30866685e-03
-5.57881750e-04
 2.02383542e-03
-5.09550795e-03
 5.29734087e-03
-7.78532389e-03
 1.72355569e-02
 3.80747108e-02
-5.05124760e-02
-4.49913249e-04
 5.70416637e-02
-3.54229403e-02
-3.90919938e-02
 4.37286602e-02
 4.37962901e-02
-3.49725040e-02
-5.71769616e-02
 5.23160327e-04
 5.44319979e-02
 5.00134250e-02
-4.03252546e-04
-4.64798958e-02
-6.07731346e-02
-4.89752954e-02
-2.34739366e-02
 4.49348080e-03
 2.76741661e-02
 4.07738868e-02
 4.51502117e-02
 4.62919534e-02
 4.62066223e-02
 4.31476196e-02
 3.27314320e-02
 1.30471100e-02
-1.44251945e-02
-4.16790634e-02
-5.91335461e-02
-5.48096017e-02
-1.71166170e-02
 3.67029721e-02
 5.94307635e-02
 2.16424203e-02
-4.33619557e-02
-5.34556688e-02
 2.09521658e-02
 5.84338048e-02
-1.72597416e-02
-5.06208411e-02
 3.12550036e-02
 3.81910025e-02
-5.95398155e-02
 1.43418827e-02
 3.78743830e-02
-5.63063181e-02
 4.15630754e-02
-9.88726245e-03
-1.83850891e-02
 3.31548859e-02
-3.43103492e-02
 3.01217709e-02
 9.73011508e-03
-6.56833756e-03
 3.90814581e-03
-3.70720190e-03
 5.44048775e-03
-5.80080303e-03
 3.80612357e-03
-1.11273978e-03
 2.48591074e-03
-7.72234655e-03
 1.06430887e-02
-1.63560719e-02
 4.49081983e-02
 6.84893403e-02
-1.07105419e-01
 1.71293950e-02
 1.05999320e-01
-8.55591644e-02
-6.59773476e-02
 9.72759860e-02
 7.33805180e-02
-8.57335738e-02
-1.05094278e-01
 2.15487541e-02
 1.15318494e-01
 8.54983153e-02
-2.32590978e-02
-1.07485923e-01
-1.20564524e-01
-8.30879020e-02
-2.47202818e-02
 3.37478257e-02
 7.59823579e-02
 9.88311539e-02
 1.06522896e-01
 1.07317052e-01
 1.07001871e-01
 1.03280711e-01
 8.76207719e-02
 5.31146008e-02
-6.39250040e-04
-6.19267921e-02
-1.09685958e-01
-1.19811682e-01
-6.19434452e-02
 4.81729964e-02
 1.18277918e-01
 6.86418381e-02
-6.29418444e-02
-1.18287955e-01
 9.92549265e-03
 1.21711826e-01
-3.69591709e-03
-1.10064654e-01
 3.43826094e-02
 9.85294307e-02
-1.03286703e-01
-6.85017742e-03
 9.87444169e-02
-1.10236942e-01
 6.13654839e-02
 7.45791195e-03
-5.90605155e-02
 7.42518637e-02
-6.60291582e-02
 4.62484958e-02
 3.49186665e-02
-1.90991174e-02
 1.62101834e-02
-1.42400047e-02
 1.10068166e-02
-5.99058102e-03
 1.92815899e-03
 1.39701907e-05
-1.64177120e-03
 1.92918834e-03
-2.02118630e-03
-1.35563188e-04
-3.33787906e-04
-1.36459384e-04
 4.71577275e-05
 1.62639569e-04
-6.18805456e-05
 5.52147775e-04
-7.40200801e-04
-5.06685433e-04
 1.88659731e-04
-6.73537251e-04
 2.49894710e-06
-3.29532201e-04
-1.27158313e-04
 3.06909181e-04
-2.86577315e-04
 2.20691583e-04
 6.40551435e-04
 1.18532973e-04
 2.41496236e-04
 3.38363968e-04
-8.23835173e-05
 8.00587759e-05
-3.46473873e-05
 8.20159354e-05
 2.21020285e-05
 1.70776849e-04
 1.54483432e-04
-6.01679978e-04
-1.82409211e-04
 3.22604884e-05
 4.13626156e-06
-5.56789479e-05
 4.04823399e-04
 2.20940806e-04
-2.32893324e-04
 4.18271914e-04
-1.63588500e-04
-3.92062624e-04
-2.49294242e-04
-3.11056046e-04
 4.45196431e-04
 4.94270920e-05
-5.04443668e-04
-4.73125223e-04
-3.92672818e-04
 4.14332063e-04
 2.75515994e-04
-1.64227881e-04
-3.15192754e-05
 5.89027213e-04
 1.66350105e-04
-7.63325292e-04
-2.40013597e-04
 2.06091785e-04
 2.27710601e-05
 1.47388115e-04
-3.76308006e-05
-4.25747352e-04
 3.54934991e-04
-5.29471986e-05
-7.81417856e-04
 1.88301445e-04
 4.05921494e-04
 1.43012570e-04
 1.15081658e-04
-9.97430145e-05
-4.14824205e-04
 2.03611308e-04
-6.02799576e-05
-4.15113736e-04
 4.79472993e-05
-5.21410358e-04
-3.32176089e-05
 3.17376292e-05
-4.96148078e-05
 3.77827807e-04
 2.19213885e-04
-1.49406729e-04
 2.84434188e-04
 4.37338825e-04
-1.26901770e-04
 2.13363139e-04
-2.06270884e-04
-1.58535880e-04
 5.57306389e-04
 1.48589140e-04
 1.07097730e-04
 5.01735092e-04
-9.86613924e-05
-2.52974221e-04
 2.01968000e-04
-1.49259332e-04
-2.09048381e-04
-4.42319856e-04
-5.50043832e-04
-3.81917226e-04
-8.01290452e-05
 2.62692148e-04
-2.52741298e-04
-1.08793648e-04
 9.15738473e-05
-2.17972511e-04
-1.47618548e-04
 1.79753561e-05
-1.37585749e-05
 1.24010589e-04
 1.74505115e-04
 4.87611994e-04
 3.37193555e-04
-1.07723098e-04
 4.03446729e-04
-2.26765967e-04
-3.77504653e-04
 4.95185813e-04
 2.36872751e-04
-1.14930773e-04
-2.33087533e-04
-3.46728874e-04
 2.98946768e-05
 4.97840419e-04
 4.81425527e-05
-8.24909708e-04
-4.57314308e-04
-1.67862663e-04
-2.56483372e-04
 3.12598736e-04
 7.37346133e-04
 6.53547610e-05
-6.23594114e-04
-2.63315526e-04
-3.47575596e-04
 2.55746984e-04
 5.71972653e-04
-2.39341916e-04
-4.87077799e-04
 6.88115234e-05
 2.55602670e-04
 3.63537378e-04
 3.65654294e-04
 1.17055859e-04
 3.67488958e-04
 1.40957955e-04
 3.07476894e-04
 6.21498669e-04
 4.58748438e-04
-2.23240034e-04
-9.85900436e-05
 2.07174652e-05
-8.60284062e-04
-2.64463119e-04
-1.08904493e-05
-1.10247901e-04
-3.59512948e-05
-3.38459064e-05
 1.44375854e-04
 2.60380974e-04
 5.13875030e-04
 4.79448742e-05
 2.45041003e-05
-3.29557488e-04
-4.18730090e-05
 3.21200669e-04
-7.99541672e-04
-6.66386102e-04
 3.44699030e-04
 6.20085220e-04
 1.53325965e-04
-4.49693929e-05
-1.79863644e-04
 4.41101571e-04
 7.86670356e-04
 7.44591569e-06
 3.47390504e-04
 1.87040901e-04
-8.53812024e-05
 5.80923699e-05
-6.14143423e-05
 3.45105293e-05
-1.95244907e-05
 1.02893891e-05
-1.20228753e-05
-1.62851243e-05
 6.03865357e-06
