-4.76139746e-08
 8.15059495e-07
-3.69213536e-06
 9.63682716e-06
-1.69316068e-06
 4.73846253e-07
 5.21904547e-07
-2.26715126e-05
 2.34075191e-05
-2.77026070e-05
 5.21993409e-05
-6.94981339e-05
 7.44850157e-05
-2.96194714e-05
-3.49894997e-04
 3.52261543e-05
 2.22849915e-05
 3.57094711e-04
 3.82636964e-04
-1.12245759e-04
-4.80854634e-04
 8.31831533e-06
 3.27659891e-04
-5.30284543e-04
 2.53759235e-04
 3.25778854e-04
 5.38393422e-04
 1.01806923e-03
-1.34270058e-04
 1.71879284e-04
-6.18291336e-04
-7.87500544e-04
-6.82164342e-05
-1.26687980e-04
 5.01010769e-04
-4.45715411e-04
-3.94046799e-04
 3.88061276e-04
 1.69207680e-04
-2.46958390e-04
-3.99330886e-04
 4.28531983e-04
 1.93532284e-05
 3.67671291e-05
 5.36063425e-04
-2.59912905e-04
-2.08450742e-04
-2.69394499e-05
-4.15060540e-04
-3.95987730e-05
-2.45174250e-04
-7.01437131e-04
-4.25009708e-05
 5.07513972e-05
-3.85283254e-04
-5.51714137e-04
-4.90034728e-04
-5.19602561e-04
-8.49138642e-05
 2.77606540e-04
 9.55334650e-05
 1.63957435e-04
 4.41194671e-06
 1.17732936e-04
 6.19407808e-05
-7.31006836e-05
 6.72697791e-04
 3.83617123e-04
-1.78869536e-04
-1.13096250e-05
 1.70284445e-04
 2.94858908e-05
-1.33267321e-04
-3.28227347e-05
-1.31199670e-04
 2.79353636e-04
-1.33829412e-04
-5.98580815e-05
 1.74020426e-04
-1.95685462e-04
 3.68361414e-04
-1.26185739e-04
 1.19819772e-04
 4.18767481e-04
-2.03215582e-04
 1.06567781e-05
 2.15146705e-04
 4.61289276e-05
-2.93644862e-04
-1.32895720e-04
-2.59103014e-04
-1.20845353e-04
-1.10684794e-04
-1.09001024e-04
 2.15416832e-04
 2.00794425e-04
 1.83252160e-04
 3.40678863e-04
 2.80447841e-04
 1.26661636e-04
-1.08579602e-05
-3.81132030e-04
-1.45804064e-04
-3.49906921e-04
 3.41147352e-04
 3.71141270e-04
-3.36464457e-04
-2.96155458e-04
-2.82388932e-04
 8.94724143e-04
-5.38198469e-05
-6.20267318e-04
-3.12553952e-05
-1.05582192e-04
 2.57101321e-05
-2.57501487e-04
 3.51114427e-04
 1.74523696e-04
-2.61853340e-04
-2.46128788e-04
-1.17387679e-04
 5.98342944e-05
-1.36964784e-04
 1.80399781e-04
 2.13646137e-04
 6.50270244e-04
 1.99549378e-04
 6.91026705e-05
 7.65142677e-04
-4.71802967e-04
 8.11548011e-05
 4.30166252e-04
-8.06539660e-04
-2.71044345e-04
-1.23079593e-05
-3.22221088e-04
 1.32233665e-05
-2.68817507e-04
-2.33265136e-04
 3.23424984e-04
 2.01525817e-04
 1.46711557e-04
-2.32164350e-04
-1.65979815e-05
 9.30549282e-04
 8.20544373e-04
-1.77431564e-04
-4.83038575e-04
-1.65190758e-04
 2.56677955e-04
 5.56815457e-04
 1.00820102e-05
 1.68491864e-04
-1.92467226e-04
-1.86563433e-04
-7.86039817e-05
-7.06155032e-04
 1.56720903e-04
-2.21334350e-05
-4.66515225e-05
-1.51379685e-04
-6.99875326e-04
-2.09635347e-04
 9.58044130e-05
-3.66731371e-04
-3.52599658e-04
 1.25018828e-04
 2.31832370e-04
 1.53752721e-04
-1.23864404e-04
 6.17829782e-04
 4.89067723e-04
-1.31968248e-04
-1.56990029e-04
 5.85462800e-06
 3.04408105e-04
 6.06157473e-05
 4.16540605e-04
-1.46192505e-04
-3.34289347e-04
 2.45804086e-04
 2.49188283e-04
 5.74754069e-05
 2.16789520e-05
-7.65291100e-04
 5.42711664e-04
 1.68320622e-03
-2.12657139e-03
 1.51047284e-03
-6.23429423e-04
 1.54126372e-03
-2.53661883e-03
 1.64361959e-03
-5.03171569e-04
 1.99320757e-03
 4.23099958e-02
-2.97622450e-02
-2.44246521e-02
 6.15151405e-02
-2.29389278e-02
-4.73249061e-02
 4.10166626e-02
 3.85736301e-02
-4.23525487e-02
-5.10245890e-02
 2.15125019e-02
 5.83717918e-02
 2.41983363e-02
-3.56864477e-02
-6.31886694e-02
-4.18671793e-02
-5.24755976e-04
 3.45711508e-02
 5.58566850e-02
 6.24332540e-02
 5.70179488e-02
 4.81843651e-02
 4.16427228e-02
 3.86856698e-02
 4.02141773e-02
 4.55425564e-02
 5.46175998e-02
 6.17094888e-02
 5.96828143e-02
 4.32297964e-02
 1.11964486e-02
-2.95546736e-02
-6.09110323e-02
-4.99981873e-02
 5.47770472e-03
 5.45890686e-02
 4.10188339e-02
-3.07371347e-02
-5.89462312e-02
 1.62301650e-02
 5.50477664e-02
-2.19652264e-02
-4.74201263e-02
 4.51063599e-02
 1.86594201e-02
-6.03930838e-02
 4.65332521e-02
-5.04944213e-03
-3.22030236e-02
 4.65432053e-02
-3.85598740e-02
 1.85017518e-02
 1.99965740e-03
-2.04270244e-02
 2.44470821e-02
-1.29583983e-02
 7.71836277e-03
-1.19954866e-03
-4.15260713e-03
 5.52246579e-03
-4.87922642e-03
 4.79490088e-03
-7.96366061e-03
 5.71311247e-03
-1.90374227e-03
 4.30130801e-03
 7.77761420e-02
-6.89154693e-02
-3.38479868e-02
 1.21411766e-01
-6.17083800e-02
-8.10836024e-02
 9.42980869e-02
 6.37266693e-02
-9.61394209e-02
-8.84807783e-02
 6.16129034e-02
 1.15608920e-01
 2.92168766e-02
-8.83500185e-02
-1.24207989e-01
-6.64669490e-02
 2.09334230e-02
 8.72153184e-02
 1.18302687e-01
 1.19768759e-01
 1.01684254e-01
 7.81329959e-02
 6.22169933e-02
 5.57773902e-02
 5.78873157e-02
 7.07959196e-02
 9.20259850e-02
 1.14170934e-01
 1.23071827e-01
 1.03307803e-01
 5.05367683e-02
-3.14298677e-02
-1.10327553e-01
-1.15248896e-01
-1.88030467e-02
 9.48477960e-02
 1.00522797e-01
-3.20230381e-02
-1.24564157e-01
 6.05470468e-04
 1.15590997e-01
-1.40101414e-02
-1.07846689e-01
 6.58859966e-02
 6.87806832e-02
-1.24711230e-01
 6.85706335e-02
 2.25487310e-02
-8.57880180e-02
 9.60166123e-02
-6.29340169e-02
 1.56995965e-02
 2.38150627e-02
-5.67288644e-02
 4.12726273e-02
-1.73484704e-02
 8.67143817e-03
-1.47366918e-03
-3.08340215e-03
 5.32747639e-03
-6.67138510e-03
 4.72406883e-03
-2.36276436e-03
 1.37806888e-03
 4.31981401e-04
-3.58736232e-04
 5.26282854e-04
-1.40074316e-04
-1.34236311e-04
 3.76806307e-04
-1.26820864e-04
 1.72050293e-04
 3.58390257e-04
 1.90729447e-04
 5.60804932e-05
 2.47726230e-04
 4.02217299e-04
 1.83218550e-04
 1.54386398e-04
 6.73273758e-07
 1.41312290e-04
 6.97186191e-04
 1.52547003e-04
-4.90893505e-04
 7.11620488e-05
 3.18890605e-04
 4.52115340e-04
 4.42402891e-04
-3.29814475e-04
-1.88470142e-04
 2.16008440e-04
-4.39823543e-04
-3.58620114e-04
-2.88007003e-05
 1.00713707e-04
 3.42752677e-04
 1.84863408e-04
 2.40771105e-05
-1.67518119e-04
 9.49305402e-06
 2.69929968e-05
-3.00822678e-05
 3.31124696e-05
-1.39796961e-05
 1.16361872e-05
-1.14286256e-05
-1.47000820e-06
-4.42149996e-06
 1.21105824e-06
