-3.13071251e-08
 2.38758381e-06
-8.86317732e-06
-2.43653402e-06
 2.06663315e-06
-5.39199753e-06
 1.26803019e-05
-1.59834420e-05
 2.69822369e-05
-3.25489527e-05
 3.86638004e-05
-4.58342113e-05
 2.80968098e-05
 4.35080157e-04
 8.73245281e-05
-5.20290032e-05
-4.78884362e-05
-1.08973917e-04
-9.35004678e-05
-1.02592274e-04
 1.01495726e-04
-1.84759727e-06
 4.47895114e-04
 5.85926119e-04
-1.76105180e-04
-1.12827124e-04
 1.81438562e-04
 6.71679647e-05
-4.25426248e-05
 8.24411896e-05
 2.35309751e-04
 2.23338749e-06
-4.88637540e-05
 1.33577389e-04
-1.60270428e-04
 3.01106660e-04
 1.90027381e-04
-1.77109732e-04
 1.23257433e-04
-4.43153080e-05
 1.55973233e-04
-8.51308938e-05
-2.34576075e-04
-1.75048876e-04
-2.14046464e-04
-3.75008739e-04
-7.10234051e-05
-6.49053044e-05
-4.33416968e-04
-7.45797951e-06
-4.77335036e-05
-4.84127045e-06
 9.18645937e-04
 3.11931488e-04
-5.03886560e-04
 4.77772128e-04
-7.24931671e-05
-5.30109814e-04
 1.53152141e-04
 1.68773902e-04
 3.16810861e-04
 2.07423349e-04
-9.90795640e-06
-2.89441111e-04
-3.59079094e-04
 4.04391842e-05
-4.10930528e-05
-1.22637094e-04
 4.35003147e-04
 2.14632435e-04
-3.43780945e-04
 7.66390280e-05
 5.01373057e-04
 2.55561241e-04
 5.82399841e-05
 2.75863837e-04
-4.99987048e-05
-1.41153859e-04
-3.66960591e-04
-2.05205241e-05
 1.35028824e-04
-2.02995604e-04
 2.05312583e-04
 4.42567619e-04
-2.51370123e-04
 1.42527007e-03
 2.10702598e-03
-2.64971492e-03
 1.88486338e-04
 3.34214574e-03
-1.69404721e-03
-2.24519521e-03
 1.94698021e-03
 2.28287441e-03
-1.98951936e-03
-3.28195144e-03
-1.31940606e-04
 3.02212149e-03
 3.21814002e-03
-3.24691051e-05
-2.79889530e-03
-3.32062427e-03
-2.86299753e-03
-1.47213721e-03
-2.05583702e-06
 1.39735921e-03
 2.23789606e-03
 2.75882635e-03
 2.96003886e-03
 2.35609334e-03
 2.60797510e-03
 2.36813958e-03
 9.17942284e-04
-6.65067727e-04
-3.18274280e-03
-3.84554577e-03
-2.88775317e-03
-1.03604251e-03
 2.44293224e-03
 3.46963675e-03
 1.05677034e-03
-2.22643761e-03
-3.25122416e-03
 1.11214177e-03
 3.79369245e-03
-1.07243194e-03
-3.00462912e-03
 1.54716192e-03
 2.08178241e-03
-3.38609319e-03
 6.79949861e-04
 2.20142666e-03
-3.14078772e-03
 2.11610240e-03
-9.90104017e-04
-6.67695131e-04
 2.15967082e-03
-2.02185198e-03
 8.85627135e-04
-8.92276622e-04
-8.78498629e-04
-2.33011667e-04
-4.90666797e-04
 6.51406407e-04
-4.28529064e-04
 2.68524457e-04
 1.85055527e-04
-1.32242237e-04
-4.82833655e-04
 4.21692976e-04
 2.16275292e-04
 4.32695524e-03
 4.14742786e-03
-6.17316270e-03
 9.87115831e-04
 5.67608152e-03
-5.31428366e-03
-3.79987600e-03
 5.20897504e-03
 4.24296805e-03
-5.01461016e-03
-6.21877643e-03
 1.07726089e-03
 6.07072680e-03
 4.21524120e-03
-1.60942312e-03
-5.86164923e-03
-7.15407636e-03
-4.80065315e-03
-1.27194999e-03
 1.91085153e-03
 4.01909642e-03
 5.60367113e-03
 6.33173583e-03
 5.76167733e-03
 6.29146765e-03
 6.31360633e-03
 4.77642203e-03
 2.98644105e-03
-1.21499624e-04
-3.72996691e-03
-6.53328173e-03
-6.87405275e-03
-3.72715646e-03
 2.55816106e-03
 6.94401120e-03
 3.80152559e-03
-3.14081924e-03
-6.86196190e-03
 3.91908042e-04
 7.50248484e-03
-4.46139569e-04
-6.58643099e-03
 1.89639923e-03
 5.11616635e-03
-6.43593233e-03
-3.12785802e-04
 5.57697926e-03
-6.23109316e-03
 3.23348281e-03
 6.08902022e-04
-2.32927797e-03
 4.06168659e-03
-2.51158687e-03
-1.18437334e-04
-2.00240274e-03
 1.02316352e-04
 6.33418350e-04
-1.07628894e-03
 9.26144185e-04
-4.15626382e-04
 7.40879386e-04
 3.08985261e-04
-2.01080793e-04
 4.72024011e-05
 5.55361710e-05
-1.97985184e-04
-2.02247748e-04
 4.62418328e-04
 1.46632255e-04
 1.60104648e-04
-4.66815201e-05
-1.20703312e-04
 4.44967272e-04
-2.76974710e-04
-3.79060073e-04
-1.37519117e-04
 1.39804533e-04
 1.00243580e-05
-3.19644652e-04
 7.99123361e-05
-3.20351391e-04
 1.11888565e-04
-2.59723701e-05
-6.02960988e-04
 9.99143030e-05
-3.20654709e-04
 6.87311652e-05
 4.31785434e-05
-1.79324780e-04
 6.58805003e-04
 3.47296703e-04
 4.36280374e-04
 5.15702290e-05
-5.17965836e-04
 3.12166441e-04
 3.13252166e-05
-1.85328651e-05
-2.71130846e-04
-6.59057097e-04
 1.23627213e-04
-1.65253337e-04
 1.72472194e-05
 2.51136078e-04
 2.74155680e-04
 4.04404804e-04
-1.48960677e-04
 1.49984957e-05
 3.63458052e-04
 2.07644623e-05
-2.44221147e-05
-4.95818300e-04
-4.91164490e-04
 4.86972739e-04
 5.57341721e-04
 3.67426743e-04
 7.96703862e-05
 3.28490028e-05
 1.64051291e-04
-1.81167876e-04
 1.55542273e-04
 6.61149675e-05
-2.53101371e-05
-3.79045517e-05
-4.99108667e-04
 1.93982868e-05
 1.17352669e-04
-4.31259785e-04
-3.69887983e-04
 2.67151860e-05
-1.93457944e-04
 2.92353458e-04
-2.34074767e-04
-3.82962447e-04
 9.45632677e-04
 6.47610176e-04
 3.44560595e-04
 1.12047423e-04
-2.45257770e-04
 4.18545939e-06
 2.47920043e-04
 4.20217910e-04
 3.23605785e-04
 3.25639441e-05
-2.73819423e-04
-1.94785407e-05
 3.09046031e-04
-3.42263418e-05
 4.84526488e-04
 3.51339251e-04
-3.15167623e-04
-3.88933225e-04
-7.99919738e-05
-2.91354544e-04
-7.52062832e-04
-3.82522455e-04
-2.15846156e-04
-1.98189810e-04
 7.91321926e-05
 3.32090724e-04
-1.44419133e-04
 2.24771243e-04
 6.16575605e-04
 2.80557541e-04
 1.07622030e-04
-5.07390103e-04
 1.22374238e-04
 1.36388202e-04
-6.49833120e-04
-3.48728623e-04
-5.32586566e-04
-2.95622167e-04
 1.53129128e-04
-1.04207614e-04
 9.80135166e-05
 3.42540658e-04
 3.82817665e-05
-2.15228839e-04
-4.59721574e-04
 6.50986617e-05
 1.81631573e-05
-4.05538997e-04
 3.02573397e-04
 1.75196381e-04
-6.92888480e-05
 1.06985295e-04
-7.24612236e-05
 1.21107293e-05
 4.69506922e-06
-6.62041245e-05
 6.00478724e-06
-4.30862007e-04
-2.19541962e-04
-2.51839541e-04
-1.08104500e-04
 1.84465666e-04
-2.33943194e-04
 2.28301132e-04
-6.71651914e-04
-6.12004074e-04
 1.45955489e-04
-4.54628037e-04
-3.13413441e-04
-1.87505409e-04
 1.24481185e-04
 9.80286749e-05
-3.57962111e-04
-1.85939143e-04
-1.57119210e-04
-4.18893213e-04
-8.74869738e-05
 4.90455630e-05
-2.88673765e-05
 3.30844792e-05
-1.83775214e-05
 1.01655328e-05
-7.03645177e-06
 9.39089286e-06
 4.46381233e-06
 5.15642425e-07
