-6.28582497e-05
 1.34813912e-04
-4.77844866e-04
-7.11856933e-05
 5.65472507e-04
-6.49371539e-05
-4.91481203e-05
-1.30646348e-05
-9.28119449e-05
 1.64598205e-04
 2.53084597e-05
 3.81793086e-04
 4.79955191e-04
-4.20865165e-04
-3.67338223e-04
-2.30281168e-04
 1.43890847e-04
 4.52584854e-04
 2.07885201e-04
 3.67393120e-04
-6.78997623e-05
 4.45279869e-05
 4.17077798e-04
 3.05950676e-04
 2.43245701e-04
-1.08722381e-04
 6.91453466e-05
 2.91301241e-05
-3.39976898e-04
-4.99907106e-04
-8.40020940e-05
 1.72939434e-04
-1.68354511e-04
-9.55516494e-05
-2.84777849e-04
-5.96536487e-04
-4.92092671e-05
 2.79829036e-05
-3.16596640e-04
 2.82993653e-04
 1.76384544e-04
-1.23590629e-04
-5.47516879e-04
-3.70862081e-04
 3.98803495e-05
-7.08654882e-04
-4.28004643e-04
 1.67609258e-04
 2.19232622e-04
 2.83247714e-04
 1.16819504e-04
-4.53164423e-04
-2.69992364e-04
 1.44768179e-04
-4.75403941e-04
-5.68152362e-04
-2.69068880e-04
 1.36041237e-05
 2.46015029e-04
-5.92577576e-05
 1.11503242e-04
 8.69461821e-05
 5.44128512e-04
 3.58431226e-04
-3.64987492e-04
-2.79251687e-05
 1.50264003e-04
-2.67022255e-05
-2.51105698e-04
 6.08947588e-04
 2.09204625e-04
-8.86004513e-05
 3.64184187e-05
-7.10775942e-04
 7.53910775e-05
 2.24622203e-04
-1.99113245e-04
-6.58187083e-05
-2.00936074e-04
 4.00164905e-04
 3.20429386e-04
 6.16423407e-05
 5.16749546e-04
 4.83477227e-04
 3.50296963e-04
 1.33022251e-04
 5.47365868e-04
 2.32169522e-04
-5.02992572e-04
 2.22700961e-04
 2.38420147e-04
-1.46819105e-04
-1.19877547e-04
-1.73612892e-04
 7.74923314e-05
-1.58149277e-04
-1.99783050e-04
-2.40663222e-05
 2.08801322e-04
 4.36482179e-04
-1.99631165e-04
 7.31181550e-05
 2.97913535e-04
-2.27399925e-04
 3.53875342e-04
-3.69188570e-04
-4.48055412e-04
-1.47064165e-05
-4.16234182e-04
-3.27749880e-04
-5.49824016e-04
 1.36996495e-04
-7.65285645e-05
-2.09424158e-04
-3.56390543e-04
 2.65119015e-04
-1.06568299e-03
-2.45093406e-03
-9.71701342e-05
 2.23379020e-04
 2.39828266e-04
 5.59793623e-04
 1.60283155e-04
-2.08192623e-04
-1.34814955e-04
-3.14627397e-04
 4.99426458e-04
-7.64745329e-04
 1.40496113e-03
 3.31841817e-03
-5.34751414e-04
-1.64382794e-05
-2.66734003e-04
 2.28560441e-04
 8.96727815e-04
-2.12928010e-04
 2.69763713e-04
-1.42747525e-05
-2.85578619e-04
 2.58465902e-04
 3.56269341e-04
-7.98936350e-05
 4.16165298e-05
 1.06524758e-04
-3.73958791e-05
-6.12710601e-04
-5.66949882e-04
 3.09484578e-04
 3.00682341e-04
 5.18181172e-04
-2.50891783e-04
-3.70794788e-04
 6.70485708e-04
-3.94573026e-05
 4.95614580e-04
 6.54542045e-04
 5.14162336e-04
 3.78164509e-04
-1.17022707e-04
 2.75880900e-04
 7.59588000e-05
 5.61404212e-04
 3.75384539e-04
-3.86201433e-04
-3.93792408e-04
-3.77576390e-04
-4.37889567e-04
-3.12111197e-04
-2.93362373e-04
 9.98826735e-05
 6.05668288e-04
 2.19216404e-04
 5.58361705e-06
 2.69657780e-04
-1.95972321e-04
-2.95940147e-04
 2.89681992e-04
 1.25970728e-04
 2.33216562e-04
-5.66145000e-04
 1.16929103e-03
-1.44387767e-03
 4.68057038e-03
 9.86562774e-03
-5.50685878e-04
-1.83814693e-04
 3.44277976e-05
-9.73300506e-05
 1.30304984e-03
-5.41265240e-04
 1.56542559e-04
-3.17287506e-04
-2.16709439e-05
 1.20001951e-04
-2.62390283e-04
 5.67990425e-05
 1.90307649e-04
 2.73443906e-04
-1.01166367e-04
-2.05365602e-05
 2.54435512e-04
 2.56933095e-04
 2.85880427e-04
 1.97159856e-04
 2.66819474e-05
-2.66621285e-04
-2.60167149e-04
 6.00537377e-05
 4.64581034e-04
 2.95262615e-04
 2.10124719e-04
-1.34091074e-04
-9.24691246e-05
 4.27349078e-04
 3.13223762e-04
-2.09177847e-04
-5.90461330e-04
-1.89809519e-04
 4.06881061e-04
 2.81896189e-04
-2.17243947e-04
-3.35245997e-04
-1.97942613e-04
 3.24782657e-04
-1.70065140e-04
-8.13245108e-05
 5.95894756e-04
 4.04033129e-04
 5.88243017e-06
-5.82043793e-04
 2.13915565e-04
 1.51068610e-04
 3.03151842e-04
 6.48568517e-04
-2.34233470e-04
 3.97737926e-04
 4.15226956e-04
-6.32783774e-04
-5.95310469e-04
-8.07577571e-05
-6.86689209e-05
-7.10540073e-04
-9.81931203e-04
-4.40711320e-04
 9.83281865e-06
 2.43529763e-04
 3.25173009e-05
-2.89391762e-05
 6.85904704e-04
 2.18415243e-04
-3.78865598e-04
-2.56901940e-04
-2.64973785e-04
 2.89052214e-04
-1.75266291e-05
-3.60722835e-04
 4.20830834e-04
 4.49060672e-04
-3.99397999e-04
-2.14659194e-04
 1.47909957e-04
-6.25004032e-05
 2.76024754e-04
 1.23801701e-04
 2.76195108e-04
 3.00572793e-04
-5.85514195e-04
-6.60309427e-04
-2.92519182e-04
-1.33683594e-04
-1.20786921e-04
 6.99916482e-05
 1.74388709e-04
 4.78360269e-05
 1.08715681e-05
 1.38485146e-04
 2.63125984e-04
 5.07100151e-05
-3.66934002e-05
-3.75046823e-06
 3.34527187e-04
 3.76246702e-04
 3.19117973e-05
-7.31871334e-05
-9.76071858e-05
 3.22610398e-04
 5.30228615e-06
-2.43323460e-04
 7.61257379e-05
-1.78536622e-04
-2.33708603e-04
-6.87705283e-04
-2.03330175e-04
 2.95523274e-04
-5.24023560e-04
 7.65058218e-05
-1.82799545e-06
-5.02196984e-04
-2.08803999e-04
 7.82738814e-05
 3.83913476e-04
-2.09658479e-04
-1.14526699e-04
 2.18728488e-04
-1.35002062e-04
-8.51130463e-05
 7.53227450e-04
 1.31369208e-04
-6.39027626e-04
-6.38791326e-05
-5.88052674e-04
-4.95158496e-04
 4.92912245e-04
 2.28501365e-04
-5.12316751e-05
-1.32172795e-04
-3.18692170e-04
-9.41964686e-05
-1.43479379e-05
-1.49400969e-04
-5.83995816e-04
-1.95368196e-04
 1.39055148e-04
-1.39605843e-04
-1.98839816e-04
-2.38908964e-04
 4.20149977e-04
 2.95255692e-04
-2.23438104e-04
 1.25651836e-04
-4.07398931e-05
-3.14547707e-05
 4.55201488e-04
-1.47420072e-04
-8.43903826e-04
 9.38732957e-05
 5.45525706e-05
-7.09571905e-04
 5.30192459e-05
 8.14756617e-05
-4.75267387e-04
 2.79213364e-04
 6.07196160e-04
-5.56067268e-04
-7.63210775e-04
 1.60008811e-04
