-1.50672266e-04
-2.22909378e-04
 2.42473502e-04
-1.13529197e-04
-6.83929839e-05
 1.29730150e-04
 7.65782165e-05
 3.75178935e-04
-7.56971400e-05
-5.52215470e-04
 2.04910541e-04
-5.69476237e-05
-2.22013514e-04
-2.12828256e-04
-2.19802577e-04
 3.71877520e-04
-1.33616522e-04
 7.23880333e-06
 3.68088714e-05
 4.07571635e-04
 1.94902871e-04
-1.12158463e-04
 1.84528736e-04
-2.55050403e-05
 7.31874667e-04
-1.62515409e-04
-8.32971397e-04
 1.28325440e-04
 7.19288726e-05
-2.67835012e-04
 8.99105344e-05
 1.81375644e-04
-1.51605078e-05
 4.69861359e-05
-1.32101131e-04
 2.11089391e-04
 4.26164148e-04
-2.92072835e-04
-1.25323831e-04
 1.99996907e-04
-7.98846201e-04
 1.01615130e-04
 9.52121872e-04
-1.84280983e-04
-2.05055536e-05
 1.61222631e-04
-1.09254138e-04
 1.26783690e-04
-1.33944218e-04
 3.21094075e-04
-8.35244909e-06
 5.32826427e-04
-7.84221130e-04
-6.02839316e-04
 2.14973197e-03
-2.90734095e-03
-1.12948757e-03
 3.32181600e-03
-1.41169938e-03
-2.11288371e-03
 1.66538477e-03
 1.88757487e-03
-1.60173402e-03
-3.56840080e-03
-6.58581819e-04
 3.13317224e-03
 3.51693450e-03
 1.15396423e-03
-2.00138329e-03
-3.12560977e-03
-3.14231991e-03
-1.19629646e-03
 8.09754147e-04
 1.35753313e-03
 2.41610521e-03
 2.57978018e-03
 3.10004328e-03
 3.17396939e-03
 2.59044876e-03
 1.97449162e-03
 8.08731055e-04
-8.46563650e-04
-2.32984090e-03
-3.27145672e-03
-3.05406815e-03
-1.17418475e-03
 1.89294921e-03
 3.44905646e-03
 1.59688731e-03
-1.97242623e-03
-3.44028721e-03
 9.84575070e-04
 3.50338799e-03
-6.44574825e-04
-2.76276884e-03
 9.72672371e-04
 2.17926420e-03
-3.23246772e-03
-1.16106336e-04
 2.55493952e-03
-3.12503786e-03
 2.28907253e-03
 3.28821836e-04
-2.11469445e-03
 1.83578826e-03
-2.48570552e-03
 1.88988236e-03
 2.60433194e-03
-5.20534022e-04
 1.88012978e-04
-3.92768300e-04
 7.36708459e-05
-5.09872455e-04
-2.38379808e-04
 5.42717869e-04
 1.45573072e-03
-5.51912464e-04
 8.07483681e-04
-3.15208963e-03
-1.81334281e-03
 4.73535751e-03
-5.73290769e-03
-1.76932064e-04
 6.75511514e-03
-3.95400101e-03
-3.71255400e-03
 4.41005648e-03
 4.68950836e-03
-3.99975011e-03
-6.11026936e-03
 6.84932455e-04
 5.82835566e-03
 5.04532352e-03
-8.05207010e-04
-5.56467991e-03
-6.94235695e-03
-5.29889967e-03
-1.39231441e-03
 1.70333943e-03
 3.86115251e-03
 5.50868680e-03
 5.81621986e-03
 6.06227598e-03
 6.15586960e-03
 5.97800037e-03
 5.20011299e-03
 3.01682902e-03
-1.06724677e-04
-3.30172151e-03
-5.90157974e-03
-6.94778219e-03
-4.07279910e-03
 1.82008900e-03
 6.28227881e-03
 4.22723865e-03
-2.82048006e-03
-6.43847024e-03
-8.59594492e-05
 6.52640611e-03
 5.33860184e-04
-5.42969528e-03
 1.04105609e-03
 6.25137348e-03
-4.49073266e-03
-2.03967641e-03
 5.91443017e-03
-6.34404482e-03
 2.61557943e-03
 1.44606067e-03
-4.39354030e-03
 4.92058328e-03
-3.94655695e-03
 3.84948611e-03
 4.98565577e-03
-1.55005079e-03
 1.19986347e-03
-8.66453370e-04
 8.49210487e-04
-3.89311109e-04
-1.46887742e-04
-1.12754291e-04
-4.52085138e-04
 7.83412007e-04
 2.11859407e-04
-6.35591254e-05
-1.56713162e-05
 2.39644897e-04
-4.93144776e-05
-1.79514083e-04
 3.53584158e-04
-1.79045171e-04
-4.90428317e-04
-4.42943230e-05
 3.36910553e-05
 4.96229942e-04
 2.64224983e-05
-4.13815687e-04
-1.96824413e-05
 1.64698461e-04
 5.20687954e-04
-3.69422201e-04
-3.01875597e-04
 1.40628204e-04
-1.73320945e-04
-2.44636074e-04
-4.96311313e-04
-4.04151645e-04
-3.05563912e-05
-1.16542279e-04
-3.88895577e-04
 1.52450025e-04
-1.40434515e-04
-3.50033848e-04
-9.80328084e-05
-1.02790273e-04
 3.28572518e-04
 2.78603520e-04
 1.27884312e-04
 3.36799609e-05
-2.02876657e-04
 6.05910339e-04
 5.82579907e-04
-3.15853414e-04
-2.73161655e-04
-2.57537468e-04
-1.12940794e-04
 1.47203881e-04
-1.61876432e-04
-1.52937210e-04
 9.52137069e-05
-4.01330921e-04
-1.82940363e-04
 7.36741230e-05
-2.53104136e-04
 5.36913451e-05
 5.41200512e-04
-9.23160189e-05
-6.99522204e-04
-1.42034872e-04
 2.21671484e-05
 6.01336988e-05
-1.47854276e-04
-2.64664241e-04
-2.20973263e-04
 6.35267090e-05
-2.59576492e-04
-4.00581036e-04
 1.20900672e-04
-4.72273894e-04
 1.60820674e-04
 4.74568183e-04
-1.85653509e-04
 4.39746231e-04
-4.84464927e-04
-1.11114280e-03
 2.50987652e-04
-4.30857205e-05
 3.82882437e-05
 4.79528001e-04
-6.20638446e-05
 1.21050206e-05
-4.62904193e-04
-5.37390648e-05
 4.54946489e-04
-7.46316870e-05
-2.18199812e-07
 5.03353045e-04
 2.56140766e-04
-2.44508549e-04
 4.54348802e-04
 6.77508711e-05
-9.70864624e-06
-9.06377694e-06
-2.76041572e-04
 1.64966253e-04
-2.70831838e-04
-3.43604581e-04
 2.01218996e-04
 1.07275853e-04
 5.29413102e-05
 4.02660838e-04
-2.30249595e-04
-2.32698318e-04
 2.57138493e-04
-2.43736078e-04
-3.99649697e-04
 6.40772516e-05
-2.67687432e-04
 2.77922189e-04
 5.48963668e-04
 1.59563479e-04
 3.85771336e-04
-5.43068266e-04
-2.29383153e-04
 8.80308633e-05
-3.28541789e-05
 1.52237730e-04
-2.24449760e-04
-2.26745682e-04
 2.24641066e-04
 1.61865829e-04
-2.17889407e-04
 4.84616648e-04
 4.57218891e-04
-3.32289042e-04
-6.57345801e-05
 2.02147395e-04
 1.85376180e-04
 7.99269796e-05
-6.72772766e-04
-4.53626517e-04
 1.18805600e-04
-3.64599972e-04
-1.26834966e-04
 1.29844366e-04
-2.46582795e-04
 2.68279649e-05
 1.10690057e-04
-1.41345900e-04
-3.12058479e-04
 5.98305641e-04
 7.77444629e-04
-5.53998013e-05
 2.70073317e-04
-2.12766805e-04
 1.40164543e-04
 4.71921512e-04
-4.37291979e-05
 3.87658596e-04
-2.80258069e-05
-1.56719309e-04
 9.40531926e-04
 4.88783989e-04
-5.67007184e-04
 1.39809990e-05
 4.41424471e-04
 2.50385774e-05
-1.55460533e-04
 1.54094049e-04
 1.45319106e-04
 1.56878076e-04
 1.93553271e-04
 1.97222765e-04
 3.33515074e-04
-6.36710324e-05
 1.23556768e-04
