-1.09065059e-04
-1.49290300e-04
 1.86134423e-04
 2.64404998e-04
 8.30046434e-05
-2.48228695e-04
-1.56821898e-04
-3.25801322e-04
-1.91133398e-04
 3.84748809e-04
-1.88028766e-04
-1.15217354e-04
 3.98842124e-04
 2.26534159e-04
 5.29304272e-04
 2.93085427e-04
 2.70908347e-04
 3.72486665e-04
 1.13992796e-04
 2.56567051e-04
 2.90107230e-04
-8.37996310e-05
-6.25386976e-04
-2.73680234e-04
 7.16587209e-04
 4.25316848e-04
-6.84719782e-05
 6.21487381e-05
 7.93459252e-05
 4.29209804e-04
 2.49132539e-04
 1.13666504e-04
 6.17593294e-04
-9.57927686e-05
-3.60094094e-04
 1.95889646e-04
-2.66200609e-06
 1.65021288e-04
-2.82354062e-04
-5.25205451e-04
-2.25302046e-04
 2.50797261e-04
 3.26513572e-04
 1.15893224e-04
 1.21923779e-04
-5.31860299e-04
-2.70755526e-04
-8.41233685e-06
-4.85552155e-04
-8.01019665e-05
-3.97502785e-05
-1.93081154e-04
 1.95699950e-04
-3.19408591e-05
-3.38172407e-04
-2.54880798e-04
 6.68011544e-05
-1.48950303e-04
 8.18833182e-05
-4.24834520e-05
-5.12053672e-04
 5.76395270e-05
 2.73652569e-04
 2.24039048e-03
 2.31304153e-03
-1.79256203e-03
-1.62375987e-05
 3.35738781e-03
-1.03388688e-03
-2.84532064e-03
 2.04275310e-03
 3.01102785e-03
-1.27017660e-03
-2.86474830e-03
-5.98343256e-04
 2.56094676e-03
 3.27979081e-03
 4.71668027e-04
-2.37319201e-03
-3.24074344e-03
-2.57311850e-03
-8.72062788e-04
 9.49376174e-04
 1.90505199e-03
 2.31520678e-03
 2.03492098e-03
 2.47946542e-03
 3.24583665e-03
 2.05700932e-03
 1.69070579e-03
 1.41501159e-03
-8.50796694e-04
-2.42894279e-03
-3.34738323e-03
-3.09727144e-03
-1.51176037e-03
 1.12586202e-03
 3.27042508e-03
 1.67081471e-03
-1.85799922e-03
-3.26521256e-03
 6.26863951e-04
 4.01675863e-03
 2.82467865e-04
-2.70481281e-03
 1.24734456e-03
 2.80892668e-03
-2.99583081e-03
 2.40466129e-04
 2.90061703e-03
-2.77137358e-03
 2.01370583e-03
-6.53673051e-04
-1.58778025e-03
 1.99272643e-03
-1.99619891e-03
 6.66814199e-04
 7.14993411e-05
-1.19088036e-04
 6.08413704e-04
 3.22393503e-04
 6.56514941e-04
-3.80776398e-04
 2.90535338e-04
-3.36793574e-04
 1.61450988e-04
-5.21106621e-04
 1.05514237e-05
 2.14359450e-05
 3.07550794e-03
 4.45233170e-03
-5.68551661e-03
 2.41252722e-04
 6.80905911e-03
-3.93304954e-03
-4.71114567e-03
 5.00152141e-03
 5.24486558e-03
-4.02587918e-03
-6.19663634e-03
 2.20033126e-04
 6.53724294e-03
 5.39646524e-03
-9.44959561e-04
-5.87311033e-03
-6.99433436e-03
-4.86718181e-03
-1.60072685e-03
 1.98083898e-03
 4.62555633e-03
 5.24024874e-03
 5.61034727e-03
 7.13610900e-03
 6.59301226e-03
 5.75701597e-03
 5.54687996e-03
 3.51525538e-03
 5.27028974e-04
-3.37731817e-03
-6.08957536e-03
-6.36026091e-03
-3.76813523e-03
 1.86568001e-03
 6.19750655e-03
 4.75678720e-03
-2.61924865e-03
-7.06057738e-03
-3.70617713e-04
 6.90454449e-03
 7.84077760e-04
-6.49818168e-03
 9.84391767e-04
 6.03280141e-03
-4.76871638e-03
-1.26886030e-03
 5.90864526e-03
-5.84978767e-03
 1.83618797e-03
 1.48744649e-03
-3.59504553e-03
 4.88232518e-03
-3.55765014e-03
 2.06420235e-03
 4.48513659e-03
-8.81036153e-04
 1.48204340e-03
-1.73554894e-04
 6.08487127e-04
-4.09754356e-04
-2.82572216e-04
-2.34483357e-05
-2.73456433e-04
-2.33083301e-04
-8.54880518e-05
 3.84086035e-04
 2.85133552e-04
 3.04807290e-04
-4.43626271e-04
-2.12319349e-04
 5.52356697e-05
 1.95083138e-04
 2.16066897e-04
 5.60715976e-05
-3.27396358e-05
-3.80947098e-04
-1.02425939e-04
 3.10275860e-04
 2.85969908e-04
-1.58688616e-05
 2.20092710e-04
 5.66261724e-04
-3.00585400e-04
-4.15176255e-04
 2.36463049e-04
-1.50763999e-04
-2.97716157e-04
 1.66690310e-04
 1.66057900e-04
-6.11474356e-04
 1.71755221e-04
 1.23307363e-04
-5.27047196e-04
 7.07256215e-04
 4.69873585e-04
-4.44382187e-04
-7.70868488e-04
 6.55706480e-05
 1.23025997e-04
-5.66524438e-04
 4.19251398e-04
 3.93408581e-04
 2.05741013e-04
 3.54141227e-04
 9.98771524e-05
-1.61160156e-04
-1.33422138e-04
 5.15842004e-04
 4.26889294e-05
-5.00240622e-04
-2.30340247e-04
 2.17061793e-04
-2.06562458e-04
 1.87832888e-04
 1.98080372e-04
-9.30075016e-04
-1.92901118e-04
 3.03443412e-05
 4.38428534e-05
-4.50877696e-04
-4.35381410e-04
 7.58579580e-04
 4.05979285e-04
-1.71032647e-04
-6.36070305e-04
-6.44670560e-04
 5.64764533e-05
-1.46311023e-04
 4.79646183e-05
 4.25566892e-04
-1.70029631e-04
 8.50858956e-05
-1.77840892e-05
 3.11311201e-04
 5.73353329e-04
-4.14630912e-04
 9.84744302e-05
 3.18473591e-04
-1.26540428e-05
-1.96212978e-04
-4.87952547e-04
-1.39850448e-04
-9.84039310e-06
-4.10807515e-04
-4.16184544e-04
-3.20115256e-04
-7.73200301e-05
 2.03869308e-04
-1.73083426e-04
 3.84433524e-04
 5.49861049e-04
-1.95323081e-04
-1.26552292e-04
-1.42629388e-04
-4.68938317e-05
-2.75333690e-04
-5.90568107e-04
 3.23649004e-04
 7.09215225e-05
-2.89525260e-04
 2.96745661e-04
 1.19666199e-05
 5.04838518e-05
 1.72574626e-06
-4.13269960e-04
 1.91603227e-05
 2.21448216e-04
-7.09192613e-04
-6.65524839e-04
-2.75444312e-04
-6.29081190e-05
 2.74759961e-04
-2.15881764e-05
-2.45735696e-04
-2.11582497e-04
 1.61110299e-04
-1.75176563e-04
-6.54304219e-05
 2.28265512e-04
-1.06838358e-04
 3.28893863e-04
-1.46674178e-04
-1.09870647e-03
-1.05161035e-04
 3.40990821e-04
-5.44749439e-04
-4.33620734e-05
 2.45389572e-04
-7.17344573e-04
-1.11254663e-04
 3.61264373e-04
-4.62300128e-04
 2.04187529e-04
 4.13370577e-04
-1.43678897e-04
-8.14261336e-05
-1.77512698e-04
-2.61587806e-05
 1.20598247e-04
 1.32670991e-04
-5.91168031e-05
-4.11040684e-05
 1.42427830e-04
 1.42042406e-04
-2.45554082e-04
 3.31325621e-05
 2.02697651e-04
-3.29795150e-04
-1.49481207e-04
-1.85652001e-04
 3.14081183e-04
 7.31870104e-05
-7.87609978e-05
 5.71071066e-04
-2.10183519e-05
 9.66310426e-05
 4.60857255e-04
