 5.62563786e-05
 3.08815681e-04
-7.29441126e-05
-5.21098331e-04
-4.76059067e-04
 3.80632989e-05
-5.21306672e-04
-4.18083767e-04
-4.07106044e-05
 1.13316001e-04
 4.61627431e-04
-1.34774199e-04
 7.95117228e-06
-6.03483351e-05
-3.22101988e-04
 2.06186545e-04
 9.64043457e-06
-1.28866150e-04
-1.65534250e-04
-6.02178426e-04
 3.38868367e-04
 4.34633604e-06
-3.76630836e-04
 1.90821981e-04
-9.44623907e-05
-1.43974852e-04
-1.43109175e-04
 4.53583253e-04
 5.91081814e-05
-2.88686304e-04
 2.70598356e-04
-1.24647018e-04
-4.83992628e-04
-4.47824851e-04
-6.15719117e-04
-5.42328361e-05
 2.19666887e-04
-9.87916741e-05
 2.57743450e-05
 1.36121826e-04
-6.24368736e-05
 3.29014626e-04
 2.38619089e-04
-3.80219560e-04
 3.38077049e-04
 3.68719663e-04
 1.34562654e-05
-3.11875064e-05
 8.22268291e-05
 6.28082052e-04
 3.85084201e-04
 2.16618085e-05
 2.45513951e-04
 6.14924518e-04
 3.39418324e-04
-1.09798500e-05
-3.78816065e-04
-4.07963645e-04
 5.84918995e-05
-6.93471226e-04
-8.91555183e-04
-2.16020630e-04
 7.50735609e-04
 3.87528743e-04
-2.16633452e-04
 9.51580984e-05
-3.03079074e-04
-1.08092140e-04
-1.68790335e-04
-4.89074755e-04
-6.12018183e-05
 2.82161931e-04
-2.98435966e-05
-3.63004086e-04
-2.11597841e-04
 5.67186480e-04
 4.70697981e-04
 7.81075857e-05
-1.45962699e-04
-2.20032316e-04
 1.96126878e-04
-7.75774546e-05
 3.34909663e-04
 1.11857300e-04
-5.38662005e-04
-1.12062680e-04
 3.25229932e-04
 2.73047018e-04
-7.02336259e-05
-3.03292849e-04
-8.26897583e-05
 2.89586040e-04
-2.14859070e-05
-1.30553589e-03
 8.79859044e-04
 5.46976362e-04
-1.14014424e-03
 1.44282085e-03
-7.10705481e-04
 1.92202862e-03
-4.35936788e-03
 4.77558929e-03
-6.72186206e-03
 1.23365890e-02
 4.21888983e-02
-4.56803563e-02
-1.02510745e-02
 5.94416602e-02
-2.87435442e-02
-4.48246134e-02
 3.81166907e-02
 4.87996339e-02
-2.91615402e-02
-5.94843687e-02
-5.18365752e-03
 5.11510395e-02
 5.24946060e-02
 4.31722630e-03
-4.40037223e-02
-6.05366558e-02
-5.06249813e-02
-2.54647031e-02
 2.59135950e-03
 2.56820453e-02
 4.01006722e-02
 4.54553122e-02
 4.62401453e-02
 4.60306318e-02
 4.32491543e-02
 3.35637618e-02
 1.43763274e-02
-1.23123441e-02
-3.93187201e-02
-5.86396749e-02
-5.64600690e-02
-2.10854126e-02
 3.34676228e-02
 5.99584981e-02
 2.65835476e-02
-3.84774435e-02
-5.63730262e-02
 1.44301958e-02
 6.05577195e-02
-9.90036551e-03
-5.33775355e-02
 2.37715122e-02
 4.45086578e-02
-5.56602523e-02
 3.59127815e-03
 4.57141350e-02
-5.59446193e-02
 3.50404428e-02
-6.76463951e-04
-2.60064078e-02
 3.68499480e-02
-3.31480919e-02
 2.50403907e-02
 1.48715237e-02
-8.94943864e-03
 4.80803326e-03
-4.52891518e-03
 6.19496823e-03
-5.59368421e-03
 3.92960340e-03
-1.18635789e-03
 2.83181275e-03
-7.42907901e-03
 9.50640365e-03
-1.33159095e-02
 3.53363773e-02
 7.76685973e-02
-9.90891125e-02
-1.88701171e-03
 1.14774039e-01
-7.29861402e-02
-7.79831273e-02
 8.83682048e-02
 8.30408875e-02
-7.56218308e-02
-1.11485537e-01
 1.04872584e-02
 1.11514346e-01
 9.18986281e-02
-1.39963397e-02
-1.03163333e-01
-1.21789876e-01
-8.72328437e-02
-2.93909157e-02
 2.96528424e-02
 7.39922606e-02
 9.83291873e-02
 1.06352079e-01
 1.07309240e-01
 1.07048371e-01
 1.03304368e-01
 8.91665890e-02
 5.60783295e-02
 3.29366889e-03
-5.70784384e-02
-1.07291125e-01
-1.21804369e-01
-6.96565971e-02
 3.93744759e-02
 1.17358859e-01
 7.72948009e-02
-5.31284555e-02
-1.21760831e-01
-4.71750715e-03
 1.21340252e-01
 1.13335642e-02
-1.11503804e-01
 1.84215748e-02
 1.06830967e-01
-9.12814061e-02
-2.82745543e-02
 1.09254678e-01
-1.05251591e-01
 4.42612289e-02
 2.68060179e-02
-7.11892505e-02
 7.71545295e-02
-5.99066654e-02
 3.43015867e-02
 4.51381925e-02
-2.28937345e-02
 1.77231184e-02
-1.42838521e-02
 9.47487624e-03
-5.77914818e-03
 3.56129161e-04
 1.80677822e-03
-3.29456502e-03
 2.35640638e-03
-1.44953525e-03
 2.05981359e-04
 6.99890031e-04
-4.12872981e-04
-1.49868159e-04
 3.88983042e-04
-6.99215974e-05
-3.49195941e-05
 2.62825541e-04
 4.00401253e-04
 1.92924933e-04
 4.17422787e-04
 7.24888561e-05
-1.58328048e-04
-2.24449437e-04
-9.38318602e-05
-2.24238461e-06
-2.03020726e-04
-4.05541239e-05
-9.33938300e-05
 1.68386011e-04
-1.01009956e-04
-3.51373213e-06
-6.83302730e-05
-5.64337370e-06
-6.39142099e-05
-6.89551227e-04
-2.97701989e-04
 4.28132842e-05
 2.88358342e-04
-1.90839411e-04
-5.19071298e-04
 6.57504347e-05
 6.35166332e-04
 1.80845011e-04
-1.98967342e-04
-5.50274112e-04
-5.99661619e-04
 2.88545762e-04
 5.35946611e-05
-2.01894065e-04
-4.39250367e-05
-7.10649685e-06
-4.11929248e-04
-1.19398383e-04
-3.11889881e-04
-6.61382078e-04
 1.71857583e-04
 1.32168082e-04
 1.78428580e-04
 2.29898135e-04
 3.22250390e-05
-3.95602979e-04
 1.56484722e-04
 4.76735443e-04
-1.90905127e-04
 8.94239518e-05
 5.79505912e-06
 2.71788062e-04
-1.21196450e-04
-7.45354011e-04
-5.00636527e-05
 6.44839577e-05
-4.61738107e-04
 1.89480995e-04
 5.42216632e-04
-1.92486273e-04
 1.78015137e-04
 3.48204759e-04
 8.15853512e-04
 2.24094667e-04
-3.47653949e-04
-1.39357005e-04
-6.30850347e-04
 5.73935935e-04
 5.22350740e-04
-5.36775559e-04
 3.47211375e-04
 3.98083076e-04
-6.62710413e-05
 3.38938283e-04
-2.91967959e-04
 1.31897259e-04
 5.79653328e-04
 2.01452416e-04
 3.79432624e-04
-2.40085152e-04
-2.15581660e-04
-1.93809973e-04
-2.92334593e-04
 3.25218709e-04
 5.95485622e-04
 3.89776222e-04
 4.89628750e-05
 3.52742089e-05
 2.76979612e-04
-1.85501134e-04
-5.54945325e-05
-2.56014487e-05
-4.20339398e-04
 1.10724023e-04
-4.00449687e-04
-3.03186072e-05
 5.39169358e-04
-5.50954153e-05
 3.88442732e-04
 4.23002263e-04
-2.07220674e-04
-4.71756220e-04
 1.08091417e-04
 4.03939045e-04
 1.75583428e-04
 2.78882518e-04
