 1.96378042e-05
 1.72111088e-04
-2.06259355e-04
-5.79792221e-06
 1.30011243e-04
-1.12627943e-04
-3.81125390e-04
 7.90428726e-05
 4.02808582e-04
-1.88297251e-04
 5.56365315e-04
 5.84943258e-04
 2.22819640e-04
-2.36855803e-04
 9.00029221e-05
 6.94469645e-05
-4.01215156e-04
 1.95405910e-04
-5.95198220e-04
 2.61128564e-04
-4.95080650e-04
 1.38800613e-04
-5.48753876e-04
-7.82250989e-04
 2.33227129e-03
-2.92505950e-03
-9.29381618e-04
 3.58350375e-03
-2.13307999e-03
-2.67775404e-03
 2.01059435e-03
 3.10657078e-03
-1.53148979e-03
-3.68940202e-03
 3.56836578e-04
 2.93215366e-03
 3.42723258e-03
 5.66845656e-04
-3.24577094e-03
-3.76917577e-03
-3.30482923e-03
-1.45523141e-03
 6.97176575e-04
 2.05792432e-03
 2.05243615e-03
 2.26435040e-03
 2.73499048e-03
 2.45441176e-03
 2.68064649e-03
 1.77977606e-03
 8.96617096e-04
-1.05416719e-03
-2.34657485e-03
-2.49878174e-03
-3.61512313e-03
-1.48566495e-03
 1.86845246e-03
 3.53699730e-03
 1.34777548e-03
-2.54930172e-03
-2.99187305e-03
 6.00784275e-04
 3.63247517e-03
-7.39778926e-04
-3.15259630e-03
 1.68110203e-03
 2.03155256e-03
-2.91740707e-03
 4.65672135e-04
 2.20269097e-03
-2.82141293e-03
 2.48868686e-03
-3.34073230e-04
-1.54479222e-03
 2.77934663e-03
-2.61465928e-03
 1.65954074e-03
 2.61284978e-03
-5.30500435e-04
-8.77185005e-05
-4.06767297e-05
 1.73232533e-04
-5.13351231e-04
 4.16013597e-04
-2.52552213e-04
 9.47834186e-05
-8.35687291e-04
 1.36777666e-03
-2.95656731e-03
-2.05367268e-03
 4.54746392e-03
-5.81442308e-03
 9.53061733e-05
 6.64268179e-03
-4.38844848e-03
-4.59469013e-03
 4.51906907e-03
 5.10664962e-03
-3.95451766e-03
-6.12042291e-03
 5.16855666e-04
 6.34282035e-03
 4.99442473e-03
-9.87358533e-04
-5.74394646e-03
-7.29823419e-03
-5.16036674e-03
-1.45402691e-03
 1.60169524e-03
 3.98752305e-03
 5.44251440e-03
 6.10470802e-03
 6.81516576e-03
 6.23176419e-03
 5.66643634e-03
 5.27025944e-03
 2.88072782e-03
 2.81430379e-04
-3.15776023e-03
-6.05521537e-03
-6.62760989e-03
-4.23804246e-03
 1.95845299e-03
 6.47595220e-03
 4.44107585e-03
-3.39336636e-03
-7.20895560e-03
-2.83745788e-04
 6.51799652e-03
 1.12678692e-03
-6.33672438e-03
 4.86681995e-04
 6.18475355e-03
-4.61495718e-03
-1.21987632e-03
 5.89382951e-03
-5.79885908e-03
 2.91976156e-03
 1.41174239e-03
-4.57814293e-03
 4.46557797e-03
-3.39853871e-03
 3.17509581e-03
 4.35560586e-03
-1.80423911e-03
 9.71641677e-04
-6.54506552e-04
 7.01217301e-04
-2.73613990e-04
-3.92438943e-04
-3.96661923e-05
-1.95760328e-05
 4.94111054e-05
-7.84272735e-04
 1.84760256e-04
 1.38467484e-04
-2.68038129e-04
-1.38700301e-04
 9.65328584e-05
 3.81048247e-04
 1.73398715e-05
 5.36735477e-04
 1.38483967e-04
-2.00984514e-04
 3.95174899e-04
 4.55356548e-04
 3.96298574e-04
-1.48697957e-04
-6.32170597e-04
-8.69298117e-04
 1.65312405e-04
 1.35022037e-04
-5.19024185e-04
-2.72298847e-05
-2.62287191e-05
-2.55136159e-04
-8.75060846e-05
 3.17540464e-04
-1.63135253e-05
-2.15558863e-04
-5.02908817e-04
-5.83843295e-04
 1.53113151e-04
 3.38209128e-04
 7.41733866e-04
-3.34531881e-04
-5.78355627e-04
 2.72488068e-05
-9.27162879e-04
-8.80395919e-05
 8.69908427e-05
 4.14071501e-04
 2.13217405e-04
-5.12189159e-04
 2.15011621e-04
 1.03662536e-04
-1.50061273e-04
-7.58163796e-04
-6.50913160e-04
 1.78716323e-04
 5.65609830e-05
-9.56156834e-05
 1.71420778e-06
 1.09960725e-04
 2.60213834e-05
-5.31336286e-04
-2.61604945e-05
 5.20506802e-04
-3.20035869e-04
-3.02978215e-04
 2.69903495e-05
 2.53976030e-04
 5.95902977e-04
-1.99542315e-04
-3.83994793e-04
 6.02616600e-05
-2.72160492e-04
 2.19830543e-04
 4.81310280e-04
 4.07112539e-05
-7.32090790e-05
-1.80108128e-04
 2.71192536e-04
 4.17042870e-04
 1.09768371e-04
-2.79284604e-04
 1.04022797e-04
 4.07940855e-04
-2.53904570e-04
 1.89273384e-05
 3.25009667e-04
-4.74034943e-04
-6.93480157e-04
-4.93853063e-05
 4.68711358e-04
 1.84166012e-04
-2.84995942e-04
-1.88887761e-04
-2.58469848e-04
 6.71434450e-06
 5.43756323e-05
-2.61664030e-06
 1.09498364e-04
 1.46147066e-05
 1.70301691e-04
 2.13004324e-04
 3.06484572e-04
 2.35746844e-04
 2.30619922e-04
-1.07744972e-04
 3.78239939e-04
 5.08259752e-04
-3.08230764e-05
 4.59564075e-04
 8.13677762e-05
 7.37913068e-04
 4.06708965e-04
-3.76334957e-04
 5.54642700e-04
 2.03730069e-04
 1.07702441e-04
 3.85296360e-04
 8.04300009e-05
-1.04504750e-04
-2.51685415e-04
-6.74718839e-04
-6.02864536e-04
-3.58905880e-04
-1.60206123e-04
 5.07913739e-04
 8.80976805e-05
 3.89191732e-04
-1.49188610e-04
-6.00293712e-04
 4.71418673e-04
-2.32424544e-04
 1.02038172e-05
-1.63523167e-04
-3.70739588e-04
 6.03842138e-04
 2.02165505e-04
-2.90950796e-04
-1.32925927e-05
-2.54395060e-05
-1.72445760e-04
-8.12262492e-06
-4.73333842e-04
-5.77008711e-04
 1.32340552e-04
 3.00231927e-04
 6.87125911e-06
-9.62231178e-05
 5.08910827e-05
 1.37991264e-04
 4.05071305e-04
 2.32910247e-04
-1.24616886e-04
 1.61961814e-04
-5.57226378e-05
-2.06239787e-04
 4.95664166e-05
 1.08668852e-04
-3.41089776e-04
-8.74068069e-05
 2.80364420e-04
-2.75573384e-04
 2.82201771e-04
 5.42800130e-04
-5.59978072e-05
 1.68771949e-05
 2.93031141e-04
-2.21095783e-04
-2.63255112e-04
 2.44446792e-04
 5.90732494e-05
 2.17516137e-04
 1.40028028e-04
-1.55248721e-04
 3.46498856e-04
 2.71821922e-04
-1.78843914e-04
 3.41022825e-04
 5.48228048e-04
 3.33916009e-04
 1.07699232e-04
-2.21250213e-04
-3.99021225e-04
-2.99521764e-04
 1.01092128e-04
 2.03032853e-04
 1.90642436e-04
 8.54592282e-05
-9.94591244e-05
-6.98164653e-05
-1.51909679e-04
-2.94391823e-04
-1.50250617e-04
-2.10129526e-05
 3.04095804e-04
-3.00589445e-04
-5.80998270e-04
-1.94748887e-04
 1.26164295e-04
 2.78905766e-04
-3.71123189e-04
-4.39354990e-05
