 5.21742919e-05
 1.15654103e-04
 7.48405296e-05
 4.46337628e-04
-1.41749765e-04
-6.99264674e-05
 1.69391339e-04
 4.85237488e-04
 4.29683062e-04
-3.35793915e-04
 3.10681802e-05
-2.60652124e-04
 2.57045383e-04
 3.60813546e-04
-1.11314462e-04
 2.25526042e-04
-3.11712141e-05
-1.56225128e-04
-1.51628374e-04
 3.57226235e-05
 2.05711757e-04
 2.96493547e-04
 1.75384041e-04
 2.28542807e-04
 1.62281065e-04
-1.84556318e-04
-7.30223124e-05
-3.39488603e-05
-2.54339058e-04
-2.88198165e-04
-2.95116601e-04
-2.71039422e-04
 2.19063699e-04
-3.71645040e-05
 3.43903449e-04
 5.58036463e-04
-7.09831996e-04
-3.33122946e-04
 1.41535156e-05
 7.28870665e-05
 2.81862181e-04
-4.23538995e-04
-5.52609772e-04
-2.86224588e-04
 5.19116184e-04
 4.27513556e-04
 2.07886452e-04
 3.79664007e-04
-5.09052632e-05
 3.14577610e-04
 4.92392626e-05
-5.84588393e-05
-1.27170002e-04
-5.90439345e-05
 1.95630957e-04
-1.79933772e-04
-1.21222176e-04
-4.33077658e-04
-2.86302326e-05
 2.38445275e-04
 8.39446293e-05
 5.57831588e-04
-3.54256280e-04
-1.78576523e-04
 3.70560327e-04
-2.44472553e-04
 4.24828896e-05
 3.52186815e-04
 4.52652351e-04
-1.76712780e-04
 1.73919289e-04
 2.25460500e-04
-1.59558090e-04
 3.13104603e-04
 1.09564071e-04
 1.62044135e-04
 2.59276352e-04
 4.19741676e-04
 9.17840358e-05
-2.62125314e-04
 7.00537356e-05
-1.07490436e-04
-2.26899426e-04
-5.01990509e-04
-5.90638531e-04
 7.26763332e-05
 2.68091230e-04
-1.41444950e-04
-1.92213786e-04
-1.38290387e-04
-3.18409399e-04
 7.11229033e-05
-1.39823168e-04
-8.27194331e-06
 4.79028073e-04
 2.03046242e-04
-4.67203963e-05
 6.86947997e-05
 2.51473062e-04
-1.62802342e-04
-3.57103482e-04
-4.45414533e-04
 1.36141278e-04
 3.54914677e-04
-3.66799077e-04
-1.44338690e-05
 3.71026651e-04
 5.42280183e-04
-5.77309749e-05
-5.86326855e-04
-1.58216859e-04
 3.93832216e-05
 5.50038469e-04
 1.12506802e-04
 1.03783443e-04
 1.06645110e-04
-2.02636258e-04
 1.45175913e-05
 4.75949238e-05
 1.32947371e-04
-6.00618962e-04
 2.02714833e-04
 7.39541421e-04
-6.32019582e-05
 4.68315639e-06
-1.99977650e-05
 3.35791867e-04
-2.08722731e-04
-3.75654011e-04
 3.20138231e-04
 8.69250486e-05
-6.78251434e-05
-2.26609200e-04
-2.60982678e-04
-6.92647167e-05
 1.46095063e-04
 1.13848420e-04
 2.63331891e-04
 2.66288675e-04
 4.12917183e-05
 5.56382697e-04
 6.22226596e-04
-1.78975887e-04
-2.90072130e-04
-5.36855777e-06
-5.07727413e-04
-5.77877890e-04
 5.90729393e-05
 2.32354033e-04
 1.29487887e-04
 1.03525440e-04
-2.33772546e-04
-6.36385959e-04
-3.64806848e-04
-4.01509174e-04
-3.42430684e-04
-8.38562657e-05
-3.29829638e-05
 5.31261065e-04
 2.58812517e-04
-4.14728215e-04
-4.69151294e-04
-1.92142577e-04
-2.28068841e-05
-3.00474319e-04
-2.12522403e-04
 3.54235409e-04
 8.21174794e-04
-6.72822801e-05
-8.50601189e-04
 1.21784693e-04
 1.01988367e-04
-3.02043785e-04
 1.99088845e-04
-6.09026094e-04
 5.53221606e-04
-2.04560794e-04
-2.05214254e-03
-3.82660503e-05
-8.52636950e-05
-5.25789235e-05
 4.12701292e-04
-2.52624696e-04
-3.96217001e-04
 1.46634500e-04
-3.12615265e-04
 5.16069773e-04
-7.81088624e-04
 6.21843925e-04
 3.66345245e-03
 1.17477902e-05
 9.92523040e-06
 6.46337781e-05
 1.82769645e-04
 2.92461824e-04
-6.03276169e-04
 3.21373658e-04
-5.12973137e-04
-2.21238507e-04
 2.65048311e-04
-1.61425300e-04
 3.39986053e-04
 4.45850282e-04
-1.41249648e-04
-8.39214186e-05
-3.63092974e-05
-2.91305469e-04
-8.39209451e-05
 4.42478659e-04
-7.38414206e-05
-4.23599369e-04
 2.86717089e-04
 6.10713808e-05
-2.67709864e-04
 2.00850710e-04
 4.35556728e-04
 5.05162346e-04
 1.97822764e-04
 4.93368861e-04
 7.18146846e-04
-4.71157330e-05
-2.57261955e-04
 7.74294854e-05
 1.21187225e-04
-5.39121686e-04
-8.53421460e-05
 2.90626876e-06
-9.55944116e-05
 1.01093016e-03
 3.11141042e-04
-1.28913571e-04
-2.97122655e-04
-5.92684535e-04
 5.97488263e-05
-1.00220933e-04
 3.39959911e-04
-4.06525272e-04
-7.50603974e-04
-1.52040841e-05
-1.01307199e-03
 9.37932039e-04
-1.64112562e-03
 4.80103958e-03
 9.24635982e-03
-9.50100700e-04
 3.36980012e-04
 7.65821044e-05
-6.09131067e-04
 3.86356224e-04
-1.38952622e-04
 7.81014535e-04
-2.85623200e-04
 6.99782106e-04
-1.79297814e-04
-3.75078653e-04
 2.06821674e-04
 1.96509279e-04
 4.33786563e-04
-1.72445994e-04
-1.21900321e-04
-6.05153725e-04
 2.70092900e-04
 3.97350478e-04
 4.58890356e-05
-1.32198927e-05
-4.39305317e-04
 5.88163319e-04
 6.29013915e-06
-2.11884731e-05
-4.01443549e-04
-6.27759053e-04
-1.51908142e-04
-7.78103443e-04
-5.53298894e-04
 2.45993437e-05
-2.79105269e-04
-3.88070376e-04
 1.23145993e-04
-4.95034058e-04
-3.90087938e-04
 5.08492581e-05
 1.18699622e-04
-7.07474919e-05
-3.24168123e-05
 4.14580096e-04
 7.18898732e-05
 2.68203554e-04
 7.19343768e-04
 4.39356854e-04
-1.14875321e-04
-1.63813100e-04
 1.08186551e-04
 4.41780734e-04
 1.38458675e-04
 1.83722014e-05
 5.36453913e-04
 6.09100189e-05
-3.82716784e-04
-2.00209024e-04
-6.94462998e-05
-7.07947643e-05
-4.91621140e-04
-2.52893619e-04
-3.17442317e-04
 4.02896313e-04
 9.89221850e-04
-1.63452534e-04
 5.88692104e-04
 1.76249799e-04
-8.44597344e-04
 8.44020498e-05
 3.91803024e-04
-2.87295375e-05
-7.05469476e-04
-3.93512887e-04
 2.40396489e-04
-1.52275599e-05
-3.44216888e-04
-4.02335445e-04
 2.15009841e-04
 4.12226563e-04
 8.79631107e-05
 9.87991507e-05
-3.44415795e-05
 1.97479399e-05
-6.56118219e-05
 3.75815645e-04
 2.77507678e-04
-1.84579715e-04
 1.02972745e-04
 2.12028704e-04
 2.14311273e-04
-6.29975717e-05
 1.28618529e-04
 1.36056362e-04
 9.41739777e-05
 1.89520973e-04
-2.98425500e-05
 4.15099348e-04
 4.75161182e-04
-3.33351773e-04
-5.29891893e-04
-3.83530945e-04
-1.30720039e-06
 4.53171927e-04
 1.52521467e-04
