 1.56052099e-04
-1.36728670e-04
-1.23747326e-04
 5.06067478e-04
-4.78356965e-04
 2.53194945e-04
 6.19864284e-04
 9.88167947e-05
-7.57828773e-05
-4.81519382e-04
-2.59203023e-04
-5.42592578e-04
-2.54144136e-04
 3.21953113e-04
-9.20527053e-05
 3.30448373e-04
 6.60871792e-04
 6.18243854e-05
-1.37994269e-04
-1.71256241e-04
 2.53388635e-04
-2.74130012e-05
-3.94233565e-04
 2.95759829e-04
 4.40581234e-04
 2.69172045e-04
 4.47535974e-05
 4.23286506e-06
 5.40164133e-04
 3.25374668e-04
-2.10696376e-04
 8.17063586e-05
-1.34093835e-04
-2.39109108e-04
 1.90675142e-04
-2.94764622e-04
-1.19711527e-04
 1.27954259e-04
 3.03442582e-04
-2.36194832e-05
 1.22858326e-04
-7.06696645e-04
 9.99118048e-04
 4.72077764e-03
-1.16898148e-03
-1.81471301e-03
 3.13127129e-03
-1.36652895e-03
-3.05175457e-03
 2.25971628e-03
 2.59744231e-03
-2.35069172e-03
-3.47549505e-03
 7.20210424e-04
 3.54855785e-03
 1.76819537e-03
-1.62644668e-03
-3.57164974e-03
-1.96561267e-03
 6.35019361e-04
 2.04776759e-03
 3.36475587e-03
 3.45101365e-03
 3.08764477e-03
 2.97308675e-03
 2.40393828e-03
 2.27131377e-03
 2.25180871e-03
 2.32883775e-03
 3.04405003e-03
 3.85088078e-03
 3.43213585e-03
 2.53894397e-03
 7.01871569e-04
-1.70334044e-03
-3.53480541e-03
-3.27545637e-03
-8.88209784e-05
 2.49787485e-03
 2.53238283e-03
-1.01872661e-03
-3.14681456e-03
 6.97732138e-04
 3.24439017e-03
-9.00301912e-04
-3.29055235e-03
 2.60042492e-03
 1.51951429e-03
-3.67104984e-03
 2.59619052e-03
-2.12403275e-04
-2.34690511e-03
 2.60531042e-03
-2.00921856e-03
 6.68677348e-04
 9.97655926e-04
-2.51712485e-03
-1.32352381e-03
-7.67432157e-04
 7.88161821e-04
-3.25222837e-04
-4.55226423e-04
 6.94703430e-04
-3.92425147e-04
-6.36216093e-05
-4.51900378e-04
 2.57446040e-04
-1.37333010e-04
 7.22890330e-04
 6.52425667e-03
-2.83296088e-03
-2.64775035e-03
 7.34501586e-03
-2.61029448e-03
-4.67529483e-03
 4.69901253e-03
 4.16212134e-03
-4.83717932e-03
-5.49069680e-03
 3.17696435e-03
 6.58210772e-03
 2.44399449e-03
-4.51451422e-03
-6.97709809e-03
-4.20798633e-03
 8.75159619e-04
 4.68019290e-03
 6.05220376e-03
 6.81693951e-03
 5.86336303e-03
 4.37689747e-03
 3.32678254e-03
 3.42832508e-03
 3.88518074e-03
 4.32071364e-03
 5.33574227e-03
 6.25087447e-03
 7.27518328e-03
 6.59748432e-03
 3.41853118e-03
-1.45210931e-03
-5.84063759e-03
-6.74908159e-03
-2.01198684e-03
 4.68973469e-03
 5.80420413e-03
-5.53799885e-04
-6.82903544e-03
-8.95163299e-04
 6.22449717e-03
-7.34407637e-04
-6.18349650e-03
 2.79159209e-03
 4.54932638e-03
-6.43032219e-03
 3.35924015e-03
 2.89333710e-03
-5.54085219e-03
 5.48329169e-03
-2.14392770e-03
 5.88523510e-04
 1.82183865e-03
-3.66693732e-03
 2.68539211e-03
-7.49799012e-04
 4.95885242e-04
 6.93801669e-04
-1.26170432e-04
 3.13363983e-04
-4.78123949e-04
-1.57248023e-04
-1.20377482e-04
-1.00994376e-04
-7.19904121e-06
-1.50153756e-04
-1.03646974e-04
 4.78996533e-04
 2.33091779e-04
 8.10307284e-04
 4.13952872e-04
 2.68822975e-05
-2.95595015e-05
-2.31325775e-04
-3.51283364e-04
-4.32719720e-04
 2.10348196e-04
-1.62107560e-04
-2.93300039e-04
 5.70468205e-04
 2.21542906e-04
 3.44036965e-04
 5.65290234e-04
-4.64142071e-05
-5.71778588e-05
-2.61205411e-04
-2.21951648e-06
 9.27829427e-05
 1.71142899e-04
 7.62777296e-04
 1.87190698e-04
 3.70638213e-05
 6.34968252e-04
-1.42459454e-04
-1.12607324e-04
 6.21875781e-04
-3.85868814e-04
 2.42113473e-04
 4.34370333e-04
-3.40724199e-04
 2.41063442e-04
 1.70082550e-04
 1.20615539e-04
-7.97184724e-05
-9.56872845e-05
-3.11827380e-04
-2.63484309e-04
-5.79193787e-05
-3.15300878e-04
 2.26877373e-04
 1.80947901e-04
-1.54490649e-04
-1.34211196e-04
-4.34503076e-04
-2.57122367e-05
 7.51959545e-04
 6.10787103e-04
 4.62692196e-04
 3.60371452e-04
 3.64002749e-04
 2.21056712e-04
-1.34281381e-04
 5.79916683e-06
-1.12728553e-04
 9.96830983e-05
 9.89183144e-05
-9.38670056e-05
 5.84518705e-05
-3.70279355e-05
 2.29541592e-04
 4.47452835e-04
-1.08202396e-04
-2.18971024e-04
 1.18669700e-04
 3.29637394e-04
 4.99835618e-04
-1.28395166e-04
-7.97897881e-04
-3.11188308e-04
 1.03874851e-04
-2.08236228e-04
 2.95959110e-05
 8.13703444e-06
-7.30603709e-05
 2.70391836e-04
-1.29487335e-04
-5.42798043e-04
-3.68134110e-04
-3.10811303e-05
 4.33557965e-04
-6.06317421e-05
-3.80886621e-04
 1.37486397e-04
-6.26954173e-04
-4.06061462e-04
 6.25310877e-04
 3.56269431e-04
-9.58942631e-05
-4.72782317e-04
-2.23087713e-04
 6.75960416e-04
 2.99534782e-04
 2.73229220e-04
 2.67996216e-04
-3.13761500e-04
 1.10789953e-04
-1.55768317e-04
 1.37212533e-04
 2.93182409e-04
 3.22206664e-04
 1.74941560e-04
-4.59513375e-04
-1.38573170e-04
-2.60760011e-04
-1.27403736e-04
-2.37282915e-04
 4.12070859e-05
 3.49008683e-04
-2.73384355e-04
-1.24333546e-05
 1.12545841e-04
-1.86788596e-04
 2.94940465e-05
-1.25509928e-04
-6.52178651e-05
 3.78360951e-04
 3.44577519e-06
 4.59006372e-04
 1.03960218e-04
-3.51724102e-04
 2.24558075e-04
-5.13557114e-04
 2.41479600e-04
 4.71608063e-04
 2.31700330e-04
 6.69662020e-04
-6.79101561e-05
-5.28776789e-05
-3.04287674e-04
 4.07513925e-04
 6.76140817e-04
-3.58690101e-04
-1.98714993e-04
-3.68894552e-05
 2.51163367e-04
 6.04257163e-04
 1.80650927e-04
-3.70540485e-04
-8.66459912e-05
 1.18844847e-04
 1.66593191e-04
 1.49962847e-05
-6.99295633e-04
-4.08227227e-04
-1.57450616e-04
-2.77871686e-04
-2.35389396e-05
 5.52754335e-05
-2.00989110e-04
-6.65513139e-04
 2.06191283e-04
 6.94107672e-04
 3.62528736e-04
-2.10292242e-04
-2.81043937e-04
-2.91709327e-04
-4.27144320e-04
 6.56768517e-04
 2.31012319e-04
-8.57800124e-05
-5.20978736e-04
-2.72853504e-04
 3.32068814e-04
-5.88234363e-04
 1.79957731e-04
-5.25507682e-05
-5.77771527e-05
