 9.82741882e-06
 1.52873447e-04
-4.05225086e-04
-5.26147121e-04
 2.61456391e-04
 1.80562829e-04
 3.00993904e-04
 5.95040209e-04
 3.51490711e-04
-2.02970120e-05
-1.06938962e-04
 2.85391277e-04
 2.13309198e-04
-1.00568828e-04
-7.44865645e-04
-2.24787384e-04
 7.48921165e-04
 6.34991163e-04
 3.07202048e-04
-4.02487093e-04
 2.26711702e-04
 3.96263490e-04
-7.28090119e-05
-5.19595614e-05
 7.23550453e-05
 1.83836975e-04
-2.26605943e-04
-1.57974448e-04
-1.78509216e-04
-3.89925723e-04
-2.38322487e-04
 5.31808807e-04
 3.48035626e-04
-8.11682035e-05
 4.15499433e-04
 2.62136743e-04
 1.28609389e-04
 5.01632759e-04
 5.46823330e-05
-4.16641652e-05
-6.06530843e-05
 1.27802403e-04
 5.85353755e-04
-5.51390716e-05
-5.18730659e-05
 4.29765584e-04
-1.38229597e-04
-2.68809159e-04
 2.17760108e-04
-1.98144433e-04
 6.51644716e-05
 5.99155402e-04
 3.40370501e-04
 1.76285013e-04
 1.49923923e-04
 3.44430851e-04
 2.38817069e-04
-3.22051536e-04
-2.59482061e-04
-1.41238717e-04
-1.77412525e-04
 6.24179480e-04
 3.13119096e-04
-3.15442376e-04
 1.04024481e-04
-8.12857423e-05
 2.03093207e-04
 3.34105256e-04
-5.41962090e-04
-1.01566530e-04
 2.59069162e-04
-6.09255252e-04
-2.54787968e-04
-3.86948362e-06
-1.26033118e-04
 1.55419969e-04
-1.42503437e-04
-3.14347660e-04
-3.82793794e-04
-5.69478259e-04
-4.28297049e-04
-1.69291083e-05
 6.08024949e-05
-2.50360098e-05
 1.87700490e-04
-3.17890531e-04
-1.81300359e-04
 2.45229778e-04
-2.26040048e-04
 4.88605675e-04
 1.89127866e-04
-5.56496390e-04
-9.32451132e-05
 1.52727011e-04
 5.63133098e-04
 2.20463702e-05
-4.44670964e-04
-3.52165421e-05
 1.35372552e-04
-3.00703963e-04
-4.60009320e-04
-1.25265847e-04
-1.55098394e-05
-1.67680836e-04
-7.73599956e-05
 3.91670893e-04
-2.25985322e-04
-2.23618287e-05
 2.96486214e-04
-4.02333433e-04
-3.95239087e-04
 3.44686631e-04
-5.81512603e-04
-1.73816673e-04
 1.24481368e-03
-2.17212939e-03
 1.44822720e-03
-4.88318509e-04
 1.05328101e-03
-1.93381575e-03
 1.18794697e-03
 9.28728750e-04
-8.43217794e-04
 4.26695562e-02
-2.23214203e-02
-3.23682951e-02
 6.01445002e-02
-1.41134169e-02
-5.17576698e-02
 3.53365979e-02
 4.39347169e-02
-3.62148959e-02
-5.48676238e-02
 1.59928371e-02
 5.87544556e-02
 2.91901635e-02
-3.10684321e-02
-6.32965672e-02
-4.48191720e-02
-4.29355179e-03
 3.20627633e-02
 5.55207252e-02
 6.23773951e-02
 5.83863298e-02
 4.91791624e-02
 4.14230587e-02
 3.89562739e-02
 4.01308695e-02
 4.51661817e-02
 5.37527432e-02
 6.16639887e-02
 6.03911410e-02
 4.50784473e-02
 1.44876462e-02
-2.68278354e-02
-5.96043719e-02
-5.29769218e-02
 7.16001009e-04
 5.27975683e-02
 4.46372443e-02
-2.46034180e-02
-6.14599794e-02
 9.02195094e-03
 5.74019960e-02
-1.50186697e-02
-5.09524681e-02
 3.89137124e-02
 2.72645510e-02
-6.24205771e-02
 3.99606980e-02
 5.45691665e-03
-3.96022338e-02
 4.85203327e-02
-3.49177238e-02
 1.13878625e-02
 8.81908390e-03
-2.47981582e-02
 2.43085659e-02
-1.08955462e-02
 5.74274356e-03
 6.90096292e-04
-4.35499678e-03
 5.99958871e-03
-4.46659136e-03
 4.95129629e-03
-6.68090342e-03
 4.02761198e-03
 1.74875234e-03
-2.04042671e-03
 7.83482815e-02
-5.60414944e-02
-5.22288953e-02
 1.22289201e-01
-4.50855564e-02
-9.36522541e-02
 8.51394722e-02
 7.46996759e-02
-8.71648398e-02
-9.80225686e-02
 5.02846790e-02
 1.17676701e-01
 3.98923625e-02
-8.06889746e-02
-1.25384236e-01
-7.19611958e-02
 1.45353924e-02
 8.28460764e-02
 1.17446936e-01
 1.20963749e-01
 1.03457387e-01
 7.94832629e-02
 6.34503641e-02
 5.59864791e-02
 5.79963933e-02
 6.96077272e-02
 9.00611384e-02
 1.13969851e-01
 1.23098316e-01
 1.05305400e-01
 5.56405114e-02
-2.50412452e-02
-1.05488702e-01
-1.18463727e-01
-2.92324642e-02
 8.88529342e-02
 1.06418795e-01
-1.95132030e-02
-1.24649009e-01
-1.39964820e-02
 1.15400694e-01
 6.34090573e-04
-1.10853059e-01
 4.97478688e-02
 8.42795794e-02
-1.21443652e-01
 4.95252505e-02
 4.34950564e-02
-9.55978584e-02
 9.35384727e-02
-5.13110270e-02
-8.64600376e-05
 3.62792546e-02
-6.06881312e-02
 4.01644046e-02
-1.30355020e-02
 5.00088022e-03
 1.04435057e-03
-4.86696193e-03
 7.90067377e-03
-6.29520623e-03
 4.66524526e-03
-2.91905071e-03
 7.21453789e-04
 7.28745825e-04
-5.25885694e-04
 4.75261411e-04
-1.68215555e-04
-2.25758109e-04
 4.34620608e-05
-2.87738991e-04
 3.69858857e-04
-1.44909637e-05
-2.28335454e-04
 8.25330604e-05
-7.87778911e-05
-1.38704601e-04
-4.44651446e-04
-3.24291850e-04
 6.09601387e-05
-1.52430950e-04
-4.74456917e-04
-3.15969871e-04
 2.73887013e-04
-6.67900879e-05
-1.95087560e-04
 1.45394150e-04
 3.47452772e-04
 2.77572866e-04
-1.42733285e-04
 4.34878279e-05
-1.40146586e-04
-8.27302390e-05
 2.86021020e-04
 3.37499180e-04
 4.89710259e-04
 2.16162364e-04
-2.95009978e-04
 6.53767558e-05
 9.48107502e-05
-2.61318941e-04
-4.51066686e-05
-2.90539842e-04
-3.24823007e-04
-4.09086222e-04
-4.79080652e-04
-1.93560053e-04
-3.74484113e-04
 1.16405976e-04
 4.07635202e-04
 3.37065566e-04
-5.10502972e-06
-2.21438455e-04
-7.15577296e-05
-2.11902006e-04
 2.91733746e-04
 2.06468110e-04
 1.00565166e-04
 2.17430901e-04
-1.59363828e-04
 2.07359768e-04
 5.12157069e-04
-8.01890653e-05
-1.18808590e-04
-1.29111933e-04
 4.52692342e-04
 2.99490728e-04
-9.04216808e-04
 4.87103254e-05
 3.00417135e-04
 7.38113917e-05
 5.58826055e-05
-1.27232072e-04
 3.38292625e-04
 1.08051770e-04
-6.39954962e-06
 1.59287220e-04
 5.00320632e-05
 1.15684242e-04
 1.99012982e-04
 4.22487555e-05
-2.29438719e-04
 3.79056970e-06
-1.71467822e-04
-3.09434674e-04
 7.84959489e-05
 4.80980310e-06
 4.70039528e-04
 5.96241635e-05
-2.25173514e-04
-2.72167767e-04
-5.56425846e-04
 1.90871654e-04
-1.08720876e-04
-1.66719147e-04
 2.09492237e-05
 1.88110582e-05
