-9.30398531e-05
 2.35199020e-04
 3.47299068e-04
-3.68185330e-04
 2.74183123e-04
-1.72490175e-04
-1.72656864e-05
 3.90213244e-04
-9.82315219e-05
 2.42130398e-04
 2.62271218e-05
-1.13470020e-04
-7.16280475e-04
 3.14793393e-04
 5.86686588e-04
-1.96362251e-04
 2.38020017e-04
-3.47647717e-04
 7.04347567e-05
 3.48951115e-04
-1.71450687e-04
-3.56411093e-04
-3.59712360e-04
 1.67143284e-04
 2.65079537e-04
-1.90364824e-04
 6.12964998e-04
 7.71949337e-04
-2.41284832e-04
 2.79383144e-04
-1.49652036e-04
-3.00802472e-04
 3.82921024e-04
-2.32391796e-04
 1.74374648e-04
 6.14907371e-04
 1.35837364e-04
 3.82670090e-04
 2.74626300e-04
-2.18303189e-04
 4.50792676e-05
-3.74507102e-04
-4.41840082e-04
 3.57815351e-04
 1.56912931e-04
 6.53026554e-05
 7.79129420e-05
 4.69840263e-04
 4.42095131e-04
-2.12582560e-06
 2.27005512e-04
 1.10232352e-05
-2.50440638e-04
-2.04520661e-04
 1.64763538e-04
 2.23525668e-05
-4.40392547e-05
 2.93545592e-04
 2.62702159e-04
 1.40273364e-04
-8.76838455e-06
 6.22774606e-05
 5.21138785e-05
 2.93954477e-05
 3.44308812e-04
 2.64251716e-04
-3.99733775e-04
-1.29964563e-04
 4.48649711e-05
-1.01753328e-04
 1.65315521e-04
-5.57103214e-04
-5.48287412e-04
 1.96818477e-04
 4.68036902e-04
-1.44508503e-04
 5.55894491e-05
 5.63247492e-04
-4.30624885e-04
-6.10617570e-05
 2.10262364e-04
-3.73451577e-05
 3.57149959e-06
-4.37842900e-04
-2.50962261e-04
 3.32322816e-04
 4.12042055e-04
 2.14105724e-04
-3.49070397e-05
 3.65735941e-04
 2.70499325e-04
-4.07423110e-04
 8.82970307e-06
-4.46847898e-04
-4.29776504e-04
 1.30043205e-04
-7.63341311e-06
-2.46943459e-04
-2.01666607e-04
 6.04774545e-05
-4.39564926e-05
-5.62202814e-04
-9.21529999e-05
 4.00762680e-04
-4.89287743e-04
 4.35800608e-04
 6.19925866e-04
-4.67538890e-04
-2.33369193e-04
 4.76867811e-04
 2.89373348e-05
-2.93634974e-04
 4.02715079e-04
 2.40207746e-04
-2.17881105e-04
 3.13180330e-04
 5.67698736e-04
 1.26251994e-04
 3.90545607e-04
-2.21921216e-04
 1.85682371e-04
 7.36140332e-04
-3.72638156e-05
 2.58159993e-04
-2.70872465e-05
 6.20946152e-05
 4.33193069e-04
 4.10888974e-04
 4.40688907e-04
 1.41776326e-06
 4.85259122e-05
-2.36074251e-04
-3.09172100e-06
 6.46604058e-04
-3.03908506e-04
-2.16768844e-04
 7.49581137e-04
-1.19768624e-04
-3.37688807e-04
-2.73217230e-04
-2.73966547e-05
 3.78145444e-04
-8.50288196e-05
 8.95639973e-05
 2.29243968e-04
-4.27744427e-05
-4.30255592e-04
-8.60579551e-06
 6.04359394e-04
 1.74671317e-04
-2.34563282e-04
 8.17373276e-04
-1.96871895e-03
-3.27517036e-03
-8.34047145e-05
 1.92703343e-04
-1.29668535e-04
-4.81448451e-04
-1.13606703e-04
-2.69890578e-04
-2.46193851e-04
 1.01669259e-04
-1.97385976e-04
 2.27767171e-04
 2.35383988e-05
 2.34921208e-04
 6.56394803e-04
 6.17782813e-04
 3.45651354e-04
 6.10593407e-05
 3.77752515e-04
-9.93100260e-05
-4.60372827e-04
 4.69217600e-04
 5.66192709e-05
-3.12635264e-04
 7.35759435e-05
-4.56151445e-04
-1.45156881e-04
 1.95242941e-04
-1.73687686e-04
 1.62078856e-04
-2.61774938e-05
-2.08233600e-04
-2.05955501e-04
-3.33012406e-04
 6.37644228e-04
 5.06001794e-04
-2.98166229e-04
-1.06451255e-04
-1.42945822e-05
 4.56118790e-06
-5.88463865e-05
 1.47304912e-04
-2.40836416e-04
-4.85566265e-04
 1.73029691e-04
-1.39178026e-05
 4.52756031e-04
-2.60042383e-05
-4.30079154e-04
 2.47895181e-04
 6.33378971e-04
 1.46169177e-04
-7.58201930e-04
 1.54841852e-03
-2.38337430e-03
-3.74412677e-03
 7.43403999e-04
-2.78194016e-04
-5.29057049e-04
-3.77041682e-04
-2.33372470e-04
-2.78119325e-04
 3.26735933e-04
 9.49488070e-05
 3.26557562e-04
-1.15970308e-03
 3.35731096e-03
 6.64168388e-03
-1.41783257e-05
 2.45618913e-04
 5.34789715e-04
-2.21537918e-05
 9.07659521e-05
 2.25551651e-04
 2.12489692e-04
-1.08844164e-03
 1.21741192e-04
 2.97854765e-04
 1.90759846e-04
 7.44567343e-05
 1.91847657e-05
 2.03692838e-04
 6.82713882e-05
 4.19066348e-04
-3.41336553e-04
 8.60257722e-05
 2.51828366e-04
-6.05833306e-04
 2.50799805e-04
-3.18965998e-04
-4.65373937e-04
 3.78812341e-04
-1.06609040e-04
-5.75816293e-05
 1.49850315e-04
 2.11017177e-05
 1.86222317e-04
 5.32736648e-04
 5.53601742e-04
 1.96516568e-05
-4.10747029e-04
 3.35445926e-05
 2.19131609e-04
-9.32389924e-05
-1.79051167e-04
-3.85795552e-04
-2.90876404e-04
-1.05930746e-05
 1.35582428e-05
-4.52506229e-05
 4.20927507e-04
 6.57403804e-04
-5.02029935e-04
-2.44180430e-04
 4.73799576e-04
 7.63595866e-04
-1.50015887e-04
-8.49810286e-04
 4.97219369e-04
-1.88176234e-03
 4.10183416e-03
 5.28872484e-03
-1.05679613e-03
 6.41198401e-04
-8.18641734e-04
 4.49030046e-04
 4.56518551e-04
-5.72370375e-04
 1.56650333e-04
-8.73630053e-06
 6.30341167e-04
-5.67217059e-04
 7.92730404e-05
 2.41635143e-04
 2.47569617e-04
-8.43458651e-05
-5.82243843e-04
 1.40633805e-04
-3.94545412e-05
-2.18398309e-05
-1.83672650e-04
 2.18214163e-04
-1.41715692e-04
-1.77407356e-04
 1.48031321e-04
 2.46567303e-05
 7.23729798e-05
-3.62594559e-04
-3.68232733e-04
-1.48659244e-04
-1.94819862e-04
-2.60970495e-04
-5.70519945e-05
-1.13971280e-04
 6.74085869e-05
 1.13043381e-04
-4.95681454e-05
 4.94794405e-04
 4.17789833e-04
-3.31974022e-04
-5.80264337e-04
-2.89013702e-04
 3.69589878e-04
 2.23585694e-05
 1.65127880e-04
-1.27769005e-04
-4.93385134e-04
-2.81320545e-04
-7.70516043e-04
 3.76409902e-04
 6.06491019e-04
-1.42340055e-04
 3.67969566e-04
 8.35973033e-04
 6.73868708e-04
 2.98941036e-05
-2.40060409e-04
-2.17942119e-04
 1.42383057e-04
 4.59565223e-05
-6.43771918e-06
-7.65095434e-06
-1.45788656e-04
-3.66222330e-04
-5.56022916e-04
-1.22425738e-04
-4.90918073e-04
-3.21635506e-04
 1.86520908e-04
 1.24215298e-04
 1.51593568e-04
 8.44737689e-04
 2.62994641e-04
-4.26761185e-04
