 8.36253145e-05
 2.99897068e-04
-1.79885347e-04
 7.58847691e-05
 1.40556088e-04
-4.00935633e-04
-1.86606795e-04
-3.32640676e-05
 4.34991285e-04
 1.50218430e-04
-1.80386828e-04
 1.15623350e-04
 1.12128161e-04
 1.25251620e-04
-3.07751673e-04
-4.69513693e-05
-1.50143686e-04
-4.92947470e-04
-1.63266264e-04
 2.21738661e-04
 3.51210095e-04
-4.11054702e-04
-1.62727052e-04
 2.04785349e-04
-1.28235598e-04
 3.05915888e-04
 1.98669274e-04
-6.66329807e-04
-5.53137599e-04
 3.13469609e-04
 3.86893879e-04
 3.78506625e-04
 9.10689932e-05
 2.47632186e-04
 2.74937534e-04
-3.99679495e-06
 3.81314217e-04
 1.70890407e-04
-1.02435454e-04
-4.91480688e-04
-2.84043588e-04
-4.20094846e-04
-7.28986657e-05
 2.20699490e-04
-1.18846581e-04
 1.14130701e-04
-2.47591632e-05
 4.13404123e-04
 3.82692772e-04
 3.56221869e-04
-5.82024900e-05
-3.67084724e-04
 1.47406941e-04
-6.47577185e-04
-1.20561745e-03
-2.10808203e-04
 1.16392343e-04
-6.24416033e-04
-3.56733212e-04
 5.73434848e-05
 8.00878903e-05
-2.00685371e-05
 2.14986009e-04
-4.05977415e-05
-3.05282242e-04
 3.72331123e-05
 1.78469013e-04
 4.08385399e-04
 9.00916363e-05
 4.24666715e-05
-7.18367536e-05
-4.39993151e-04
-1.92972655e-04
-7.27819885e-05
 2.31464656e-04
 1.60553048e-04
-7.59596225e-04
 4.79114722e-05
 4.83430693e-04
-2.16444100e-04
-6.76904894e-05
-1.76804006e-04
 1.78963020e-05
-1.37294006e-04
-8.56890484e-04
-3.01931574e-04
 1.96784201e-04
-3.86323367e-05
-5.59495738e-05
-7.61373036e-05
-2.47680121e-04
-1.80813151e-04
-2.12368684e-04
-4.20920517e-04
-4.02798856e-04
 1.82308843e-04
-1.08759877e-05
-8.14285268e-04
 2.95926259e-04
 3.48769273e-04
-6.33518508e-05
 2.20516118e-04
-1.92693817e-04
-1.54499206e-04
 5.20954289e-04
 8.00756388e-04
 2.33731889e-05
 2.84276450e-04
 2.25683875e-04
-5.73294184e-04
-1.17577754e-04
-5.39996148e-05
-4.44022165e-04
-4.07559292e-04
 2.16907257e-04
 5.31161450e-04
-6.78067517e-05
-4.16625497e-04
-8.92723795e-05
 5.67313165e-05
-1.51998658e-04
-3.50006047e-04
-5.90142884e-04
-9.54407603e-05
 2.15879763e-04
 2.14185215e-04
-1.01586608e-04
-1.82344146e-04
 3.52175625e-04
 4.70519496e-04
 3.83646669e-05
-1.27293468e-04
 1.59870056e-04
-9.55658332e-05
-2.56820245e-04
-4.03061074e-04
-6.05605160e-04
-3.61055965e-04
 1.13205728e-04
-1.53068875e-04
-9.00106474e-06
 1.17224387e-04
-3.01317083e-04
 6.32928451e-04
 4.30388713e-05
-4.65806830e-04
 1.67435748e-04
 1.26794052e-05
 2.58266052e-04
-2.94155671e-04
-4.01383214e-05
-1.44703574e-04
-1.96957856e-04
 6.08979519e-04
-1.22559887e-04
-5.85264672e-06
 4.28088159e-04
 4.05381869e-05
 4.80531460e-05
 9.37526763e-05
-1.10426850e-04
 3.47164823e-05
 2.94505342e-04
-1.26027805e-04
 2.19641158e-05
 5.21556225e-04
-3.03424532e-04
 2.01181123e-04
-2.27953774e-05
-3.47804855e-04
 7.03296461e-04
 7.69955773e-05
 3.93009785e-04
 3.26937850e-04
 3.55107073e-04
 2.57444647e-04
 1.60720589e-04
 2.79209271e-04
-2.15336250e-04
 1.09480281e-04
 5.09836771e-05
 4.61249316e-04
-9.80916537e-05
 1.81137810e-04
-9.25216162e-05
-5.74050751e-04
-8.68023126e-05
-1.82442782e-05
 1.02169467e-04
-8.35153320e-04
 1.88976116e-04
 1.81118829e-04
-2.91851381e-04
-1.07601554e-03
 1.24147749e-03
 5.96738680e-04
-1.87722236e-03
 1.04109679e-03
-8.10968913e-04
 2.19599227e-03
-4.10524488e-03
 4.96398118e-03
-7.16762465e-03
 1.17999685e-02
 4.22703807e-02
-4.54941552e-02
-1.04141481e-02
 5.97960662e-02
-2.83628222e-02
-4.55518983e-02
 3.71204166e-02
 4.79813339e-02
-2.88522491e-02
-5.87377579e-02
-4.80457928e-03
 5.17798696e-02
 5.23718032e-02
 4.38768304e-03
-4.39909033e-02
-6.07144193e-02
-4.98705553e-02
-2.54440789e-02
 3.08494674e-03
 2.61043296e-02
 3.99603428e-02
 4.51442240e-02
 4.58663868e-02
 4.63156942e-02
 4.30261577e-02
 3.33681946e-02
 1.41911219e-02
-1.25732242e-02
-3.94077729e-02
-5.84638083e-02
-5.61638573e-02
-2.11216130e-02
 3.30819044e-02
 5.98523430e-02
 2.67663816e-02
-3.88274311e-02
-5.63458869e-02
 1.38965033e-02
 5.97732258e-02
-9.70830693e-03
-5.32785663e-02
 2.38654448e-02
 4.42073717e-02
-5.52189729e-02
 3.94712599e-03
 4.49245970e-02
-5.60970021e-02
 3.49242260e-02
-1.19432034e-03
-2.58491711e-02
 3.69802556e-02
-3.40333545e-02
 2.49815625e-02
 1.55312224e-02
-8.56104766e-03
 5.48514979e-03
-4.63318947e-03
 5.59251977e-03
-6.03739468e-03
 3.64814344e-03
-9.34165433e-04
 2.57876488e-03
-7.54973162e-03
 9.44877244e-03
-1.26579139e-02
 3.59733927e-02
 7.72893443e-02
-9.87118425e-02
-1.89265222e-03
 1.14387273e-01
-7.27714588e-02
-7.75197728e-02
 8.86744164e-02
 8.35729976e-02
-7.49191748e-02
-1.10912563e-01
 1.06582143e-02
 1.11020309e-01
 9.15127443e-02
-1.36187537e-02
-1.02583984e-01
-1.21214840e-01
-8.61193897e-02
-2.94031695e-02
 2.90549526e-02
 7.41492939e-02
 9.77768214e-02
 1.05460495e-01
 1.06669665e-01
 1.06550234e-01
 1.03106860e-01
 8.91919168e-02
 5.60507428e-02
 3.14113712e-03
-5.70984193e-02
-1.07232757e-01
-1.21738167e-01
-6.93337879e-02
 3.92064343e-02
 1.16252242e-01
 7.70189791e-02
-5.19176609e-02
-1.20205329e-01
-4.13867977e-03
 1.20749717e-01
 1.13768841e-02
-1.10942369e-01
 1.79321580e-02
 1.06813691e-01
-9.06414423e-02
-2.83861842e-02
 1.09389389e-01
-1.04489085e-01
 4.38557252e-02
 2.61022855e-02
-7.10638983e-02
 7.69166650e-02
-5.97472956e-02
 3.45254450e-02
 4.54080101e-02
-2.25870328e-02
 1.75877771e-02
-1.43497303e-02
 9.47947061e-03
-4.87308777e-03
 1.03508976e-03
 1.54501797e-03
-2.98870431e-03
 2.22147645e-03
-1.44691722e-03
 2.48442164e-04
 3.84445118e-04
-1.78001459e-04
-2.33051508e-04
 1.51096834e-04
-1.52502172e-04
 3.64790320e-04
 2.12732395e-04
 2.49404795e-04
-4.89380361e-05
-4.51551795e-04
 1.07393795e-04
