 5.98994959e-05
-2.33675941e-04
-4.15137655e-06
 5.98400460e-04
-2.97943888e-04
-3.51518734e-04
-9.00877223e-05
-3.42055707e-04
 3.26468964e-04
-1.61895569e-04
-6.01128674e-04
 2.87532917e-04
 5.81050283e-04
 5.09664785e-05
-2.10382585e-04
 1.48444971e-04
-5.54918198e-04
-5.48519581e-04
-3.36240726e-04
-9.34513518e-04
-5.32373320e-04
-1.27862461e-04
 2.72789995e-05
 1.90699879e-04
-3.44897463e-04
-4.60144751e-04
 5.26081878e-04
-5.54201445e-05
-6.38599397e-04
-8.37402297e-05
-1.86720981e-04
-4.00793803e-05
 1.56469908e-05
 4.61687048e-06
 7.13181550e-05
-1.33337731e-04
-2.44857334e-05
 8.25292661e-05
 5.11042236e-04
 5.49486309e-04
-4.20363487e-05
 4.03694604e-06
-3.48423576e-05
 4.01990558e-04
 3.25397710e-04
 2.79039613e-05
 1.05389670e-04
-5.65575067e-04
 3.10664696e-04
-3.62462746e-04
-1.11081747e-03
-8.06950139e-05
-7.96494511e-05
 1.46324428e-03
-1.57840217e-03
-1.48732113e-03
 3.53291141e-03
-1.19580025e-03
-3.10161013e-03
 2.36579160e-03
 2.59117909e-03
-2.14245005e-03
-3.26155277e-03
 9.98628189e-04
 2.81694318e-03
 1.14757834e-03
-1.31671231e-03
-3.98385451e-03
-2.93456560e-03
-2.64270799e-04
 1.44570335e-03
 3.07433729e-03
 3.67560803e-03
 3.29533121e-03
 2.64753649e-03
 2.89931559e-03
 2.70401098e-03
 2.26997439e-03
 2.62257246e-03
 3.38426768e-03
 3.88442554e-03
 3.54702818e-03
 2.14671968e-03
 1.45903869e-04
-1.75560517e-03
-3.68498548e-03
-2.72734030e-03
-1.03455942e-04
 2.60041013e-03
 2.85977987e-03
-1.63853211e-03
-3.36022544e-03
 3.55865654e-04
 2.34856292e-03
-8.61881259e-04
-2.66739672e-03
 2.13160954e-03
 1.88521876e-03
-3.54031287e-03
 1.70928836e-03
 1.01347892e-04
-1.78525768e-03
 2.64759827e-03
-2.37062659e-03
 3.42974848e-04
-1.07626695e-04
-1.65077953e-03
 7.30351361e-04
-7.99401706e-04
 3.50974235e-04
-1.82178719e-04
-1.11289876e-04
-5.92633640e-05
-1.85021318e-04
 7.02402367e-04
-4.68587797e-04
 9.23464890e-05
 1.34620236e-04
-2.96217134e-04
 4.00033397e-03
-3.49436413e-03
-3.13144909e-03
 6.93617662e-03
-2.56132464e-03
-5.16457784e-03
 4.43247426e-03
 3.33489725e-03
-4.92871509e-03
-5.02724825e-03
 2.75494469e-03
 6.56809004e-03
 2.51859542e-03
-4.58667321e-03
-7.06455302e-03
-4.53409238e-03
 1.87786132e-04
 5.08677472e-03
 7.10013058e-03
 6.46863397e-03
 5.22559455e-03
 4.22262136e-03
 3.45815607e-03
 2.63480292e-03
 2.70157010e-03
 4.51437780e-03
 5.44346259e-03
 6.58744825e-03
 7.61312043e-03
 5.70951631e-03
 2.78391520e-03
-1.38484374e-03
-6.02258303e-03
-6.94065549e-03
-1.76234614e-03
 5.11958563e-03
 5.56716996e-03
-1.25534273e-03
-6.79121050e-03
-1.22401996e-03
 5.67308669e-03
-2.91271962e-04
-6.01523935e-03
 2.88852406e-03
 4.97931559e-03
-6.35357544e-03
 2.89008864e-03
 2.13312383e-03
-5.29757612e-03
 5.79559780e-03
-2.45177714e-03
-4.08238619e-04
 2.51895235e-03
-4.62687030e-03
-2.67094551e-04
-2.18787029e-04
 6.58594191e-04
-1.62067324e-04
-5.17164853e-04
 5.93466262e-04
-2.80731177e-04
 1.98795834e-04
-2.94965608e-04
-4.95301379e-04
 1.65705369e-04
-1.86574797e-04
 1.77776021e-04
 3.26568428e-05
 1.48221968e-04
 1.25358567e-04
-4.24754713e-04
 5.82261144e-06
-1.03300201e-04
 5.54233697e-04
 2.38557842e-05
 1.44269668e-05
 1.21368339e-04
-6.94397175e-04
 2.29120972e-04
-1.23572475e-04
 2.78413073e-04
 8.27549239e-04
-1.40429658e-04
 3.15359256e-04
 6.85814806e-04
-1.96567693e-04
-4.93939750e-04
 2.56463993e-04
 2.18230247e-04
-2.33016008e-04
 1.78374558e-04
-1.00672731e-04
 1.71993433e-04
 4.24652610e-04
 2.28535296e-04
 4.58566375e-04
-6.83196559e-04
-4.37874938e-04
 2.98846654e-05
-4.03663606e-04
 1.67822557e-04
 1.17890903e-04
-6.46369593e-06
-2.88682681e-04
-1.50921893e-04
 4.02728118e-04
 1.56025817e-04
-4.88472466e-05
-3.67726211e-04
 3.07877308e-05
 4.27622768e-04
 1.05143267e-04
-1.26402405e-05
-1.94514290e-04
 1.49561684e-04
 2.60808835e-04
-4.85489314e-04
-2.39110875e-04
 9.91409020e-05
 5.18783318e-04
 7.83736193e-04
 1.61615831e-04
-4.69932919e-05
 9.94598638e-05
 2.28359185e-04
 1.20499453e-04
 2.41143253e-04
 1.36781585e-05
-3.82399642e-04
-2.46347902e-04
 1.75543233e-04
-1.91660475e-04
-7.92181849e-06
 7.65714039e-04
-3.34179123e-05
-6.75388256e-04
-1.46874334e-04
-5.41868744e-05
-1.54280457e-04
-3.10322890e-04
-3.08532925e-04
 9.24877593e-05
-7.34275243e-06
-1.70221503e-04
-3.95734242e-04
-2.19542673e-04
-3.66240742e-04
-1.09578933e-04
 9.16911209e-05
-1.92249442e-04
-2.36893625e-04
-8.02156353e-04
-4.15283690e-04
-2.16760794e-05
-3.57925732e-04
-1.68605680e-04
 4.21462795e-05
-1.24906903e-04
-3.43742520e-04
-1.00482783e-04
 4.37652467e-04
 6.17461925e-04
-5.69257483e-05
-1.28103584e-04
-4.00530438e-05
-5.64898382e-04
-1.68466355e-04
-5.86116222e-04
 2.01494630e-04
 2.28025388e-04
-5.56970818e-04
 7.90099574e-05
-4.94073772e-05
 4.88692896e-04
 4.30468543e-04
 2.32466873e-04
-8.96609648e-05
-4.08542045e-04
 2.30142302e-04
 3.41326351e-05
-2.39565079e-04
 1.24908966e-04
 2.07140930e-04
-1.28856023e-04
-2.32607688e-04
-4.16628703e-04
-7.50220008e-04
-5.68656374e-04
-5.58607762e-04
 1.40471812e-04
 1.82350754e-04
 1.12478717e-04
 4.67806962e-04
 2.75819360e-05
-1.31465639e-04
-5.03878852e-04
 9.43840636e-06
 1.92004480e-04
-1.90218643e-04
 7.92982310e-05
 2.35840072e-04
 1.82420910e-04
-1.03006176e-04
-1.07436035e-04
 3.48012569e-05
 1.77730420e-04
 1.89261592e-04
-2.96104102e-04
 2.28631395e-04
 6.54197332e-04
 3.48749879e-04
 1.86524918e-04
-9.14133116e-05
 2.76148380e-04
-4.78982369e-05
-2.00858469e-04
 1.02381893e-05
 1.33467250e-04
 2.64933375e-04
-2.17141019e-05
-4.01431516e-04
 1.15037676e-04
 7.21553544e-04
-1.12541645e-04
-9.56452104e-05
-3.24693535e-05
 3.30207006e-04
