 3.36335298e-05
 6.67761431e-05
 3.72363074e-04
-3.51316203e-04
-2.35188198e-04
 6.20044837e-04
 7.75954350e-05
 1.46612427e-04
-1.10461391e-04
-1.98176315e-04
-1.15313838e-04
-3.18864628e-04
-4.61338263e-04
-2.40366110e-04
 5.49525823e-04
-2.17912459e-04
-9.33269073e-05
-1.96628570e-05
-4.56783902e-04
 1.22845303e-04
-5.29753826e-05
 4.60486706e-04
 3.21589165e-04
-5.11616378e-04
-1.39068146e-04
-9.42565635e-05
-1.82000291e-05
 2.21204117e-04
 1.26121159e-04
 1.52850886e-04
-2.69595500e-04
-1.53675884e-04
-3.00801806e-04
-3.04556733e-04
 9.40232698e-04
 2.79274940e-04
-8.64899210e-04
-3.87195865e-04
-5.24468857e-05
-2.18730298e-05
 3.99531737e-05
-8.54261157e-05
-1.32935548e-04
-4.01905857e-04
-5.49645673e-04
-3.25498695e-04
-3.82576418e-04
-4.15112977e-04
-2.41903601e-04
-4.52786232e-04
-5.23117161e-04
-2.49119093e-04
 5.73308880e-04
 4.21548299e-04
-1.34028063e-04
-4.99353072e-05
-3.15714980e-05
 2.14273286e-04
-1.82599565e-05
 3.42107230e-04
 7.26764278e-05
-4.49060769e-04
 3.15598305e-04
 5.90809741e-04
-1.76648695e-04
-6.39004581e-05
 2.95801763e-04
 3.70408615e-05
 2.46565552e-04
 1.44980311e-04
-2.73897441e-04
 9.05618566e-05
-2.82548216e-04
-4.63547111e-04
 4.99897787e-05
-2.39352193e-04
 3.07021051e-05
-1.04910735e-04
 1.56388877e-04
 5.00248835e-05
 1.08455188e-04
 5.95051182e-04
-2.02719935e-04
-5.18759984e-04
-5.52652402e-04
 4.41906427e-05
-2.56113506e-05
-7.92814895e-04
-4.65453171e-05
 1.14779990e-04
-2.04756662e-04
 9.68086774e-05
 1.13071911e-04
 2.58329661e-05
 3.21792401e-04
 2.07767916e-04
-2.85553437e-04
 2.47971083e-04
 3.65903837e-04
-2.37962152e-04
-1.36580051e-04
 1.26876365e-04
 2.28088929e-04
 9.77140444e-05
-2.21579592e-04
-4.72128030e-04
-2.99162535e-04
 1.86142722e-04
 1.07063743e-04
-1.64035844e-04
-3.66728411e-05
-6.08594355e-05
-1.22441041e-04
-2.81128417e-04
-1.72668291e-04
 3.29015595e-04
 2.72480379e-04
 5.42827153e-04
-1.56817452e-04
-5.11927237e-05
 7.59452193e-04
-2.37985929e-05
 1.16369742e-04
 4.88517007e-04
 2.68294290e-04
 2.25839377e-04
 3.24094815e-04
 3.71242993e-04
 2.58374020e-04
-2.51119227e-05
-7.20037757e-05
-7.13919158e-05
 4.35793639e-05
-1.32667219e-04
-1.28825084e-04
 1.61635938e-04
-1.29637846e-04
 3.14730803e-04
 1.30167357e-04
-3.85956028e-04
-1.60514312e-04
-2.39880334e-04
 5.10235559e-05
-6.13918503e-06
 2.51999182e-05
 1.93387932e-04
 1.41619121e-04
-8.47029591e-05
-2.22996860e-04
-4.41844081e-04
-3.59113310e-04
 2.95832233e-04
 3.08479122e-05
-2.04614332e-05
-7.20557220e-05
-1.67749657e-04
-2.02760037e-04
-2.33375033e-04
-1.92207770e-04
-2.43741730e-05
-3.39149314e-05
-1.31827640e-04
-7.79893372e-05
-3.00326936e-04
 1.60005944e-04
 3.17185290e-04
 2.52484540e-04
 1.73670589e-04
-7.11750395e-05
 1.17535931e-04
-1.41589100e-04
-2.08098407e-04
 8.84787816e-05
 2.37847440e-04
 8.33423039e-04
-1.48204234e-04
-4.12941764e-04
 3.05735000e-04
 4.49226123e-05
 1.36862648e-04
-2.28986999e-04
 1.28245581e-04
 1.74582682e-04
-1.20052900e-04
-4.57861028e-04
-2.45918641e-05
 6.87823176e-04
 1.61606333e-05
-9.50382960e-06
-1.92190667e-04
 8.43453423e-05
 3.70114316e-04
-1.09345443e-04
-1.76422493e-04
-4.10842561e-04
-5.18686152e-04
 4.07365342e-04
 2.65567930e-04
 1.02094221e-04
 3.45482754e-04
-2.79401930e-04
 1.34030406e-04
 1.06469613e-04
 1.67413920e-04
 2.47775667e-04
-1.42507057e-04
-6.97745461e-04
-4.64746484e-04
 1.21944474e-04
-2.93342314e-04
-1.45534489e-04
-1.25032872e-04
-3.52750186e-04
-9.98283627e-05
 1.12366406e-04
-7.89338186e-05
 4.03127062e-04
 5.81880600e-04
-9.57878286e-05
 3.21093554e-04
 6.78545350e-05
-2.55236662e-04
 1.00804293e-04
 4.23098219e-04
 4.15094086e-04
 1.03601616e-04
 6.16803892e-04
 4.57529351e-04
 2.93540215e-04
 3.79030573e-04
 3.70427079e-04
 4.34146148e-04
-8.01619506e-06
-5.05212118e-05
 4.90667735e-04
 1.58751404e-04
-2.27975423e-04
 4.84517126e-04
 2.10824696e-04
-5.40606505e-04
-4.01895807e-04
-1.43525103e-04
-2.09285216e-04
-2.33500311e-04
 1.25273904e-04
 2.01913523e-04
 3.43365153e-04
 9.63987362e-05
-4.03165972e-04
-1.07397280e-04
 4.15238641e-04
 5.16614281e-04
 4.46303998e-04
-1.72641120e-04
 3.00618050e-04
 1.93324854e-04
-9.67718192e-04
-1.28510116e-04
 2.48494973e-04
 5.26803260e-04
 2.51604616e-04
-2.12692972e-04
 1.77511840e-04
-5.66343688e-04
 3.44432125e-04
-4.40303715e-04
 7.16831752e-04
 2.87283544e-03
-1.14835307e-04
-2.17499030e-05
 2.06285846e-04
 4.51577707e-05
 4.38535668e-04
-4.48961096e-04
-3.68319436e-04
-1.41321801e-04
-3.69246847e-04
 9.44771802e-04
-1.38475033e-03
-2.98923706e-03
 1.01079078e-04
 2.33154765e-04
 2.05433555e-04
-4.76928929e-04
-1.67650647e-04
-1.66550175e-04
-3.42376331e-04
 2.36254757e-04
-1.15430948e-04
-1.50523949e-04
 2.84646974e-04
 7.74416489e-04
 2.06235490e-05
 2.71049153e-04
 1.49073417e-04
 3.44879161e-04
 5.02434760e-04
 1.17218395e-04
 6.45369470e-05
-7.79759955e-04
 9.83597109e-05
 5.60541582e-04
-3.31060608e-04
-2.74957710e-04
 1.43718331e-04
-1.72109084e-05
-1.06531285e-04
-2.66419004e-04
-6.90283777e-04
-3.95538293e-04
-1.22070244e-04
-4.20541564e-04
-3.12292660e-04
 1.82191548e-04
-4.79790128e-04
 5.49044494e-05
 6.41179565e-04
-5.44215577e-04
-3.08291652e-04
-4.97115637e-05
 1.07420470e-05
 3.26032555e-04
 4.15684917e-04
-1.37652194e-04
 3.46988627e-04
 2.44221367e-04
-1.57906056e-05
 1.38666601e-03
-2.63021873e-04
 3.34994163e-04
-6.03044654e-04
 1.82730504e-03
-4.36086511e-03
-9.67516998e-03
 4.81920786e-04
-3.25970441e-04
-5.44755135e-04
 4.87000994e-04
-3.04918375e-04
 1.76449585e-04
-3.29901798e-04
-4.52700441e-05
-4.37165588e-04
 3.43551345e-04
 2.54100824e-04
-6.62507339e-04
