 2.35311700e-05
 2.61510303e-04
 1.71204125e-04
 1.11242561e-04
 1.20337724e-04
-4.61527099e-05
 4.13725631e-05
 2.71529277e-04
-2.00100827e-04
-4.27327214e-05
-4.98396629e-05
 3.54629953e-04
-1.41678527e-04
 4.06978238e-04
 2.30714112e-03
-2.38652751e-03
-1.15250879e-03
 3.05826572e-03
-2.07905536e-03
-3.15417294e-03
 2.00812928e-03
 2.88845582e-03
-1.51358655e-03
-3.23893097e-03
-1.10642831e-04
 2.95726786e-03
 2.86970534e-03
-1.38447560e-04
-2.71909339e-03
-3.14257319e-03
-3.11859627e-03
-2.11150701e-03
 4.40631759e-04
 1.62201179e-03
 1.93157502e-03
 2.62831219e-03
 2.99965226e-03
 2.93042434e-03
 2.52955638e-03
 2.06676720e-03
 9.79786100e-04
-2.80288080e-04
-2.26599743e-03
-3.31087319e-03
-2.98304438e-03
-1.41459559e-03
 2.18012519e-03
 3.12680949e-03
 8.90221705e-04
-1.90902576e-03
-3.17186544e-03
 2.35875916e-05
 3.32598052e-03
-2.77129236e-04
-2.85460835e-03
 1.42728798e-03
 2.76120939e-03
-2.65870698e-03
-1.12136065e-04
 2.60183612e-03
-2.78081878e-03
 2.24637937e-03
-3.73635165e-05
-1.98236762e-03
 1.37709869e-03
-1.80997293e-03
 1.32334052e-03
-6.90135770e-04
-1.35416779e-03
 1.76865932e-04
-6.56326837e-04
 6.90356966e-04
 2.60411325e-04
-5.86199125e-05
-3.36036514e-04
-1.43340975e-04
-1.91987483e-04
 1.29646915e-04
-3.26919021e-04
 3.28269591e-03
 4.21796365e-03
-5.61427640e-03
-5.40549788e-04
 6.68144639e-03
-3.42674685e-03
-4.79250559e-03
 4.68823880e-03
 4.76483028e-03
-4.14698038e-03
-6.08118293e-03
 9.00631997e-05
 6.14230472e-03
 5.87401275e-03
-5.40829447e-04
-5.91691351e-03
-6.83276781e-03
-4.69659505e-03
-1.45821400e-03
 1.61113965e-03
 3.78331855e-03
 5.20717955e-03
 6.13415164e-03
 6.27235728e-03
 5.89086694e-03
 5.51157400e-03
 4.76628891e-03
 3.71318601e-03
 2.38854040e-04
-3.89775726e-03
-5.69020455e-03
-6.64001450e-03
-4.15857159e-03
 2.32268881e-03
 6.63870589e-03
 4.56493484e-03
-2.62880839e-03
-6.98301950e-03
 5.46082783e-05
 6.89019499e-03
 4.03433654e-05
-6.06957143e-03
 9.16519759e-04
 6.10132831e-03
-5.54652799e-03
-2.06750664e-03
 5.99336377e-03
-6.45412038e-03
 2.88826123e-03
 1.68945083e-03
-3.63163878e-03
 3.92542877e-03
-2.63395336e-03
-2.57411126e-04
-1.55631332e-03
-7.82662878e-04
 8.40740877e-04
-1.11390640e-03
 1.19479998e-03
 3.71947282e-04
-1.09939934e-04
-1.00787001e-04
 1.29340070e-04
-6.36831982e-05
 3.91235055e-04
 6.28050625e-05
-6.93006536e-04
-7.39284758e-04
 2.57546615e-04
 5.97818925e-04
 3.74397891e-05
-4.25470753e-05
-2.66482468e-04
 7.94033083e-05
-4.15097585e-05
-5.06785985e-04
-2.80596223e-04
 4.08196625e-04
 6.32981306e-05
-4.81691862e-04
-2.39575773e-04
-3.86187586e-04
-1.75579167e-04
 3.59162555e-04
 2.43239718e-04
 4.71984079e-05
-3.85699289e-05
-2.13149057e-04
-2.46555654e-04
-1.15896509e-04
-3.21761460e-04
-3.17567066e-04
 3.13326022e-04
-4.03240260e-04
-5.62185509e-06
 3.87880394e-04
-2.36661305e-04
 1.76525634e-04
-1.82358598e-04
-4.71227977e-04
-2.73521138e-04
-2.04613586e-04
-1.32929304e-04
 3.32248591e-04
 2.63575559e-04
-1.01114395e-04
-1.38856860e-04
-4.05435379e-04
-3.75700363e-04
-4.95803640e-04
-7.13916955e-05
-1.81401791e-04
-2.29730571e-04
 3.54293096e-04
-3.44754048e-04
 4.93269785e-04
 9.99096308e-04
-2.40945493e-04
-8.42049121e-05
-3.04124059e-04
-7.84172600e-04
 3.84068221e-04
 4.82654447e-04
-7.06163058e-05
 4.96956827e-04
 3.41146600e-04
 1.49604218e-04
-2.75556418e-05
 2.25012313e-05
 9.41064919e-04
 1.87486524e-04
-6.24098913e-04
-2.85837372e-04
-2.15158725e-04
 1.97199392e-04
-8.06541332e-05
 1.49989049e-04
 1.59872613e-04
 1.38070507e-04
 2.50189737e-04
-1.28607776e-04
 5.85778321e-04
 1.72845372e-04
-2.60752215e-04
 1.59220639e-04
 2.86263812e-04
 1.14615482e-04
-3.60067315e-04
-5.03833229e-05
 9.72985254e-05
-1.09088906e-04
 2.67973050e-04
-3.21796692e-04
-5.68756180e-04
 4.32092520e-04
 3.46509448e-04
-4.42616503e-04
-4.66601407e-05
-1.25697268e-04
-4.52700847e-04
-9.36300336e-05
-1.02920760e-04
 3.30173765e-04
-2.11289157e-04
-5.02626561e-04
 2.35837177e-05
-3.71607499e-05
 2.13362629e-04
 3.19169809e-04
 8.92858468e-05
 8.63276834e-05
-2.03754629e-05
 9.46295081e-05
-1.48516349e-04
-5.83931119e-04
 9.91299308e-05
 3.15891827e-04
 5.09713318e-04
-1.52358984e-04
-1.13016739e-04
 5.00792853e-04
-6.88300317e-04
 1.96280145e-04
 8.33118890e-05
-6.01818565e-04
-6.34200136e-05
-3.21695139e-04
-2.06883521e-05
-1.80355947e-04
-7.69047966e-05
-1.11175116e-04
-1.10671436e-05
 5.62157493e-05
-8.03973176e-04
-1.28306062e-04
 3.51795686e-04
 1.43028856e-05
 3.58991583e-06
-2.89716834e-04
-1.17720197e-04
-4.24397235e-04
-1.80336660e-04
-1.87915366e-04
 7.03585452e-05
 4.83592410e-04
-4.63644469e-04
-2.26179344e-04
 9.34179269e-05
 5.53615843e-05
-3.45922645e-06
-3.75363632e-04
-1.26121323e-04
 1.71273826e-04
 1.13978644e-04
 4.35909451e-04
-2.40654823e-04
-3.09462210e-04
 2.24742115e-04
-2.97417261e-04
 1.08431864e-04
-4.14483196e-04
-8.37729937e-04
 2.99684703e-04
 5.81945844e-04
 3.69556334e-05
-5.87902331e-04
-2.32317285e-04
 4.22631161e-04
 2.60623704e-04
 5.37977969e-05
 5.70217130e-04
 6.23556145e-04
 2.67692116e-05
 1.49146460e-04
 4.83087167e-05
-3.78717882e-04
 4.01546123e-04
-7.09545602e-05
-5.10240486e-04
 4.10673283e-04
 1.02534458e-04
 6.04831131e-04
 8.88984955e-04
 1.13256012e-04
-1.22639687e-05
 4.35342315e-05
 3.30242278e-04
 4.54487696e-04
 3.08421775e-04
 5.19003739e-04
-2.83198358e-05
-2.22913809e-04
-1.19098085e-04
-4.22549195e-04
 2.24505743e-04
-1.92361175e-05
-3.25564680e-04
 1.82771828e-04
-2.74793156e-05
 1.70838842e-04
 4.98861883e-05
-1.36564413e-04
 2.51512344e-04
 4.22661339e-04
 3.98118905e-05
-2.34061342e-04
 6.08791449e-05
