-3.97780013e-05
-2.37225736e-04
-9.35558959e-05
 2.26346391e-04
 2.17424664e-04
-6.29307278e-05
-2.84580495e-04
 1.15549994e-04
 2.76910547e-04
-2.93509305e-04
 1.10335528e-05
 6.40734757e-04
 1.20397607e-04
-3.54182184e-04
 3.44358113e-05
-1.46643243e-04
-5.46892869e-04
 3.25728186e-04
 4.19855410e-04
-3.42430695e-04
-1.03600260e-04
 9.14494270e-05
-2.92285559e-06
 4.16288005e-04
 5.50460707e-04
 4.89725628e-04
 2.54277551e-04
-5.27455190e-04
-4.03594020e-04
 3.80602926e-04
 2.42691163e-04
 2.29531907e-04
 4.47976186e-04
 4.31608979e-04
 3.63680589e-04
-2.33088988e-04
-2.33016933e-04
-1.38148193e-04
-3.96240406e-04
-3.72011888e-05
 1.35383908e-04
 1.71720747e-04
-5.09884586e-05
 8.71248268e-05
 5.25160563e-04
-1.25529666e-04
-3.58908488e-04
 1.06394156e-04
-4.38377497e-05
-3.14366266e-04
 2.49959995e-04
 3.26434219e-04
-1.23726969e-05
-7.67313522e-06
 9.76307682e-05
 3.07523593e-04
-4.32647802e-04
-3.89061230e-04
 2.26104113e-04
-2.22289550e-04
 6.03921881e-04
 4.85566206e-04
-1.74819904e-04
 4.73614673e-04
 1.77769936e-04
-2.22006368e-04
 1.27654321e-04
 3.02971512e-04
-1.85005386e-05
-2.01401545e-04
-2.61931008e-04
 2.10903271e-04
 1.52703691e-04
-3.45185278e-05
 1.34974557e-04
-2.71133818e-04
-2.95845576e-04
-2.99285562e-04
 1.17084641e-04
 1.77394492e-04
-6.77086266e-05
-5.71998452e-05
-3.34640771e-04
 1.48442362e-04
-1.86589482e-04
-4.52052653e-04
-2.28298480e-04
-1.71653838e-04
-1.51687410e-04
-5.44432612e-04
-2.14486036e-04
-6.79007719e-05
-9.04658235e-05
-6.45576156e-05
-3.34233604e-04
-4.84764650e-04
-2.30486057e-05
 2.19410415e-04
-3.93238075e-04
-3.66236233e-04
-1.66622031e-04
-8.36662559e-05
 4.32332281e-04
 1.04821310e-04
-3.00373692e-04
 1.38246704e-05
 7.35003568e-05
-1.24894697e-04
-2.62440378e-04
-6.12941225e-05
 1.28498167e-04
 6.98249491e-04
-1.06579419e-04
-6.16430563e-04
 6.90614295e-04
 1.87323262e-04
 2.94760364e-04
 5.15151260e-04
 6.71355589e-05
 3.11108674e-04
-2.17217479e-06
-3.08470504e-04
-3.87839210e-04
-2.74748790e-04
-1.66484364e-04
 9.67534237e-05
-3.31220798e-04
-1.12785153e-04
 5.29561469e-04
-4.72004766e-04
-1.95802118e-04
 1.32466640e-04
-2.97430157e-04
-1.41688004e-04
-1.46078793e-04
-1.22121195e-04
 1.43522832e-04
-1.89360415e-04
-4.21289150e-04
 9.92503778e-05
 3.74330337e-04
 9.05144087e-05
-1.62656242e-04
 5.98620279e-04
 3.23108299e-04
 2.92776146e-04
 7.09358853e-04
 3.72545823e-04
 5.75232770e-05
-9.60664506e-05
-2.98899656e-04
-2.96184280e-04
 5.41656334e-05
-1.53654014e-05
 5.85613821e-04
 5.20828665e-04
-3.01164344e-05
 6.48368558e-04
 4.15646640e-04
-2.15777643e-04
 5.50149706e-04
 4.30310499e-04
 5.54315863e-04
 3.34608585e-04
-5.65983773e-04
 2.05949285e-04
-2.21067289e-05
 4.97565836e-05
 3.10579100e-04
-1.59160929e-04
 2.33951178e-04
 1.63288344e-04
 1.83385602e-04
 9.11920886e-05
-9.76041755e-05
-9.72564054e-05
 2.24383198e-04
 6.80024974e-04
 2.97304613e-04
 2.62933664e-04
-8.96947312e-05
-2.75466523e-04
 2.14875668e-04
-2.57836164e-04
-3.26211535e-04
-2.86467257e-04
-4.89233478e-04
 1.18849816e-04
 1.06146463e-04
 1.35871156e-04
 8.23325263e-05
 2.94802942e-05
-3.03350739e-05
-6.52438674e-05
 4.79079688e-05
-3.97967455e-05
 3.00483210e-04
-4.80253645e-05
-8.03027307e-05
-2.32395028e-04
-1.69427134e-05
 2.46301755e-04
-3.66972192e-04
 3.38874913e-04
 7.01100074e-04
 2.53397441e-04
 1.25525239e-04
-1.03563725e-04
 8.13725061e-05
-1.77673006e-04
-2.60821133e-05
 2.96147101e-04
-1.93951929e-04
-1.08572271e-04
-6.15493377e-06
-2.74714864e-04
 8.52454953e-05
 2.18054674e-04
-3.64757152e-04
 1.84891197e-04
-1.25603585e-04
 2.92809354e-04
-7.87961936e-04
-1.53612240e-03
 3.41028345e-04
-2.90830735e-04
-7.56526718e-06
 3.41108490e-04
 4.29493642e-04
 1.75255645e-04
-2.58737566e-04
 1.18813598e-04
 2.59158418e-04
 1.27226424e-04
-3.31432563e-04
 1.94369286e-04
 8.37049477e-05
-3.35926334e-04
 1.99942737e-04
-4.75478441e-04
-1.77631102e-04
 7.17890206e-04
-1.56248373e-04
-1.04916034e-04
-1.13170287e-04
 5.94515652e-04
 2.92171630e-04
-9.03359499e-04
 2.36293259e-04
 2.62479486e-06
-6.22254959e-04
-1.21291338e-04
-5.54258712e-05
 3.33400475e-04
-8.51631790e-05
-3.52247971e-04
 5.26073855e-05
-5.45446293e-04
-1.53645980e-04
 1.29786354e-04
 7.18794383e-06
-3.62629451e-05
-1.85234731e-05
 2.01364052e-04
-9.23287768e-05
 5.70571618e-06
-1.81238633e-04
-2.07449931e-06
 2.49501018e-04
-1.83876076e-04
 2.27009048e-04
 6.28354452e-05
-3.83417694e-04
 5.69503851e-04
-4.29738751e-04
 8.43524822e-04
-1.95466977e-03
-4.05319520e-03
 6.59624123e-04
 9.64974707e-05
 4.58088948e-05
 1.36663038e-05
 3.52342377e-05
-2.51994580e-04
-3.62113304e-04
-1.15072007e-04
-1.28238697e-04
-6.58869953e-04
 1.47461243e-03
 3.59896804e-03
-3.40373220e-04
 1.01507743e-04
 4.91938783e-05
 7.63966599e-06
 8.02867262e-04
-1.37409192e-04
 1.70252826e-04
-4.20407702e-04
-5.71424300e-04
 3.44464843e-04
 5.00379853e-04
-5.84736945e-04
 7.52959125e-05
 1.79692402e-04
-2.63572657e-04
 3.81045348e-05
-5.17645346e-04
-3.54397844e-04
 1.11716521e-04
 4.31963271e-04
 5.92442033e-04
 4.75586688e-04
 9.18598274e-05
 4.11824823e-04
 4.14771647e-04
 1.87238354e-04
 3.58802045e-04
 2.08076233e-04
-1.46970930e-04
-2.04592276e-04
 6.95028157e-04
 6.54613486e-04
 7.55099213e-04
 8.29857492e-04
-1.59997722e-04
-3.17550545e-04
-4.07374856e-04
-3.93925495e-04
 3.66818051e-05
-1.78873344e-04
-1.23839086e-04
 1.16640720e-04
-3.10065499e-04
 1.19829051e-04
-3.16552927e-04
-1.88529003e-04
 3.87909118e-05
-8.41843372e-05
 5.35877542e-04
-3.97316656e-04
 1.38604895e-03
-2.02482286e-03
 4.74684330e-03
 9.12501629e-03
-1.10302834e-03
 4.34789907e-04
