-1.35528428e-04
-1.03323044e-04
 2.12432975e-05
-6.59435073e-04
-4.87472485e-04
-3.17369159e-04
-3.28477477e-04
 2.77532592e-05
-7.43381575e-05
 3.42366186e-04
 3.67257457e-04
 1.40559466e-05
 1.28157822e-04
-2.92394988e-04
-5.85921744e-04
-2.61488955e-04
-2.52837560e-04
-2.20255665e-04
-1.64982919e-04
-1.74847071e-04
 2.14563154e-04
 2.60227339e-04
 1.24916828e-04
-1.74909871e-04
-2.66868497e-04
 1.79865600e-04
-1.65849679e-04
-3.02798091e-04
-2.10937859e-04
-6.93786986e-05
 3.34741703e-04
-2.72722836e-05
 7.94050271e-05
-4.76628923e-05
-4.37184190e-04
 1.17609147e-04
 2.96704375e-04
 7.49092490e-05
 2.77849217e-04
 1.32692076e-04
-3.34932556e-04
 1.41998333e-04
 1.32978639e-04
 3.25588709e-05
-1.68652220e-04
-1.51020014e-04
 7.11506761e-04
 2.82288817e-05
-1.07112481e-04
 1.97205604e-05
-3.18452047e-04
 1.18666029e-04
 4.91585118e-06
 2.82279503e-04
 3.79315206e-05
-2.23393350e-04
 2.13141356e-04
-1.12627963e-04
 6.62046554e-05
 1.18144602e-04
-2.42177769e-04
-4.22473947e-04
-1.19861570e-04
 4.05797575e-04
-1.80314062e-04
 2.50287110e-06
 1.62510414e-04
-2.97464931e-04
-1.63113167e-05
-9.50955451e-05
 4.47721773e-04
 2.90583205e-04
 4.89488667e-04
 2.91142171e-04
-3.59253113e-04
 3.63177203e-04
-1.33190477e-04
-1.06839058e-04
-4.53293127e-04
-4.30301121e-04
 1.46783033e-04
-1.54324909e-04
 1.16688969e-04
 1.11318790e-04
-5.16843443e-04
-1.74008906e-04
 2.77164293e-04
-9.68863443e-05
-5.12532043e-05
-3.68160390e-04
 1.99081461e-04
 3.40540268e-04
-1.91402913e-04
-4.64536687e-05
-3.96580719e-05
-2.10495984e-04
-3.90143808e-04
-4.27580105e-04
 7.72271439e-07
 7.82661224e-04
-3.85849880e-04
-8.26963955e-04
 2.44354975e-04
 2.59109872e-04
 1.45833952e-04
 3.10157906e-04
 1.87924472e-04
-2.79371739e-04
-2.26609595e-04
 5.47662349e-04
 3.51648048e-04
 9.06224728e-05
 2.36833093e-04
-3.28125635e-04
-1.24503205e-04
-5.17857141e-04
-1.94738818e-04
 5.29408436e-04
-2.45761495e-04
 3.87155114e-05
-2.51388899e-04
-1.27031306e-04
-1.08331944e-04
-7.95655356e-05
 4.83227980e-04
 1.54194437e-04
 7.22660328e-04
-2.44467108e-04
-1.04246520e-04
 3.77364288e-04
 4.51326546e-05
 2.69366705e-04
-3.79360553e-04
 1.69881984e-04
-2.18919423e-04
-5.48854637e-05
 4.85800027e-04
-6.63153547e-04
-1.64113275e-05
-8.79903746e-05
-3.87595156e-04
 3.95194714e-04
-1.46895599e-05
 8.98717457e-05
 3.33338546e-04
-1.92543586e-04
 7.69725768e-05
 1.66183410e-04
 9.98095270e-06
-4.73835780e-05
-6.03739060e-04
 2.46904960e-04
-2.40262662e-04
-1.37182146e-04
 8.11178106e-04
-4.44813567e-05
-9.01303758e-05
 1.06535962e-04
-6.43659139e-06
-5.58288607e-05
 1.82418799e-04
-1.39813854e-04
-4.21662244e-04
-3.73716897e-04
-4.22429344e-04
-2.31805858e-04
-2.31765907e-04
 2.73039121e-04
 8.68852094e-04
-3.05635415e-04
-2.75072782e-04
 6.24943314e-04
 4.24461079e-04
-3.29074747e-04
-7.38154803e-04
 3.14743033e-06
-4.18425459e-04
 5.12126885e-05
-1.27668305e-04
 8.65479623e-05
 6.22993377e-04
-3.98402480e-04
 1.84037965e-04
-3.52060311e-04
 3.33402993e-04
 6.33947181e-04
-1.39606499e-04
 1.65044533e-04
-5.87515020e-04
 1.35868236e-05
-3.66654309e-04
-2.90638783e-04
 7.37656248e-04
-3.16053684e-04
-3.36004493e-04
-3.35345754e-04
-5.44824667e-04
-2.63775556e-04
-5.37372821e-04
-1.32617998e-04
 1.81895996e-04
 3.17987583e-04
 4.55319337e-05
 5.75175801e-05
 6.96011687e-04
-7.85072635e-04
 8.55641312e-04
 2.22248445e-03
-4.54939299e-04
-5.87273197e-04
 1.92900748e-05
 6.29233013e-05
-1.35483352e-04
-6.12995863e-06
-6.90784955e-05
-3.93097332e-05
-1.83057455e-04
 7.64443466e-04
-1.90102362e-03
-3.92129403e-03
-2.52422311e-04
-3.79503985e-04
-3.22089416e-04
-5.03433552e-04
-4.79039695e-04
 4.14623573e-04
-7.36764820e-05
 4.98693674e-04
 1.04397741e-04
-6.91536700e-05
 1.94839615e-05
 8.62720023e-05
 1.86283961e-04
-3.19036234e-04
-2.09066265e-04
 1.40396748e-04
-1.20444739e-04
 1.44990535e-05
 2.74648601e-04
-3.41139267e-05
 1.37015283e-04
 1.33588201e-05
 3.80780924e-04
 9.27081484e-05
-3.94675693e-04
 1.33636198e-04
 7.88640850e-06
 5.02479696e-05
-7.22982667e-04
-6.88220730e-04
-3.35909623e-04
-6.02291293e-04
-4.50312443e-04
-5.37590793e-04
-3.50027557e-04
-4.71405098e-04
 1.12155307e-04
 1.71061154e-04
-7.21490402e-04
-4.30757659e-04
-2.59199163e-04
-2.56718180e-04
 6.18915756e-04
 1.95689768e-04
 6.74421609e-04
 3.79464587e-04
-5.46308079e-04
 4.54137677e-04
-2.69152183e-04
 6.32244334e-04
-4.74306247e-04
 2.11378764e-03
-4.24839766e-03
-9.55902450e-03
 7.20378841e-04
 3.25701679e-04
 3.04518163e-04
 1.32937488e-04
-8.02463926e-04
 6.91900645e-04
-1.26500424e-04
 7.44904120e-04
 7.82132943e-05
 1.88520714e-04
 3.06092377e-04
 1.69868607e-04
-6.23147012e-05
-5.31637985e-05
 9.66024543e-06
-3.57646414e-04
-2.95903282e-05
-3.83290580e-05
 1.24100032e-04
 2.90661043e-04
 4.83515092e-05
 1.60548910e-04
 2.53679097e-04
 3.48148013e-04
-3.54977428e-05
-5.45269508e-04
-6.34657825e-05
-5.08880231e-07
 4.53682584e-04
 2.56159370e-04
-3.53447241e-04
 3.08925371e-04
 1.91327662e-04
-6.46148262e-05
 2.53104482e-05
-1.88871972e-04
-4.28946400e-04
-3.34706218e-04
-3.71507735e-04
-3.56946714e-04
 6.83250676e-05
 1.74089566e-04
-1.40468998e-04
 6.82612775e-05
 1.37778946e-04
-2.39677407e-04
 2.52333144e-04
 1.99820150e-04
-1.04314602e-04
-3.51959540e-04
-2.15931663e-04
 5.60208352e-04
 2.60519542e-04
 1.66775904e-04
 4.87282632e-04
 2.82882875e-04
-1.57914729e-04
-1.68037983e-04
-3.22714824e-04
-2.78658913e-04
 3.75281694e-04
-1.12104774e-04
-3.00074196e-04
-2.57637135e-04
-2.08530585e-04
 1.41697260e-04
-1.03238711e-04
-2.60672003e-04
-1.91462997e-04
-1.31252575e-05
 2.66871418e-05
-9.78090638e-05
