 3.14844026e-05
 2.35879326e-05
 2.87801982e-04
 6.36394790e-04
 1.89191296e-04
 9.27730375e-05
-1.58746507e-04
-5.81158990e-04
-2.47264026e-04
 3.45356185e-04
 1.59855450e-04
-1.15238241e-04
 1.82904664e-04
-1.41849485e-04
 4.03667580e-04
 4.67933867e-04
-2.90556673e-04
-3.66606073e-05
-2.33982867e-04
-6.72502878e-05
 2.05277838e-04
-1.43355464e-04
-1.54763812e-04
 3.64901589e-04
 4.16334948e-04
 9.44033094e-05
-3.71630779e-04
-2.54683007e-04
 1.64312331e-04
-6.08959310e-04
 1.44863176e-04
 3.28770821e-04
-4.28711377e-04
 1.25807894e-04
-4.71971283e-04
-4.86788197e-04
 2.07618346e-04
 2.07947748e-04
 4.92406695e-04
 2.62191864e-04
-2.78847578e-05
-3.42850095e-05
-3.94851183e-04
-3.61390623e-04
 3.61507748e-04
 2.24647998e-04
-2.39766726e-05
 2.73118866e-04
 1.66753210e-04
 9.34016019e-06
-2.82926855e-04
 1.42792899e-04
-1.15164452e-04
-4.57553256e-04
 3.78644305e-04
 2.21425769e-05
 1.66612332e-04
 4.01450521e-05
-3.38787130e-04
 2.79964228e-04
-2.96789262e-04
-4.69430728e-04
 5.34305778e-04
 2.65314391e-04
 4.03036086e-04
 4.42599470e-04
-1.67155779e-04
 4.29243457e-04
 8.62056159e-05
 6.44600115e-05
-1.85248110e-04
-3.31181982e-04
 5.83749498e-04
 7.46792087e-04
 5.09367594e-04
-4.33476806e-04
-6.24310406e-05
-3.92691717e-04
-5.84382616e-04
-4.16137037e-04
-5.78497544e-04
-1.40052389e-04
-7.28318825e-04
 1.54462439e-03
-1.15668650e-03
-1.62000686e-03
 2.97677905e-03
-8.80244769e-04
-2.31528259e-03
 2.21665946e-03
 2.63531757e-03
-2.40146370e-03
-3.75747216e-03
 7.32227002e-04
 3.35940626e-03
 1.45834046e-03
-1.63334670e-03
-3.30177759e-03
-2.12909061e-03
 5.32936463e-05
 1.49113018e-03
 2.84850471e-03
 2.87045959e-03
 3.26910769e-03
 2.79040276e-03
 2.34229127e-03
 2.60767759e-03
 2.25628369e-03
 2.45325318e-03
 2.68514136e-03
 3.57503785e-03
 3.16158751e-03
 2.06276080e-03
 1.02251394e-03
-1.62870118e-03
-3.58653458e-03
-2.77966341e-03
-4.99881590e-05
 2.40039230e-03
 1.82651416e-03
-1.59324928e-03
-3.13237900e-03
 2.57281106e-04
 2.93804846e-03
-7.19770567e-04
-3.03758215e-03
 2.06508260e-03
 1.54950510e-03
-3.16000694e-03
 2.48702778e-03
 2.98547995e-04
-2.59149101e-03
 2.40212259e-03
-1.61042440e-03
 5.05438312e-04
 7.48488759e-04
-1.87455174e-03
 5.79172774e-04
-6.37052372e-04
 1.63312214e-04
 6.04952521e-04
 2.47037545e-04
 4.10218969e-04
-2.97190255e-04
 5.12692840e-04
-5.01647128e-04
 3.31372419e-04
 8.51515868e-04
-3.45369522e-04
 4.80184534e-03
-2.40857551e-03
-2.82091251e-03
 7.04726473e-03
-2.62585125e-03
-5.04650034e-03
 4.81372426e-03
 4.21764578e-03
-4.32633641e-03
-5.57037997e-03
 3.04785134e-03
 7.00559370e-03
 1.96560555e-03
-4.51349717e-03
-6.73619957e-03
-3.94738272e-03
 9.39778032e-04
 5.09268122e-03
 6.37973749e-03
 6.47829665e-03
 5.83327796e-03
 4.41840910e-03
 3.40378754e-03
 2.87377443e-03
 2.93543446e-03
 3.60206881e-03
 5.48603802e-03
 6.74898065e-03
 7.09407306e-03
 6.39422878e-03
 2.90632924e-03
-1.31354261e-03
-5.66058897e-03
-6.92122353e-03
-1.31775955e-03
 4.40171392e-03
 5.29517113e-03
-9.38659276e-04
-7.06414849e-03
-8.29909235e-04
 5.96941895e-03
-1.01138590e-04
-6.09292535e-03
 3.10845432e-03
 5.02355967e-03
-6.77287239e-03
 2.71644111e-03
 2.11403469e-03
-5.30289160e-03
 5.16664560e-03
-3.04682979e-03
-6.75408872e-04
 2.24544653e-03
-4.51753572e-03
-2.84754234e-04
-4.27165716e-04
 1.58521517e-04
-6.13289942e-04
-3.55126035e-05
-1.74945768e-04
-1.19762995e-03
-2.88102576e-05
-8.28402692e-04
-4.99474882e-04
-7.73672732e-05
-1.59200712e-04
 2.81047253e-04
-1.27394738e-04
-2.67181535e-04
-4.18820421e-04
-2.03786112e-04
 1.17387296e-04
-4.11805559e-04
-2.79462394e-04
 5.75158751e-05
 1.92732263e-04
-1.49169454e-04
-3.00683409e-04
 2.58365902e-04
 6.24013406e-05
-2.12489357e-04
-2.30733135e-05
 7.54939243e-05
 1.72104916e-04
-3.47294238e-04
-1.62589354e-04
-1.47284335e-04
-8.57391644e-05
 3.78575682e-04
 5.62227236e-05
 3.48337422e-04
 1.79717920e-04
-3.40211757e-04
 5.82327481e-04
 8.01071436e-04
-1.81874866e-04
-7.51448216e-04
 1.42999202e-04
 3.72295682e-04
-6.88593877e-04
-5.02592586e-04
-3.30141786e-04
 1.55282139e-04
 3.01461005e-04
-2.61758428e-04
 3.50392204e-05
-2.81210127e-06
-6.54225085e-05
 2.86068864e-04
-4.57002939e-05
-3.01837782e-04
-1.75841698e-05
 3.58885041e-04
 4.41521296e-05
-1.90386728e-04
 1.35119065e-04
-1.63786432e-04
-3.46909633e-04
-3.52014549e-04
-3.37889807e-04
 2.90138342e-04
 4.28880571e-04
 6.30808468e-05
-4.24623314e-04
 1.36403852e-04
 1.07670760e-04
-5.84007983e-04
 4.33772068e-04
-5.76510864e-04
-1.07236446e-03
-7.72502928e-05
 6.16235808e-06
 7.23188645e-05
-3.23441906e-04
 4.77727193e-04
-1.12296782e-04
-5.72801473e-04
 3.06509941e-04
-1.04141633e-04
-1.75777982e-04
-5.76796310e-04
-2.98837255e-04
 1.33905311e-05
-3.94429329e-04
 1.70696764e-04
-6.58409551e-05
-4.49401267e-04
 1.01768171e-04
 2.72232805e-04
 2.87978609e-04
-1.36373397e-04
-7.47127365e-05
 2.18160661e-04
 2.47065405e-04
 3.79292634e-04
 4.36188803e-04
 5.16564386e-05
 3.65695566e-05
 3.95352542e-05
 2.92017348e-04
 2.03118803e-04
-1.94534337e-04
 3.78164251e-04
-3.39717761e-04
 2.29190434e-05
 5.90477582e-05
-5.93777068e-04
 2.63700323e-04
 8.13283101e-05
-1.46707781e-04
-8.07985825e-05
-2.47213755e-04
 1.54841863e-05
-2.38449528e-04
-3.54720702e-04
 5.90432796e-05
-4.36520031e-06
-5.43623496e-04
 3.37743924e-04
 1.08739234e-03
 1.95099878e-04
 4.78346795e-04
 3.93695389e-04
 1.19805064e-04
 3.04936713e-04
 2.38551676e-05
-1.52651127e-04
-6.66319348e-04
-1.63599693e-04
 5.27487261e-04
-1.48885773e-04
-3.38516146e-04
 3.35363504e-04
-1.35384798e-04
-5.71269320e-04
 5.99397235e-05
 4.15172931e-04
