 4.74451477e-05
 4.54605980e-04
-4.85132788e-04
-4.25972760e-04
-1.25243011e-05
-1.72628166e-04
 3.18909367e-04
 3.26703675e-05
 1.79482965e-04
 2.62144595e-04
-2.61588593e-04
-2.88243512e-04
-3.75864366e-04
 2.46554568e-04
-1.42279606e-04
-3.34515440e-04
 2.84453216e-04
-2.06658918e-04
 1.21339619e-04
 1.66346328e-05
 1.87672109e-04
 3.53946816e-05
-1.60858192e-05
 6.40530291e-04
 1.82107560e-04
 1.60099020e-04
 1.39609962e-04
 3.17033999e-04
-1.20766832e-04
-5.52840812e-04
-4.27383098e-04
-6.49278858e-04
-7.47506097e-06
 2.19148221e-04
 6.36180696e-06
 3.82307579e-06
 2.79103964e-04
 1.97760943e-04
-3.04752321e-04
 1.19936411e-06
-3.23492030e-04
-1.85723420e-04
-2.35329583e-04
-1.34307859e-04
 2.29932868e-04
-5.38263168e-04
 1.02379102e-04
-1.50355092e-05
-4.03289623e-04
 2.67754623e-04
 1.69844490e-04
-4.67329183e-06
-2.81876415e-05
 1.80778890e-04
 5.39098305e-04
 2.05266918e-04
 1.49461628e-04
 5.94943555e-04
 5.81207791e-05
 2.55686701e-04
-2.51286563e-05
-1.04088715e-04
 1.96483344e-04
-3.51499852e-04
 4.80897123e-04
-8.46545110e-05
-2.28175552e-04
 2.73594917e-04
 5.31072221e-05
 7.97702575e-05
 1.16954978e-04
 1.27091421e-04
-1.96532891e-04
 2.14417745e-04
-1.14873208e-04
-2.76344199e-04
 2.03261190e-05
-2.24861591e-04
-3.88922095e-05
-7.57510109e-05
-1.53879460e-04
 3.18066447e-04
 1.38261086e-04
-1.81707409e-04
 6.10151729e-05
-2.26012444e-04
-4.02003995e-04
 1.96953315e-04
 4.69853366e-04
-6.98024171e-05
-2.82983982e-04
 1.86429005e-04
-1.75990104e-04
 1.42807109e-04
 8.74325890e-04
 2.91747145e-04
-1.13026213e-04
-6.08516529e-05
-3.91962195e-04
-8.25095784e-04
-2.65426251e-04
 2.46614721e-04
 2.19574008e-04
 9.90501575e-05
 9.29747379e-05
 8.11548279e-05
-4.16978711e-04
-6.74726631e-04
-6.30810048e-04
-4.21827290e-04
-1.58124153e-04
-2.66003740e-04
-6.52040187e-05
 1.29812613e-04
-9.51250009e-05
-4.95310163e-04
 5.89647378e-06
 2.38962965e-04
-4.13758020e-04
 1.40166437e-04
 2.06507226e-04
 3.04869574e-04
 4.70938474e-04
 3.14042369e-04
 1.88749627e-04
-5.08951331e-04
 9.83618030e-05
-2.71404330e-04
-4.63366290e-04
-3.91559512e-04
-4.90740695e-04
 1.01914588e-03
 1.88606913e-04
-1.82269274e-04
 3.22001041e-04
 6.78544443e-04
 2.82867602e-04
-4.12539222e-04
 3.46576988e-05
-1.12854061e-04
 5.04499824e-04
 4.83740124e-04
 1.43045054e-05
-1.01053458e-04
-6.06864437e-05
-5.16347130e-04
-5.15828384e-04
 3.06879810e-04
 1.31134712e-04
-1.48074388e-04
-7.78466987e-04
-4.49497614e-04
 4.23435899e-04
 2.99992666e-05
 2.59245637e-04
-1.85940095e-04
 7.63756578e-05
 1.36810627e-04
-1.28571744e-04
 2.23540709e-04
-7.89072531e-04
 5.85278133e-04
-1.85738663e-03
-2.95948539e-03
 1.96848096e-04
 6.42884208e-05
-2.44185187e-04
-5.17002612e-04
-3.16013892e-05
-5.43635825e-04
 1.59171421e-04
 6.89941807e-04
-2.61576454e-04
 6.11781077e-04
 4.28594152e-04
-3.45423788e-04
-5.82285848e-05
 1.21191607e-04
 3.84607210e-04
 3.05981941e-04
-3.10787690e-04
-3.70539505e-04
-2.26099356e-04
 4.00188889e-05
 1.39942810e-04
 2.27950819e-04
-8.15729417e-05
-1.45494002e-04
 4.85431585e-04
 3.70814336e-04
-5.73516456e-05
-3.85418796e-04
-1.68880942e-04
 2.13226409e-04
-1.01590719e-04
-1.86849465e-06
-2.85693197e-04
 2.66753560e-04
 1.80644614e-04
-3.92288435e-04
 4.26226207e-04
-4.97544551e-05
-9.30088637e-05
 3.16640243e-04
 1.89791202e-04
-5.13093538e-04
-1.48558687e-04
 6.51219325e-05
-1.90124301e-04
-2.20326493e-06
-1.77619030e-05
-1.08111659e-04
-1.41100865e-04
 4.51523970e-04
-1.19563895e-04
 5.69027560e-04
-1.72858906e-03
-2.45949566e-03
 8.14166883e-04
 2.84053900e-04
-1.52997834e-04
 5.37457318e-04
 7.42984662e-04
 6.46214852e-04
-5.27587038e-05
-4.55201649e-04
 3.93599413e-04
-9.04224572e-04
 2.30092837e-03
 2.83604758e-03
-5.97524104e-04
-1.03178994e-04
-7.43653060e-04
 4.44424120e-04
 9.96235086e-05
 2.09533253e-04
 2.60551926e-04
-7.10604313e-04
-1.01669542e-04
 1.28156707e-04
-9.96658273e-06
-2.98427145e-04
 1.81530663e-04
 3.04024403e-05
-1.19353429e-04
 2.05379058e-04
-7.53401663e-05
 3.33750846e-04
 7.15942305e-04
-1.06624604e-04
-4.74146175e-04
 2.27542246e-05
 3.61174797e-04
 2.01021838e-04
 3.56743382e-04
 2.67971005e-04
-3.36854345e-04
-2.27027187e-04
-1.75027614e-04
-8.43246315e-04
-5.84821424e-04
 8.23658635e-05
-1.09335597e-04
 3.55333527e-05
 5.33300283e-04
 4.43614801e-04
-2.21186841e-04
-3.03223015e-04
-3.51831533e-05
 2.77465132e-04
 3.31673202e-04
-3.96084882e-04
 1.48389956e-04
 8.93385356e-05
-3.75793447e-04
-4.31152190e-05
-2.97183149e-04
 4.96457392e-04
-3.64417375e-04
-4.82611979e-04
-2.01934677e-04
-1.48122127e-05
 1.37678607e-03
-1.19457851e-03
-8.90972085e-04
 4.08653341e-04
 8.63596427e-05
 1.68189075e-04
-5.62869003e-04
 6.02885948e-04
 4.37225766e-04
 4.11497043e-05
-6.88118280e-05
-2.55320770e-04
 5.47132659e-04
-2.27353176e-04
-2.31838331e-05
 5.60046347e-04
-1.75109884e-05
 3.82164894e-04
 2.35895241e-04
 2.99941941e-04
 4.78700988e-04
 2.04264480e-04
 3.22608207e-05
-5.18249295e-04
 1.81964464e-04
 3.78073498e-04
-3.10061149e-04
 2.98242371e-04
-1.42526684e-04
-3.65958723e-04
 1.41212332e-05
-4.18555892e-04
-2.99264188e-04
 1.92609475e-04
 1.18612828e-04
-2.07319354e-04
 3.28263240e-04
 3.72928320e-04
 3.62743510e-05
-2.24393192e-04
-7.64997818e-05
-1.13956222e-04
-2.72407042e-04
 1.64944423e-04
 3.22013287e-05
 2.09300019e-04
 5.74327428e-05
-2.57543581e-04
 1.26505617e-04
 2.53079064e-04
 6.33257462e-04
 2.96070454e-04
-3.25000904e-04
-2.48058683e-04
-3.85179779e-04
-4.43301062e-04
-1.79179283e-04
 9.77615939e-05
-9.56471504e-05
 7.01404817e-04
 4.19897225e-04
-2.66043303e-04
-2.12446476e-05
-3.82797791e-04
