 1.07898339e-04
-2.64307457e-04
-3.04830578e-04
 1.28205299e-04
-3.64116964e-04
-2.57932463e-04
 3.16861040e-05
 9.73740017e-05
 1.23698277e-04
 4.35412007e-05
-6.52140161e-05
-1.31811330e-04
 1.25302782e-04
-7.40271522e-04
-6.20751409e-04
 1.50368574e-04
 2.28100287e-05
 1.89453319e-04
-1.88579927e-04
-3.20918313e-04
-3.42476679e-04
-2.42872557e-04
-1.05224543e-04
-3.61648802e-04
-2.97419385e-04
 1.45467819e-04
 2.90670285e-04
-1.94591751e-04
-4.50648425e-04
 2.43809394e-04
 4.61893878e-04
 1.39168418e-04
 4.01029550e-04
-5.29687439e-04
 1.51201216e-03
 7.91883430e-04
-1.30025028e-03
 7.50441133e-04
-1.24204656e-03
 2.02238207e-03
-4.20384873e-03
 5.71587269e-03
-6.14304087e-03
 1.25432453e-02
 4.30401706e-02
-4.54994120e-02
-1.01293436e-02
 5.98167581e-02
-2.85726980e-02
-4.46332599e-02
 3.78731480e-02
 4.81182960e-02
-2.93927426e-02
-5.88667608e-02
-4.35668175e-03
 5.16182083e-02
 5.24058018e-02
 4.64166680e-03
-4.39012695e-02
-6.09814182e-02
-5.03532480e-02
-2.55318221e-02
 3.40696024e-03
 2.63836594e-02
 3.93837957e-02
 4.51244521e-02
 4.65224273e-02
 4.58565729e-02
 4.33273209e-02
 3.40950941e-02
 1.47788205e-02
-1.28213028e-02
-4.07645375e-02
-5.80266527e-02
-5.60613429e-02
-2.17387276e-02
 3.29138317e-02
 5.99048101e-02
 2.66789548e-02
-3.90547710e-02
-5.57355298e-02
 1.39990415e-02
 6.01218389e-02
-9.34965076e-03
-5.43351747e-02
 2.36867710e-02
 4.48166500e-02
-5.55537748e-02
 4.01898987e-03
 4.56602376e-02
-5.63053382e-02
 3.50702365e-02
-3.01601853e-04
-2.66462265e-02
 3.65143706e-02
-3.31216532e-02
 2.52575675e-02
 1.52307356e-02
-8.66757565e-03
 5.42191618e-03
-4.76827835e-03
 6.24864044e-03
-6.08223306e-03
 3.64489872e-03
-6.61998842e-04
 2.38787983e-03
-7.62524593e-03
 9.24127356e-03
-1.37737562e-02
 3.50948543e-02
 7.81133914e-02
-9.86779007e-02
-1.92484056e-03
 1.14747422e-01
-7.26581140e-02
-7.79407186e-02
 8.79091517e-02
 8.28070607e-02
-7.63090652e-02
-1.11451105e-01
 1.06426692e-02
 1.11605274e-01
 9.23653483e-02
-1.38249634e-02
-1.03060070e-01
-1.21745766e-01
-8.74165654e-02
-2.97040667e-02
 2.96360381e-02
 7.39298085e-02
 9.77779016e-02
 1.05992199e-01
 1.07723293e-01
 1.07178976e-01
 1.03528290e-01
 8.95679401e-02
 5.62122095e-02
 3.87893067e-03
-5.65567884e-02
-1.07423879e-01
-1.22002039e-01
-6.99668768e-02
 3.86320822e-02
 1.17295644e-01
 7.73786376e-02
-5.23807723e-02
-1.20643565e-01
-4.43615421e-03
 1.21557799e-01
 1.11192550e-02
-1.11244615e-01
 1.85094656e-02
 1.06879766e-01
-9.10224515e-02
-2.85734813e-02
 1.09580427e-01
-1.04463125e-01
 4.45866684e-02
 2.71318072e-02
-7.09644351e-02
 7.68943732e-02
-6.03082120e-02
 3.33696467e-02
 4.44877328e-02
-2.27576979e-02
 1.76105633e-02
-1.42197887e-02
 9.87261085e-03
-5.41801186e-03
 5.98540546e-04
 1.32459893e-03
-2.68653364e-03
 2.67450499e-03
-2.10968620e-03
-3.47952490e-04
-2.34888334e-04
-1.60548247e-04
-3.06531088e-05
-4.22437106e-04
-4.35490609e-04
 8.64997636e-05
 3.01408407e-04
 1.55073600e-04
-1.08242665e-04
-3.71708772e-05
 1.15261503e-04
 3.34214415e-04
 4.87743302e-04
 3.49974724e-05
-1.94878430e-04
 9.47546847e-05
-3.37205200e-04
 1.76332013e-05
 1.61797884e-04
-1.22446812e-04
 1.49008353e-04
-1.76025064e-04
-3.07340155e-04
-3.59972044e-04
-4.01376656e-04
 3.61209870e-04
 2.07992637e-04
-1.99186460e-04
-4.19653256e-05
 1.02371726e-04
 2.99653291e-04
-2.66072186e-04
-4.82946971e-05
-1.13884566e-04
-5.56812886e-04
-1.76532184e-04
-4.20405629e-04
-1.21867989e-04
 2.57752420e-04
-4.47804430e-05
 5.72049165e-05
-5.23105831e-05
-1.05920239e-04
 9.68207706e-05
 2.43850683e-04
-2.43694991e-04
-4.87863943e-04
 3.08815552e-05
 1.04590920e-04
 1.32680983e-04
 3.88859210e-04
 2.57872882e-04
-1.20127149e-04
-2.65429693e-04
 1.02714180e-04
-8.46076408e-05
 1.17282741e-04
 3.77740176e-04
-7.30895249e-05
 1.15977964e-04
 6.15748970e-05
-7.53487097e-05
 1.41380096e-04
 1.75817988e-04
-3.47553915e-04
-2.78284158e-04
 1.47289186e-04
 2.71628629e-04
 4.17013484e-04
-2.61477741e-04
-4.36792765e-04
-4.69182554e-04
-5.58347831e-04
-1.09233228e-05
 3.98958815e-04
 1.95086254e-04
 2.11516263e-04
 4.73557506e-04
-1.03823183e-04
 1.52021960e-04
 2.96250891e-04
-4.05913375e-05
-2.75893666e-04
 8.87398253e-05
 4.93088613e-04
 8.65378585e-05
 5.16632682e-04
 4.12008416e-04
 4.67989697e-04
 1.44806520e-04
-3.46291437e-04
 2.95057586e-04
 3.04645885e-05
 5.79792952e-04
 4.13566989e-05
-5.87837942e-04
 4.02037731e-04
-8.82035091e-05
 7.46530314e-05
 2.89210992e-04
 1.96943358e-04
 1.25138523e-04
-3.03048094e-04
 3.14646069e-05
-2.59982927e-04
 3.24367990e-04
 7.43312947e-04
-3.29182986e-04
-2.42610411e-04
 1.01863247e-03
 5.95159524e-04
-3.88164208e-04
-2.17332106e-04
-7.43691093e-04
-4.91562204e-04
-4.62505678e-05
-2.41349108e-04
 1.67056864e-04
 3.00172704e-04
 2.44033422e-04
 1.64114323e-04
-1.09554791e-04
 1.73748792e-06
-9.12799410e-05
-3.30386302e-04
 6.04978994e-06
 3.69868339e-04
 4.54764407e-04
 2.35460463e-04
-1.76917682e-04
-2.26271979e-04
-3.79624579e-04
-1.30235375e-04
-7.04185396e-05
-7.43197456e-04
-1.06675464e-04
-4.86827586e-05
 8.09112370e-06
 3.58381704e-04
-5.32518151e-05
 3.70776774e-06
 4.56231405e-06
 3.25440216e-04
 1.66234658e-04
 6.15183420e-04
 6.44446354e-04
-2.25607901e-04
 2.95510043e-05
-1.26862814e-04
 7.51479351e-05
 1.59420275e-04
 5.77960953e-06
 2.72888322e-04
-4.95372996e-04
-1.28159872e-04
 1.81923708e-04
-3.87195265e-04
 2.99365473e-04
-9.04558204e-05
-5.70275927e-06
 6.11842315e-04
-1.17619757e-05
 1.86920268e-04
-1.46905746e-04
 6.75632262e-05
 6.23131148e-04
-7.58012481e-05
 2.87335909e-04
 1.44020828e-04
-2.37144085e-04
 3.00062259e-04
