 1.51150950e-04
 6.04464605e-04
 9.10924276e-06
-4.91040480e-05
-2.80961181e-04
 9.21986700e-05
 3.68834241e-04
-2.21799369e-04
 1.81666910e-04
 1.17823406e-04
-6.32775336e-05
-9.68052294e-05
-7.54176453e-05
-2.67051362e-05
 2.14317085e-05
-3.49263011e-04
-3.92650140e-04
 2.11146998e-04
-7.98895602e-04
-5.89059273e-04
 1.78067688e-04
 3.02480129e-04
 2.80961008e-04
 5.08668960e-05
 4.19703843e-04
 1.98714519e-04
 1.44229236e-05
-3.27877715e-04
-4.23578297e-04
 4.15645967e-04
 2.77475141e-04
 1.64161820e-04
 2.11304225e-04
-7.54264457e-04
-2.81153194e-05
 4.29244464e-05
-1.48823663e-04
 1.44379542e-04
-4.82693339e-04
 2.29248921e-04
-1.40621323e-05
-7.02515335e-05
-1.41946992e-04
-5.90867944e-04
 1.66202936e-04
-1.05864765e-05
-1.02708448e-04
 7.01325566e-05
-4.94490997e-04
 1.18755673e-04
 8.16899985e-04
-1.82520760e-04
 1.00759391e-04
 3.92804470e-04
-2.55303961e-04
 3.19477064e-04
 5.43074321e-04
 1.60021236e-05
 2.35620895e-04
 3.31593602e-05
-2.99998859e-04
-2.82005828e-05
-7.56029414e-05
-3.50296425e-05
 1.38507422e-04
-2.33985238e-04
-2.00274336e-04
 5.00451056e-04
-3.01294575e-04
 4.46748917e-05
 1.40452006e-04
 1.42350645e-05
 5.14340792e-04
 6.26733584e-05
 1.43350001e-04
 6.83476108e-05
 3.40337219e-04
-2.24266287e-05
-7.99751456e-05
-1.71883010e-04
-2.78814738e-04
-2.53230370e-04
-5.50729467e-04
 4.40104180e-05
-2.61312965e-04
-4.10572088e-04
 2.67099278e-04
-2.26173233e-05
-1.58605412e-04
 2.80605612e-05
 1.92930681e-04
 4.00693769e-04
-1.89517825e-04
 1.95503387e-04
-1.88731811e-04
-4.61542520e-04
-1.85430714e-05
-6.70664744e-04
-5.87042718e-04
-2.91801916e-04
 2.52508383e-04
 6.65493728e-05
 4.68159301e-04
 2.75211052e-04
-3.86961684e-04
-1.26793395e-04
-1.60454809e-04
 3.31527537e-04
-3.24291771e-04
-2.35906082e-04
 4.26803179e-04
-1.61432807e-04
-2.62438392e-04
-3.52259646e-05
-8.52445611e-05
-3.46892362e-04
-2.67592200e-04
 3.14979326e-04
 2.46065935e-04
-1.93084473e-04
 1.60751584e-04
 4.98896014e-05
-1.46399723e-04
 3.37429066e-04
 4.67529954e-04
 2.01851976e-04
 1.92592104e-05
 4.16250660e-04
 4.88740612e-04
 4.80758274e-04
 1.81976403e-04
-4.14946754e-04
-2.05608698e-04
-1.85566579e-04
-3.11717558e-04
 1.74120468e-04
 1.33676774e-04
-1.62175754e-04
 1.66501940e-04
-1.67313706e-04
-5.24107555e-05
 3.11364340e-04
-1.15744350e-04
-1.44124286e-03
 1.24296287e-03
 6.64391207e-04
-1.07729267e-03
 1.39589599e-03
-1.21396314e-03
 2.49429854e-03
-4.40942182e-03
 5.19216249e-03
-6.42859692e-03
 1.18594826e-02
 4.30388835e-02
-4.55009225e-02
-9.75609366e-03
 5.99166197e-02
-2.89409613e-02
-4.45267798e-02
 3.79447422e-02
 4.81129358e-02
-2.94238315e-02
-5.84234533e-02
-4.56625253e-03
 5.14300813e-02
 5.22897100e-02
 4.12000767e-03
-4.41526504e-02
-6.17610730e-02
-5.02596142e-02
-2.56433233e-02
 2.60274029e-03
 2.62480495e-02
 3.96240823e-02
 4.48996441e-02
 4.59461169e-02
 4.60413109e-02
 4.32556115e-02
 3.39121737e-02
 1.45197073e-02
-1.23691300e-02
-4.01431016e-02
-5.90265927e-02
-5.63229852e-02
-2.12540473e-02
 3.33232289e-02
 6.03053344e-02
 2.62665987e-02
-3.91415387e-02
-5.56601843e-02
 1.43765639e-02
 5.98726790e-02
-9.77238903e-03
-5.25655651e-02
 2.36578971e-02
 4.42420086e-02
-5.51323305e-02
 3.20152992e-03
 4.52458885e-02
-5.64769435e-02
 3.45221278e-02
-7.00773882e-04
-2.66921563e-02
 3.58810664e-02
-3.38564064e-02
 2.53727015e-02
 1.64346575e-02
-8.27255084e-03
 5.12939563e-03
-4.53099770e-03
 5.39943085e-03
-6.08112231e-03
 3.78295445e-03
-1.29172760e-03
 2.33800411e-03
-7.45421369e-03
 9.01744056e-03
-1.27058915e-02
 3.68311979e-02
 7.71685049e-02
-9.90941737e-02
-2.12394312e-03
 1.14689092e-01
-7.24889485e-02
-7.81773262e-02
 8.83349724e-02
 8.30680651e-02
-7.53246958e-02
-1.10979156e-01
 1.04957663e-02
 1.11335574e-01
 9.15433234e-02
-1.41248268e-02
-1.02809530e-01
-1.21501615e-01
-8.66501690e-02
-2.93777001e-02
 2.90522266e-02
 7.36354569e-02
 9.81474665e-02
 1.05686558e-01
 1.06740136e-01
 1.06944153e-01
 1.03824477e-01
 8.93901354e-02
 5.59742851e-02
 3.44193545e-03
-5.74657185e-02
-1.06795859e-01
-1.21801192e-01
-6.99263089e-02
 3.93233965e-02
 1.15923031e-01
 7.67377080e-02
-5.28242620e-02
-1.21017608e-01
-3.65435772e-03
 1.20625406e-01
 1.05696428e-02
-1.11189640e-01
 1.78508302e-02
 1.06154058e-01
-9.08819413e-02
-2.75955417e-02
 1.09904545e-01
-1.04468195e-01
 4.41668881e-02
 2.68594037e-02
-7.09183063e-02
 7.70325543e-02
-5.98642867e-02
 3.28563059e-02
 4.38880870e-02
-2.26059472e-02
 1.80130970e-02
-1.41336886e-02
 9.78515158e-03
-5.09119695e-03
 7.34278804e-04
 1.99001875e-03
-2.73012436e-03
 1.82150987e-03
-2.33201991e-03
 3.94757748e-04
 4.13423800e-04
-1.90904814e-04
 6.36659172e-05
-4.32030117e-05
 2.13126742e-04
-5.19550212e-04
-3.51799747e-04
 1.33976117e-04
 2.20149387e-04
 2.26314680e-04
-8.93910968e-04
-1.02142222e-04
 4.94829351e-04
-7.15760168e-05
-8.88994935e-05
 3.73411121e-04
 7.08416367e-06
-6.25767856e-04
 1.58151424e-06
-3.29074325e-04
-9.16535243e-05
 3.85702737e-04
-2.52966266e-04
-5.37113934e-05
-3.83077100e-05
-3.78204868e-04
 2.73123137e-04
 5.72420461e-05
-1.99799134e-04
 4.78069654e-06
-6.41838131e-04
-2.02296664e-04
-2.51672944e-04
 3.43126334e-04
 5.94458388e-04
-1.33047469e-04
 4.05504802e-04
 1.21433506e-04
 3.63303144e-04
 4.30469712e-04
 2.04410565e-06
-1.88879854e-04
-6.06290885e-05
 4.25692350e-04
-2.19272976e-04
-6.54558030e-04
-4.60945690e-04
 3.80865910e-04
 6.13157063e-04
 5.47293587e-04
 5.50596134e-04
-4.77692658e-04
-4.21230857e-04
-3.72443964e-04
-6.03008236e-05
 3.51452856e-04
-3.47730701e-04
-1.14125659e-04
-4.09791257e-04
-2.24253878e-04
 3.95155204e-04
