-4.35044480e-05
 3.53851238e-04
 3.06180243e-04
 6.14215270e-04
 2.45298629e-04
 2.20120770e-04
 5.79197259e-04
 9.73593074e-05
 2.29981939e-04
-4.14358888e-04
-4.30587095e-05
-4.02233464e-04
 1.42753748e-04
 7.61064359e-04
-2.29219657e-04
 4.45054935e-04
 4.16505713e-04
 4.36832153e-04
-3.51853199e-04
-3.73287394e-04
 1.21578303e-04
 8.26561653e-05
 3.22401753e-04
-2.84171449e-04
 2.11686231e-04
-7.96673963e-05
-6.72313258e-04
 5.01468928e-05
 3.88113986e-04
 2.93479799e-04
 3.85983744e-04
 2.95025016e-04
-8.08411713e-05
 3.94627370e-04
 5.56701352e-04
-2.47593265e-04
-1.58635882e-04
 2.44692550e-04
-1.58376531e-04
-1.43569451e-04
-1.67625817e-04
-1.33418827e-04
 7.06897098e-05
-5.76257994e-04
-7.70488932e-05
 2.64295774e-04
 7.55942048e-05
-1.37826282e-04
-2.06420164e-05
 3.76235945e-04
-4.58693139e-04
-2.14778911e-04
 2.88120188e-04
 9.45316207e-05
-3.69312506e-04
 1.01515179e-04
 5.67565853e-04
 7.17824345e-05
-2.62538880e-05
-8.86637411e-05
-4.20400304e-04
-5.09020255e-04
-6.76861467e-07
-8.91365914e-05
-2.96739577e-04
 2.48961135e-04
 1.34545876e-04
-3.17083922e-04
 4.66689486e-04
 7.73192776e-04
 6.17395005e-05
 3.16107629e-05
 8.34410316e-05
-2.67245531e-04
-1.37731538e-04
 1.57832950e-04
 1.67510612e-04
 5.86577391e-05
-2.36031667e-04
-4.00009909e-04
 5.09749217e-04
 5.18813723e-04
 5.30218829e-05
 1.69940687e-04
-4.67687468e-04
-3.20220055e-05
 9.60232865e-05
-1.01403091e-04
-1.35530285e-04
-4.24542413e-04
-1.50819053e-05
 1.50002225e-04
 1.01398585e-04
 1.36820893e-04
-1.44496211e-04
 7.42251366e-05
 9.96479787e-05
-2.72222660e-04
 5.08290416e-04
-3.89478256e-04
-6.43367604e-04
 4.82479564e-04
-2.11051603e-04
-8.05105593e-05
 6.95693767e-05
 1.35024926e-04
 7.93018215e-04
 4.92925525e-04
 6.02081637e-04
 4.16405521e-04
-1.15898962e-04
 1.46636589e-04
 6.33641008e-05
-3.43255393e-04
-1.24134912e-04
 3.43039625e-04
 1.59735346e-04
 1.15720092e-04
-7.19904111e-05
 1.14621504e-04
 9.26463872e-05
-3.56967789e-04
-9.64254775e-05
 1.28476742e-04
 3.31255897e-05
-1.58490580e-04
 2.02386654e-04
 2.55083725e-05
-1.27993770e-04
-9.37460830e-04
-6.97735192e-05
-1.57663618e-04
 1.57595541e-03
 4.85597534e-03
-1.56164429e-03
-1.68312275e-03
 2.85078006e-03
-1.20709632e-03
-2.83005797e-03
 2.05428796e-03
 2.98978682e-03
-2.78054251e-03
-3.66048008e-03
 8.36245332e-04
 3.45854428e-03
 1.51369821e-03
-1.89263136e-03
-3.50453804e-03
-2.63062933e-03
 1.53809133e-04
 1.95055601e-03
 2.56803515e-03
 3.21186117e-03
 3.32016904e-03
 2.95002968e-03
 2.41499524e-03
 2.23649676e-03
 2.52665981e-03
 2.79844351e-03
 3.25569592e-03
 3.47460201e-03
 3.53835178e-03
 2.63568232e-03
 9.99183644e-04
-1.11139779e-03
-2.94026200e-03
-2.65670663e-03
-4.73433185e-04
 2.29253976e-03
 2.54962655e-03
-1.73169301e-03
-3.65001030e-03
 7.11386708e-04
 3.12876687e-03
-6.60997030e-04
-2.90868819e-03
 1.88462052e-03
 1.39211454e-03
-3.16844260e-03
 2.42229762e-03
 1.96524943e-04
-2.10122456e-03
 3.30719688e-03
-1.07366299e-03
 2.70043540e-04
 4.69230683e-04
-2.02017712e-03
-6.63828842e-04
-8.66601469e-04
 1.58707289e-04
-4.98308948e-04
 1.79884229e-04
 2.53317036e-04
-2.74300821e-04
 7.40609575e-04
-3.82504521e-04
 3.14862699e-04
-5.93794790e-04
 1.02562986e-03
 6.54359579e-03
-3.37924992e-03
-3.13065630e-03
 6.94715574e-03
-2.62605320e-03
-5.73937264e-03
 4.36440754e-03
 4.33813611e-03
-5.08382287e-03
-5.54302043e-03
 2.81770229e-03
 6.26536821e-03
 1.86253952e-03
-4.88307942e-03
-6.92830038e-03
-4.30953556e-03
 6.92489770e-04
 4.75606414e-03
 6.29497969e-03
 7.13473284e-03
 6.44090702e-03
 4.66245698e-03
 3.31063339e-03
 3.26213708e-03
 3.10757721e-03
 3.76328140e-03
 5.63450658e-03
 6.69165288e-03
 7.09795287e-03
 5.76841084e-03
 3.26547777e-03
-9.83713862e-04
-5.93517282e-03
-6.47357265e-03
-1.44533282e-03
 5.34615731e-03
 6.21643224e-03
-9.90047036e-04
-6.88321643e-03
-5.41061067e-04
 7.03513423e-03
 1.58017266e-04
-5.97362906e-03
 2.40816633e-03
 4.83262917e-03
-6.43242264e-03
 2.54233824e-03
 2.99191220e-03
-5.77519534e-03
 4.96846670e-03
-2.67867980e-03
-2.34506241e-05
 1.68942064e-03
-3.82106238e-03
 3.09833939e-03
-3.70558813e-04
-7.04885370e-05
-2.22398874e-04
-2.85273070e-04
 6.03408687e-04
-3.10213429e-04
 2.05387262e-04
-7.03551151e-04
-2.06226253e-04
 5.45902795e-04
 9.70129191e-06
-9.40476599e-05
 3.37490240e-04
 2.07533827e-05
-8.47777285e-05
-1.96278590e-04
-4.14041497e-04
-2.54405034e-04
 2.76657296e-04
-1.26071903e-04
-7.33828861e-04
-4.10433271e-04
-1.91985435e-04
 2.27177906e-04
 1.19736317e-04
-2.91921889e-04
-1.76473409e-04
 2.70243575e-04
 4.08596606e-04
-4.74857921e-05
 1.37251647e-04
 3.19996839e-04
 7.75335050e-05
-1.38702736e-04
 1.00941098e-04
 2.35463778e-04
-5.76919141e-05
-9.17013584e-06
 2.51015941e-04
 2.01620487e-04
 1.38679367e-04
 1.39265845e-04
-1.47194279e-04
 6.20037607e-05
 1.60783702e-04
-6.61499530e-05
 1.53366328e-04
 1.66871558e-04
-1.50880855e-04
-2.02823899e-04
 1.09285948e-04
-7.45757559e-06
 6.42192772e-04
 3.79414731e-04
-2.51184699e-04
 8.70762785e-05
-5.49616214e-05
 3.81783614e-04
-8.21319837e-05
-3.79337050e-04
 1.60118952e-04
 3.92604374e-04
 2.58320246e-04
 3.07249904e-04
 4.97745401e-06
-3.46343076e-05
 9.12274893e-05
-8.18956115e-05
 3.42797575e-04
 1.81963730e-04
-2.50589820e-05
-2.76797774e-04
-3.17675871e-04
 3.59144684e-05
-2.52312536e-04
-1.43579654e-04
 5.94492815e-04
 5.43833969e-04
 2.97229097e-05
 1.43913873e-04
 4.95997315e-04
-1.88405463e-05
-1.19534638e-05
 4.80706196e-04
-2.58059400e-04
-2.38202150e-04
-5.08127491e-05
-2.07411463e-04
 1.34139589e-04
 1.29410007e-04
 2.00176501e-04
 1.80101029e-04
