 4.60795980e-06
 4.43448585e-04
-1.05435329e-04
-1.86551892e-04
-1.53668439e-04
-3.54276692e-04
 4.22573659e-04
 3.69823508e-04
 2.00509317e-04
 1.12643538e-04
 1.35913126e-04
-1.27938473e-05
 2.94632320e-04
 7.99482026e-04
-2.32582394e-05
-9.27119041e-05
-3.72663816e-06
-3.05467957e-04
 3.02228001e-04
 5.11357345e-04
-1.22285391e-04
-5.16518698e-04
 2.91263519e-05
 7.13868555e-04
-2.12926822e-04
 1.86752485e-04
 5.42842645e-04
 8.92556436e-06
 4.08072722e-04
-4.82275702e-04
-5.36294469e-04
 1.63674373e-05
-8.45246505e-05
-1.92120433e-04
-2.73869734e-04
-9.76081231e-05
-9.43092762e-05
 1.22789852e-04
 2.41799231e-04
 4.29847469e-04
 3.54873904e-04
-2.41553595e-04
-5.28213797e-05
-1.71588275e-04
-2.72180572e-04
 1.75999107e-04
-3.24910050e-04
 4.19140989e-06
 2.63643626e-04
 2.02260203e-05
-1.83097807e-04
-2.14091774e-04
 1.77709521e-04
-3.67903674e-04
 3.52781545e-04
 5.90120199e-04
-3.25115332e-04
-3.24293591e-04
-3.66488370e-04
-1.43226812e-04
-4.89366131e-04
-1.93698804e-04
 8.47090582e-04
 2.76889228e-05
-1.50524787e-04
 9.62272251e-05
 1.12893189e-04
 3.05581818e-04
-3.21120264e-04
 1.42689283e-04
 3.17925640e-04
-3.20188786e-04
 7.21952188e-05
 4.58837463e-04
-6.81218084e-05
-4.90534061e-04
-6.78427363e-04
-4.90606320e-04
-1.35129039e-04
-8.70383916e-05
-2.92328919e-04
-3.46405584e-04
 2.06476307e-04
 3.17547439e-04
-1.53956377e-04
 7.17071467e-05
-1.14128454e-04
-2.93347839e-04
 1.43750535e-04
 1.51276358e-04
 1.35221221e-04
-3.43096321e-05
 3.90807431e-04
 2.72128305e-04
 4.96267102e-04
 7.35338489e-04
 2.36003449e-04
 5.65803393e-04
-5.05016468e-06
-9.07939487e-05
 6.70178904e-04
 4.51098020e-04
 1.60814969e-04
 5.92669416e-05
 1.85521995e-05
-9.97396608e-05
 3.00469136e-05
-1.53605400e-04
 2.20134538e-05
 2.81828617e-04
 1.14480687e-04
-1.53252765e-04
-8.31974210e-04
-4.76298044e-04
-1.70962646e-04
 1.40280844e-04
-1.45313516e-04
-3.63057117e-04
 2.69283723e-05
-5.66650577e-04
-6.01900771e-04
-1.95317872e-04
-4.72781896e-04
-2.08238070e-05
 4.43470855e-04
-5.82812570e-04
-5.73537462e-04
 9.25033593e-05
-4.38962201e-05
-9.00178045e-05
-3.98803431e-04
-5.52219019e-04
-2.30466720e-04
-5.07820838e-04
-6.92013665e-04
-3.23663426e-04
 1.61235495e-04
 2.17042812e-04
 3.68394326e-05
 2.99354365e-04
 2.74329542e-05
-6.56950534e-04
-7.67649458e-04
 1.28623971e-04
 5.72655004e-04
 8.82234837e-05
-3.06689329e-05
 5.87685733e-05
-7.07464152e-05
-1.45596605e-04
 2.21403708e-04
 1.02401310e-04
 2.99000751e-05
-1.86587362e-04
-8.28679087e-04
-1.79225052e-04
 3.61341063e-04
-2.58988700e-06
 2.31359502e-04
-2.45301609e-04
-3.80720168e-04
-4.70478282e-05
-2.74332834e-04
-3.85309172e-04
-5.07063237e-04
-6.62423103e-05
-3.01810130e-04
-3.68581531e-04
-4.60232572e-04
 4.73774241e-05
 2.25580864e-04
-6.05119270e-06
 1.89498162e-04
-7.28847321e-05
 2.21756750e-04
-3.78241310e-04
 1.51659220e-04
 3.31859900e-05
-5.28439132e-04
 5.84991135e-04
 9.49876476e-04
 5.88729490e-04
-5.51321600e-04
-2.92233850e-04
 4.45724974e-04
 3.38313256e-04
 7.36752763e-05
-5.34624211e-04
 8.95148508e-05
 7.05283025e-04
-2.48209979e-04
 2.51426150e-05
-3.62443825e-04
 9.70903377e-04
 2.23684758e-03
-2.51035877e-03
-4.58730166e-04
 3.76263994e-03
-1.50858940e-03
-3.02386376e-03
 1.78965101e-03
 2.41844694e-03
-1.53511065e-03
-3.23664660e-03
-1.52026972e-04
 2.66519353e-03
 3.17779744e-03
 2.45503276e-04
-2.89319576e-03
-3.02228342e-03
-2.85240939e-03
-1.97302866e-03
 4.35295730e-05
 1.48072884e-03
 2.09148470e-03
 2.82904252e-03
 2.42370923e-03
 2.60605989e-03
 2.82381072e-03
 2.00964143e-03
 1.18808770e-03
-6.81487050e-04
-2.29695767e-03
-2.71682238e-03
-3.22124213e-03
-1.06265608e-03
 2.62362351e-03
 2.89459956e-03
 1.42728780e-03
-2.14785911e-03
-3.47351482e-03
 6.89108379e-04
 3.16023537e-03
-5.73253676e-04
-3.12812424e-03
 1.33307589e-03
 2.60430933e-03
-3.15660133e-03
 5.85437112e-05
 2.37833590e-03
-3.70024254e-03
 1.85732028e-03
 2.67317754e-04
-1.13568305e-03
 2.08047620e-03
-1.62468337e-03
 8.13862657e-04
-5.75446510e-04
-1.40253908e-04
 3.75626245e-04
-5.53103627e-04
 3.96472599e-04
-5.81649852e-04
 1.89833468e-04
 3.46667511e-04
 5.06368576e-04
-3.18336329e-04
-2.63116717e-04
-1.87646930e-04
 4.10968212e-03
 4.66553855e-03
-5.66915699e-03
-1.12908941e-04
 6.74432691e-03
-3.67527569e-03
-4.37906935e-03
 5.29460319e-03
 4.98097361e-03
-3.82573057e-03
-6.30970390e-03
 3.59252711e-04
 7.23138062e-03
 5.79167348e-03
-6.54379679e-04
-5.36534566e-03
-6.93926836e-03
-5.14397270e-03
-2.04094321e-03
 1.56606403e-03
 4.48512956e-03
 5.41774045e-03
 5.87786255e-03
 6.56998488e-03
 5.93864507e-03
 5.61670755e-03
 5.04045536e-03
 2.72601195e-03
 3.73538197e-04
-2.64486566e-03
-5.65947682e-03
-6.81652894e-03
-3.89410556e-03
 2.14149842e-03
 6.26151995e-03
 4.28399602e-03
-3.00902411e-03
-6.45242277e-03
 5.66199775e-04
 6.69586715e-03
 3.88193091e-04
-5.79252857e-03
 8.94935795e-04
 6.28983912e-03
-4.55907825e-03
-1.31629101e-03
 6.35293617e-03
-6.05247514e-03
 2.59961248e-03
 2.08585601e-03
-3.21104856e-03
 3.29080871e-03
-2.85957508e-03
-1.67567932e-04
-2.25602748e-03
-1.14704341e-03
 1.21141437e-03
-7.91439421e-04
 1.01456115e-03
-5.21370327e-04
 6.32145737e-06
-2.51304113e-04
-4.25464347e-04
 6.03152799e-05
-3.01524818e-04
 6.90799563e-05
-1.95336786e-04
-2.64835236e-04
 4.02587740e-04
 9.91376041e-05
-1.88211263e-05
 9.06089328e-05
-2.64991743e-04
-5.18499451e-05
-1.40278475e-04
-2.86915287e-04
-1.82370202e-05
 3.19354425e-04
 3.01679121e-05
-3.86312031e-04
 7.63462762e-04
-3.07581648e-05
-3.18884165e-04
 6.10996680e-04
-5.00642409e-04
-4.67701300e-04
-2.34944391e-04
