 2.67156893e-05
-2.18258768e-04
 1.63253623e-04
 2.15115671e-04
-2.68698279e-04
 5.02255690e-04
 1.89594356e-04
-1.03156808e-03
-4.25648067e-04
-9.46718275e-05
-2.79591180e-04
-5.82716402e-04
 5.18618543e-05
 3.92151409e-04
-2.92364947e-04
-1.98259763e-04
-3.20715789e-04
 1.31231609e-04
-2.72267543e-04
 2.04359233e-04
 5.53411527e-04
-2.26091710e-04
 3.29930081e-04
-3.04513632e-05
-6.70540685e-04
-5.65892989e-04
-2.98455908e-04
-1.68287856e-04
-3.99128664e-04
-2.65662768e-04
 2.30540624e-04
 2.02846599e-04
 6.35346716e-05
 1.32839817e-04
 2.22047235e-04
 1.47187751e-04
-2.30810308e-04
 2.86958806e-04
 4.35565109e-04
-1.88608550e-04
-4.47178854e-05
-1.93692887e-04
 3.68251484e-04
 3.20237989e-04
-1.40755387e-04
 4.03461055e-04
 3.61252001e-04
 1.51276257e-04
 3.74879153e-04
 5.76588559e-04
-1.25020376e-04
 1.11832383e-06
-3.54913124e-05
-1.86086494e-05
 9.44225691e-05
-1.25288708e-04
 2.85013006e-04
 3.22161373e-04
 1.55331415e-04
-4.47261960e-04
-8.02595484e-05
 4.59530883e-04
 6.15716838e-04
 1.79904454e-04
 3.68850870e-04
 4.25061924e-04
-3.76046078e-04
 7.82968851e-05
-1.48658412e-04
-4.27276560e-04
 6.97500870e-05
-2.34110866e-04
-3.92042793e-04
 2.05478934e-05
-1.94965607e-04
 2.60907209e-04
 8.65951218e-05
 1.33905107e-04
 2.47710468e-04
-4.50645400e-04
-2.76008316e-05
-3.02271070e-04
-8.49093964e-05
 1.12747675e-04
-5.62556402e-04
-4.22676504e-04
-5.28952575e-04
-1.99605857e-05
 3.93246119e-04
-3.40175927e-04
-6.13947683e-04
-1.98117551e-04
 2.12780796e-04
 3.44899298e-04
 8.16466712e-05
-4.84968400e-05
-1.88079043e-04
-6.30398648e-04
 1.29030894e-04
-3.44670020e-04
-4.74421411e-04
 1.37662961e-04
-2.05749934e-04
 3.05571530e-04
-2.86006166e-06
-4.73589550e-05
-1.20250467e-04
-1.03178685e-03
-1.09840210e-04
 1.21849705e-04
-2.73109357e-04
 5.90919669e-04
-5.45811832e-05
-4.06695390e-04
 1.90333558e-04
-5.39252509e-06
-9.58463688e-05
 1.32541811e-04
-1.04128617e-04
 3.44478038e-04
 2.74476659e-04
-1.50158384e-04
 4.98363931e-04
 4.33802764e-04
-1.27152932e-04
-3.89357097e-04
-2.84267038e-05
 1.96460762e-04
 4.44103882e-04
 4.34999511e-04
 4.00591910e-04
 4.99600962e-04
 1.57439945e-04
-8.60944616e-05
-4.06291775e-04
-4.08076393e-04
-1.30322644e-04
-7.33302298e-05
 1.14692411e-04
 3.96963564e-04
 2.30186993e-04
-3.34741786e-04
-4.05963611e-04
-5.81504602e-04
-5.20312568e-04
-6.15216323e-05
 3.74752325e-06
 4.37486943e-05
 1.15479373e-04
 3.00534198e-04
-8.99951430e-05
 2.02703507e-04
 1.02953896e-04
-2.16716325e-04
-8.63889240e-05
-1.52127108e-04
 4.96555794e-05
-2.17285180e-04
 5.06081080e-04
 2.19253293e-04
-1.80043361e-04
 1.57993007e-04
-2.83775298e-04
 8.01827849e-05
 5.34212513e-05
 8.43324508e-05
 1.08411708e-04
 3.60161823e-04
 5.54267674e-04
 3.79269715e-04
 5.70378755e-04
-5.34960874e-04
 7.39297897e-04
 1.35349602e-03
-4.62637882e-04
-1.00315409e-05
 3.98496268e-04
 3.53268150e-05
-2.98703081e-04
 2.53242412e-04
-1.52552653e-04
-5.92806409e-04
-1.86578237e-05
 2.94438934e-05
-8.10295723e-05
 1.87571607e-04
 2.77070618e-04
-3.67077637e-04
-3.22155339e-04
-3.22297895e-05
 1.64930078e-04
 1.65538155e-04
-2.37252284e-04
-5.51370421e-04
-1.22329382e-04
 1.11994900e-04
 5.70410739e-05
-2.19282073e-04
-8.09302670e-05
 2.51942624e-04
-2.76769221e-05
-8.66243406e-05
-4.93962931e-04
-4.43926110e-04
-2.39566155e-04
-4.67573512e-04
-1.99319057e-04
 1.15646579e-04
 1.55648146e-04
-8.38436131e-05
-1.45176945e-04
 1.20348913e-04
 6.12803475e-05
-2.69583190e-04
-9.30615278e-06
 4.26056316e-04
 3.92142831e-04
 1.06722535e-04
-1.31710633e-04
 3.87473294e-05
-1.88114120e-04
-1.32041168e-04
-2.92760482e-04
-9.22887880e-05
 1.06672040e-04
 2.64515968e-04
 5.76926404e-04
-2.65723146e-04
-1.57982262e-04
-2.32556652e-05
 5.15170040e-04
 2.14600494e-04
 4.28770576e-04
 8.64494222e-05
-3.27635503e-04
 3.73424011e-04
-9.45335029e-04
 7.81507214e-04
-1.71095136e-03
-2.81213684e-03
-4.17817676e-05
-5.88981919e-04
 1.22807294e-05
-1.21524622e-04
 1.18576944e-04
-5.09384793e-04
-7.92311820e-05
 4.45443472e-04
 3.43201645e-04
 8.83998689e-04
 6.02130733e-04
 4.70022812e-04
 9.40771313e-05
 2.55312206e-04
 3.89133730e-04
 4.39113900e-04
 1.50588887e-04
-1.70597326e-04
 1.52342046e-04
-3.45225721e-04
-4.27931316e-04
 1.75101007e-05
-3.04927930e-04
 1.28293049e-04
 1.82943192e-04
 7.79744775e-05
 2.70849588e-04
 5.44887855e-04
 7.40229690e-04
 2.41080984e-04
 1.32447853e-04
-6.40528069e-04
-1.69890126e-04
 7.81542646e-05
-5.65936506e-04
-3.26474770e-04
-4.05838029e-04
 2.18850385e-04
 2.03424243e-04
 4.07176394e-04
 3.55450827e-04
 1.95647727e-05
-1.24451268e-04
 9.30836767e-06
 1.45668995e-04
-7.16346283e-04
 1.05677479e-05
-2.78306376e-04
-8.25779766e-05
-3.76112299e-04
-6.08437631e-05
-7.41643029e-04
 5.26726292e-04
 4.32585916e-03
 1.89563996e-04
-1.13568300e-04
 8.60887393e-04
-4.29327367e-04
 4.95850493e-04
 4.27271402e-04
 6.41332558e-04
-6.42452185e-05
-4.72890910e-05
 3.27206220e-04
-2.75023857e-04
-1.88836090e-05
 8.78096683e-05
-1.14287782e-04
-2.19982674e-04
-1.45100988e-04
-6.83612927e-05
-2.67233229e-04
-6.39189337e-04
-5.66126293e-04
 2.81631212e-05
 9.90155858e-05
 4.69019590e-04
-1.31758190e-04
-4.35592598e-04
-1.54293516e-04
 3.16189047e-04
 2.88183343e-04
-2.46532393e-04
 7.77182015e-05
-6.05566097e-04
-4.00931602e-04
 8.16915540e-04
 5.28422259e-04
-2.34454177e-04
-3.14436611e-04
-2.39129998e-04
 3.37321596e-04
 5.33353272e-05
-6.89042761e-04
 1.62569573e-04
 8.29720340e-05
-1.75738511e-04
-9.54331795e-05
-1.93802853e-04
 7.80825708e-05
 5.17942754e-05
 5.11651950e-04
 5.19066990e-04
 3.29774152e-04
 2.34104142e-04
-1.09627200e-04
