 2.12173405e-05
 9.20828147e-05
-2.25518478e-04
-6.18233356e-05
 8.70695852e-05
-3.28684178e-04
-1.17985754e-04
-1.04676728e-04
-2.46886314e-04
-5.57420655e-04
-5.60982896e-04
-5.16938370e-05
-6.61584014e-05
 2.46349416e-04
 2.31458046e-04
-2.53536460e-04
-9.53778121e-05
 1.15306619e-04
 1.51788900e-04
 1.66190734e-04
 2.50364127e-04
 2.13742473e-04
 2.19156438e-05
 4.51160263e-04
 3.62975505e-04
-3.12938506e-05
-2.70764876e-06
-1.95065354e-04
-1.76932006e-05
 2.68467538e-04
-5.75151106e-04
 8.48186785e-04
-1.21063554e-03
-3.03678004e-03
 2.72578598e-04
 1.62118374e-04
 3.52051418e-04
 3.61912166e-04
 8.48874596e-04
 3.22469006e-04
-4.34544613e-04
 2.71201274e-04
-7.83207931e-05
 2.02008113e-04
-1.15768479e-04
 3.79060719e-04
 3.62762964e-04
-9.83245276e-05
-1.70341463e-04
-2.07731556e-04
 4.44564785e-04
 1.12836710e-04
-4.54132792e-04
-6.38220763e-05
-6.50563271e-05
 4.61985430e-04
 3.36736270e-04
-5.44629281e-04
-2.25018130e-04
 2.36822783e-04
 4.30702805e-04
-3.51111264e-05
-1.87117431e-05
 4.04290567e-04
-4.26580769e-05
-4.99890578e-04
 1.59413318e-04
 3.49965040e-05
-5.67961899e-04
-2.50947563e-04
 3.06113933e-04
 6.71105940e-04
 1.62112516e-04
-6.56531528e-04
-3.38051124e-04
 1.88002887e-04
 4.61774648e-06
 2.42379118e-04
 2.84337079e-04
-1.47106600e-04
-3.00493092e-04
-3.44671655e-04
 3.37907328e-04
 1.52151689e-04
-1.21222652e-03
 1.12294111e-03
-2.18833914e-03
-3.84436649e-03
 4.39583565e-04
-1.09227620e-04
-6.44515257e-05
-7.67251161e-05
 4.43663134e-04
 1.12840549e-04
 1.34997082e-04
 2.93461213e-04
 6.86787625e-04
-1.03670932e-03
 3.20805014e-03
 5.91662387e-03
-3.14813021e-04
 2.25219147e-04
 2.28027069e-04
-2.42987546e-04
-1.79362791e-04
-2.48578064e-04
 1.02729355e-04
-4.75932767e-04
-6.16440837e-05
-1.67333766e-04
-4.02107809e-04
-3.16106775e-04
 1.73539241e-04
 2.73679586e-04
 7.98133579e-05
-2.69673520e-04
-5.33790395e-04
 3.79493416e-04
 5.78351366e-05
 2.39494323e-04
 7.36633335e-04
-3.25753192e-05
 3.05961850e-04
 3.90740752e-04
 3.78881699e-04
 2.77735976e-04
 1.96297593e-04
 2.78867317e-04
 6.39378308e-05
-1.16601988e-04
-8.62238146e-05
-3.40713370e-05
-1.66033408e-04
 4.52662406e-04
 2.72460216e-04
 6.31671727e-05
 1.02454773e-03
-1.80352117e-04
-5.65335512e-04
 1.00626383e-04
 4.08463428e-04
 3.83898946e-04
-6.71750535e-04
 3.26913578e-04
-2.14745811e-04
 1.12674463e-04
 3.74843818e-04
-1.26369127e-04
 2.04305743e-04
-3.79544117e-04
 8.96577423e-04
-1.51879058e-03
 3.67096833e-03
 5.13779467e-03
-1.52089355e-03
 1.70465646e-04
-2.82182705e-04
 1.21579047e-04
 5.64050199e-04
-2.27296311e-05
 5.75469742e-04
 4.97578015e-04
-6.20559984e-05
-3.40141023e-04
 1.14903866e-04
-5.02716440e-04
 2.21259338e-04
-3.76072658e-05
-1.28875789e-04
-1.33647360e-04
-8.17951445e-04
 2.34272734e-04
 3.62752505e-04
 1.96592959e-04
 2.32691784e-04
-6.38218717e-05
 2.42900709e-04
 7.89562124e-04
 2.14512347e-04
 3.77018823e-04
 5.40707227e-04
-3.50660534e-04
 8.20167099e-05
 2.89274792e-06
-3.92698298e-04
-7.80032202e-05
-9.21261036e-06
-8.57399437e-05
-2.40006600e-04
 3.78228745e-04
 2.81710467e-04
-1.35984588e-04
 4.56647657e-05
-5.51998571e-04
 8.97300359e-05
 4.00538973e-04
-5.46460795e-06
 1.90752946e-04
 1.73398790e-04
 1.29310223e-04
 7.86205986e-05
 9.94637891e-05
-4.26959742e-04
-2.92179221e-04
 1.89227531e-04
-1.69557519e-04
-3.54517765e-04
-3.51730499e-04
-1.72192090e-05
 6.34439196e-04
 4.10706885e-04
 4.86053878e-04
 1.14698340e-04
-4.14143258e-04
-2.13978749e-04
-2.17999863e-04
-1.54461751e-04
-3.21110439e-05
-3.38594616e-04
-4.17339240e-04
 1.73872666e-04
 1.26239451e-04
-2.36691108e-04
-6.28665862e-04
 2.79555869e-04
 3.72754915e-04
-1.47811867e-04
 3.77485932e-04
-1.18098003e-04
-1.27279031e-04
 2.00727585e-04
 3.66249455e-04
 4.08591489e-04
-4.43177272e-04
-6.25116095e-04
 1.40869182e-05
-2.33946824e-04
-8.78733542e-05
-9.68196509e-05
-1.34518199e-04
 9.73047344e-05
-6.49725671e-05
 1.84989662e-05
-2.29324949e-04
 2.03437639e-05
 2.09128802e-04
 1.66546786e-04
 2.15912959e-04
 3.38751252e-04
-3.27564086e-04
-6.39663040e-04
-1.61672565e-04
-9.06503020e-06
 2.32067042e-04
 4.00868884e-04
-1.19391939e-04
-8.86905894e-05
 2.66464619e-04
-6.97380666e-05
 5.69622798e-04
-1.29923566e-04
-7.07701836e-04
-1.55242309e-04
-3.00392072e-04
-2.49447490e-05
-1.69107698e-04
 1.14342594e-04
 3.17120890e-04
 1.84031905e-05
 4.15879835e-04
 2.57074452e-04
 8.49437898e-06
 3.38923314e-04
 1.00227793e-04
-2.74465712e-04
-3.06372355e-04
-3.40383568e-04
-1.13679335e-05
-4.33431561e-04
-6.20615142e-04
-1.59815686e-04
 2.31701309e-04
 1.88967370e-04
-2.61316349e-04
-1.31116545e-04
-3.06230479e-04
-5.27323989e-05
 1.32446634e-04
 4.55468867e-04
 7.97045723e-05
-6.53154033e-04
-8.81145166e-05
 1.77271953e-04
 1.81675896e-04
-4.68095480e-04
-2.52758074e-04
-1.44933687e-04
-3.18762113e-04
 1.99149843e-04
-1.54468422e-04
-1.55458238e-04
 1.28367957e-04
-5.76828795e-04
-5.88923498e-04
 2.35837924e-04
 6.06802948e-05
 2.93394771e-05
-2.19279868e-04
-3.90022503e-04
 2.63779575e-04
 1.45770179e-04
-4.95323084e-04
-1.68440527e-04
-2.79549941e-05
-1.63452569e-04
-1.70427249e-05
-5.68121578e-05
 1.91891574e-04
 1.79256452e-04
-3.05951646e-04
-2.32880491e-04
-7.95465635e-06
 2.86390034e-04
 6.69766747e-04
-5.34988394e-04
-5.61883888e-04
 4.60710057e-05
-2.49309189e-04
-1.85253840e-04
 6.86587339e-05
 4.37578427e-04
-1.46407710e-04
-3.35846257e-04
 7.79326083e-06
 3.69391969e-05
 1.74137238e-04
 1.96012302e-04
 8.22195457e-05
 6.20979624e-05
-2.28982369e-04
 1.71977949e-04
 4.01951009e-04
-1.51724759e-04
 4.70255637e-04
 2.90049126e-04
 1.88903508e-05
