 1.07339703e-04
 4.00939506e-04
-2.08789373e-04
 6.91385408e-05
-8.30870182e-05
 1.80091196e-04
 5.43298766e-04
 4.00472388e-06
-1.90811980e-04
-1.37014477e-04
 4.85731060e-04
-1.66887697e-04
-3.06722642e-04
 6.57405866e-05
 1.00442888e-04
-2.02392096e-05
-7.24831585e-04
 1.56186575e-04
 1.34226097e-04
-2.90493570e-04
-1.80307450e-05
-1.83756589e-04
 6.56779315e-04
 8.36281531e-04
-3.71194771e-05
 2.94414849e-04
 6.17249248e-04
-3.29504945e-05
-3.87433487e-04
-1.57931623e-04
 1.75424549e-04
 1.10859628e-04
 3.13669475e-04
 3.00486504e-04
-1.94847091e-04
-6.65520937e-05
 2.54680164e-04
 4.65243591e-05
-6.36727090e-05
-2.40459200e-04
-3.57384839e-04
 2.67725849e-04
 7.96311816e-05
-3.60270571e-04
-2.77742558e-04
 6.00107069e-06
 5.30511025e-04
 2.93803228e-04
 9.13607151e-05
 4.86797075e-05
 1.36078029e-04
 2.22328316e-04
 7.25861701e-05
 7.24342769e-05
 1.94142175e-04
 4.04103372e-05
-1.07822865e-04
-3.48949281e-05
-1.96621800e-04
-1.27988079e-04
-4.08153787e-04
-7.07314729e-05
 4.51185291e-06
 2.03779607e-04
 1.12704204e-03
 3.84055654e-04
-1.17380315e-05
 2.46001677e-04
 8.58145819e-05
-6.43111670e-04
 2.81128775e-04
-5.73594119e-04
 7.82199696e-04
 4.48553101e-03
-1.43670140e-03
-1.87319637e-03
 2.98300756e-03
-1.04322069e-03
-2.61875971e-03
 2.05540382e-03
 2.88027028e-03
-1.83518607e-03
-3.01268790e-03
 8.98104125e-04
 2.56949696e-03
 1.66363761e-03
-8.33522606e-04
-3.11279124e-03
-2.32190987e-03
-3.51475863e-04
 1.85351647e-03
 3.05678596e-03
 3.31370798e-03
 2.98177770e-03
 1.94337493e-03
 1.93361429e-03
 2.31725971e-03
 2.12591148e-03
 2.52054521e-03
 3.12050339e-03
 3.61367469e-03
 3.61000251e-03
 2.57294303e-03
 8.35340555e-04
-1.50452872e-03
-3.50435693e-03
-3.72731442e-03
-1.98863430e-04
 3.51285646e-03
 2.17082214e-03
-1.65687089e-03
-3.62898350e-03
 4.80697489e-04
 3.32688938e-03
-1.48361429e-03
-2.87943531e-03
 2.11203501e-03
 1.31490888e-03
-3.01153208e-03
 2.40415450e-03
 4.13030571e-04
-2.33184547e-03
 2.69841364e-03
-1.42939258e-03
 2.83073628e-04
 8.52160028e-04
-2.66240408e-03
-3.37244542e-04
-7.63964485e-05
-1.61567368e-04
 3.25170260e-04
-1.67483331e-04
 3.14670058e-04
 5.81092095e-04
 3.37597303e-05
-2.67610962e-04
 8.51446807e-04
-5.60242948e-04
 9.20226370e-04
 6.25821711e-03
-3.17643915e-03
-2.34183994e-03
 7.24269156e-03
-2.08610281e-03
-5.43357835e-03
 3.95422720e-03
 4.06281689e-03
-5.41826425e-03
-5.52601624e-03
 3.47376107e-03
 7.19205414e-03
 2.53440179e-03
-4.32913414e-03
-7.40613238e-03
-4.24377146e-03
 9.76142499e-04
 4.50568064e-03
 6.81319858e-03
 6.67168447e-03
 5.93272651e-03
 4.75529308e-03
 3.41202722e-03
 2.94951644e-03
 2.84127868e-03
 4.20109837e-03
 5.10360994e-03
 6.11546774e-03
 7.09611390e-03
 5.64103529e-03
 2.71976550e-03
-1.40898040e-03
-5.63864116e-03
-6.86961709e-03
-1.71042694e-03
 5.21055371e-03
 5.90222879e-03
-8.14562804e-04
-6.80900774e-03
-6.29407783e-04
 7.09477882e-03
 1.99308013e-04
-6.22473537e-03
 2.28116572e-03
 3.91116544e-03
-6.61168348e-03
 3.52357548e-03
 2.84990695e-03
-5.71766538e-03
 5.75696417e-03
-2.64890940e-03
-2.97089081e-04
 1.71537688e-03
-3.70171551e-03
 3.26673433e-03
-1.48025463e-04
 4.40356284e-04
-3.10561589e-04
-3.88333628e-04
 3.64227964e-04
-9.76094995e-04
 7.65446894e-04
 1.68945585e-04
-6.82029207e-05
 3.20972760e-04
 2.95876640e-04
 6.51010599e-04
 2.63258067e-04
-1.76775794e-04
 5.87506491e-04
 2.83557128e-04
 5.93379696e-06
 5.04390878e-04
-8.68943344e-06
-3.35730167e-04
 8.28976575e-05
 3.37062904e-04
 3.77002608e-05
-9.42551484e-05
 2.98395651e-04
-9.36092593e-05
-5.18492420e-04
-8.42177957e-06
 3.33974050e-04
 4.15193636e-04
-1.61448273e-04
-2.96515656e-04
-2.82308329e-04
-1.03121145e-04
 2.94328655e-04
-6.93522808e-04
-2.05892686e-04
 3.48659800e-04
-2.29503554e-04
-7.87852042e-05
-1.22293445e-04
 2.11037821e-04
-2.10361979e-05
-4.19991088e-04
 2.78009029e-04
-3.67668171e-04
-6.74757706e-05
 4.14168596e-04
-4.38548730e-04
 1.33240833e-04
 2.07662963e-04
-7.90703480e-05
-1.37956769e-04
-5.50439959e-05
-9.70703281e-05
 2.50936347e-05
 3.38460952e-04
-3.33793822e-04
-1.58204029e-04
-3.06568401e-04
-5.77711443e-04
-1.63258501e-04
-2.35820176e-04
 1.25734702e-04
-1.62275580e-04
 4.29630715e-05
 2.87696147e-04
-1.30745883e-04
-7.44478215e-05
 2.52209861e-04
 9.69047853e-05
-3.56128494e-04
 1.40574915e-04
-3.43445563e-05
-3.96941713e-04
-5.33462601e-04
 3.49644511e-05
 6.09697642e-04
 7.26931157e-05
 1.38602320e-04
 3.02596050e-04
-5.60770608e-06
-1.71793193e-04
-1.57731807e-04
-1.85411238e-04
-2.81294453e-05
 1.77865808e-05
-1.65974947e-04
-5.36373082e-05
 7.79581436e-05
-1.71922935e-04
-2.82709753e-04
 1.71068856e-04
-1.28126315e-04
-2.99846484e-04
 2.60468487e-04
 1.40607143e-04
 2.11489608e-04
 1.88916601e-04
 8.98338000e-05
 6.40475888e-04
 7.77975471e-04
 2.62139313e-04
-1.14972174e-06
 2.34638281e-05
-3.19119559e-04
-4.86007010e-05
 4.43647768e-04
 1.50097707e-04
 1.33457888e-04
-1.40875285e-04
 4.45481815e-05
 4.32779917e-05
 1.92354048e-04
 3.34753753e-04
-4.65446454e-04
-8.99234488e-05
-1.36251508e-04
 5.93545415e-05
 7.01589059e-04
-1.86913380e-04
-2.22233773e-04
 4.54276843e-04
-2.59484975e-05
-1.17675466e-04
-8.13469420e-05
-3.70292883e-04
 8.81031157e-05
-1.24841612e-04
 1.44976329e-04
 5.27175351e-04
 5.90715785e-05
-2.51426338e-04
-6.19881999e-04
 1.20248396e-04
 1.79420855e-04
 4.07798189e-04
 6.36085025e-04
-7.91971231e-04
-3.57067472e-04
 3.95452119e-04
 4.16526513e-05
 3.52520685e-04
 2.52397251e-05
-4.19069037e-05
-3.13541510e-04
-2.32511628e-05
 3.66525849e-04
-5.72013845e-04
-2.52043857e-04
 2.20551225e-04
 4.99953395e-04
