-7.50805412e-05
-7.71819810e-05
-1.30014197e-04
 1.26779777e-04
 7.49006208e-05
-5.36442188e-04
 3.77061802e-04
-3.69441774e-05
 2.30173648e-04
-7.66368244e-05
 1.41460716e-04
-1.86187809e-04
 6.56788045e-04
 4.41593093e-03
-1.62791767e-03
-1.96312090e-03
 3.60156962e-03
-1.36044669e-03
-3.13524933e-03
 2.15552050e-03
 2.58194117e-03
-2.56489694e-03
-2.81480499e-03
 1.39020761e-03
 3.19328989e-03
 1.49817848e-03
-1.45916946e-03
-3.58965130e-03
-2.87662264e-03
 2.61912087e-04
 1.56992565e-03
 2.94740653e-03
 3.84763287e-03
 2.88730558e-03
 2.48062768e-03
 2.05478299e-03
 1.52727379e-03
 1.98549284e-03
 2.20963827e-03
 2.50839550e-03
 3.43206990e-03
 2.98224914e-03
 2.27952709e-03
 1.06906969e-03
-1.62826888e-03
-3.69358414e-03
-2.92788356e-03
-2.92609014e-05
 3.05303050e-03
 3.31292346e-03
-8.08008071e-04
-3.39913112e-03
 8.27255497e-05
 2.75740889e-03
-3.92275539e-04
-2.18710106e-03
 2.27731567e-03
 1.62083320e-03
-3.19202169e-03
 2.52800336e-03
 4.83938234e-04
-2.52530456e-03
 2.55033422e-03
-1.97023659e-03
 2.39420448e-04
 9.16284985e-04
-2.74610630e-03
-6.66233910e-04
-4.02606754e-04
 5.71005050e-04
 3.54835815e-04
 7.79240911e-05
 4.05437935e-04
-2.57461580e-04
 1.28674467e-04
-2.70472853e-04
 7.58147527e-04
-3.66133862e-04
 1.27089358e-03
 6.81838409e-03
-3.11805588e-03
-2.90831508e-03
 6.41472763e-03
-2.75412221e-03
-5.16014970e-03
 4.42809137e-03
 3.97206690e-03
-5.01407844e-03
-5.39312322e-03
 2.71974765e-03
 6.26609883e-03
 2.07048444e-03
-4.35116193e-03
-6.64219451e-03
-3.91657729e-03
 5.32061019e-04
 4.75789554e-03
 6.58429880e-03
 6.81939382e-03
 6.16388554e-03
 4.84897891e-03
 3.46352197e-03
 2.80128768e-03
 2.62694105e-03
 3.88401883e-03
 6.16198249e-03
 6.46731368e-03
 6.74615709e-03
 5.69967517e-03
 3.22322511e-03
-1.02823808e-03
-5.76588255e-03
-6.14440394e-03
-1.61467766e-03
 5.02014761e-03
 5.80214669e-03
-1.54060282e-03
-7.01203860e-03
-9.98514536e-04
 6.15445040e-03
-5.49103655e-05
-6.33890194e-03
 2.51231613e-03
 4.81248152e-03
-6.29822479e-03
 3.02128371e-03
 2.56702042e-03
-5.14098575e-03
 5.24206642e-03
-2.91738658e-03
-3.11377426e-04
 1.70789606e-03
-3.46347789e-03
 2.63585206e-03
-4.71306474e-04
 4.86639356e-04
 3.55144205e-05
-8.82846372e-04
 7.06201221e-04
-3.73576362e-04
 2.57295911e-04
 7.77855550e-05
 2.11055019e-04
 1.15289971e-04
-5.01182811e-04
-6.59554456e-06
-1.89141910e-04
-2.52846326e-05
 3.26870964e-04
 5.03978420e-04
 7.07639062e-04
 1.60591278e-04
 2.53462375e-04
 7.84820149e-04
 9.61293286e-05
-4.22283942e-04
 7.73470219e-05
 2.89343256e-04
 2.64156683e-04
-5.13465063e-05
 2.33367120e-04
 3.08121683e-04
 2.86074659e-04
 1.49434212e-04
 7.84212704e-05
 6.18215781e-05
-1.56273564e-04
 7.18944396e-04
 5.09755194e-04
-2.47780802e-04
-3.57718969e-04
-1.09893944e-04
 3.90017008e-04
 7.36613147e-04
 3.91913629e-04
-6.37264506e-05
 2.34355333e-04
 3.91321827e-04
 2.45901817e-04
 4.01866389e-04
 3.74079273e-04
 8.66490425e-05
 3.35693981e-05
 1.82215551e-04
 1.66596761e-04
-1.48692193e-04
 3.11069682e-04
 4.56011483e-05
-9.44903276e-05
 9.19318225e-05
-3.55208780e-04
 8.98558259e-05
 2.80905145e-04
 3.73069020e-04
 2.02358347e-04
-3.68449768e-04
-9.64103957e-05
 3.34509083e-04
-6.91884503e-05
-3.64085841e-04
-1.38385954e-05
-4.99347090e-05
-4.70685292e-04
-3.10262234e-04
-2.09058989e-04
-1.26300827e-05
 8.88672739e-05
-4.50170193e-05
 1.97419090e-04
-1.86625163e-04
-5.26998774e-04
-4.72293216e-04
 1.57574310e-04
 7.07509000e-04
 3.39210902e-04
 1.85036610e-04
-1.91171581e-04
-4.72008444e-04
 6.03681247e-05
-1.07541017e-04
 9.53074447e-05
 4.90373310e-05
-7.94244875e-04
 6.23233837e-05
 1.67842298e-04
-4.14465386e-04
 1.38182616e-04
-2.62723055e-04
 1.84172748e-04
 4.81685413e-04
 8.75330744e-05
 4.16148609e-04
-2.18361661e-04
 9.91892526e-05
 4.06269169e-04
-7.15095010e-05
 9.90464200e-05
 4.09692334e-04
 3.79600329e-04
 4.53169927e-05
 4.57948600e-05
 3.18991295e-04
 6.78570609e-04
 5.64651575e-04
 6.61645277e-04
 4.25771076e-04
 4.96638499e-04
 7.21731727e-04
-2.58681284e-04
 1.19455958e-04
 3.25395897e-04
 6.08888645e-05
 3.67387310e-04
 2.49527996e-04
 1.97569554e-04
 1.11294858e-04
 1.52811434e-04
 3.12214896e-04
 4.40556843e-04
-1.06260142e-04
-8.77508854e-04
-6.14889347e-05
 3.74270477e-04
 7.57320944e-05
 2.49216884e-04
-4.47846649e-04
 1.12556311e-04
 2.67300295e-04
-4.61075661e-04
-3.65955070e-04
-8.15021054e-04
-6.15679544e-05
 1.81504727e-04
 3.63807857e-04
 5.79387694e-04
-7.23131263e-05
-6.93844021e-05
-2.99367078e-04
 5.96535274e-04
 2.72112286e-04
-8.43056962e-04
-2.56579314e-04
 5.65642287e-05
 2.39327995e-05
 8.97809437e-05
 2.15520961e-05
-2.20563117e-04
 2.37687031e-04
 2.80851312e-04
 5.17203835e-05
 2.64525404e-04
 3.20151985e-04
 3.37947507e-04
 5.88513853e-04
 6.86668978e-05
-6.19985665e-05
 7.47197155e-04
 4.46194001e-05
 2.80091874e-05
-4.15690771e-04
-7.74480717e-04
-1.18306371e-04
 1.04456435e-04
 2.34727894e-04
-1.05759746e-04
-2.41058915e-04
-6.99803765e-05
 2.31058953e-04
-1.32557639e-04
 1.04662336e-04
 2.51142992e-04
 2.68129586e-04
 1.40697496e-04
-1.16466735e-04
-1.98173371e-04
-2.75894232e-04
 5.15737559e-04
-1.21353288e-04
 5.81168909e-05
 8.00408884e-04
 7.91848609e-05
-1.33432512e-04
-7.98400660e-05
-7.92656399e-05
 3.42255541e-04
 1.87789616e-04
-6.84915960e-04
-2.02998788e-04
 2.68597706e-04
 5.39501046e-04
 4.70729035e-05
-4.51457331e-04
 1.45736320e-04
 2.47322351e-04
 8.99447386e-05
-1.18047819e-04
 3.44203297e-04
 3.66758333e-04
-3.72352890e-06
 1.97785498e-04
 1.35223114e-05
-6.63172300e-04
-1.17666643e-05
-1.86299532e-04
-4.74825134e-04
 2.76337646e-04
