 8.91329827e-05
-2.81018112e-04
-3.82954259e-04
 3.37376617e-04
 3.84985066e-05
-2.36929284e-04
-2.01046615e-04
 2.39153062e-04
 2.37146891e-04
 2.50916677e-04
 2.00341984e-04
 2.52604555e-04
 1.28182729e-04
-5.88075358e-04
-1.74674437e-04
-3.27553389e-05
 3.27340725e-05
 4.79010949e-05
 8.56942824e-05
 4.08375903e-04
 4.72642663e-05
-3.94691362e-04
 6.91716397e-05
 2.71947393e-04
 4.98865048e-04
 6.86504274e-04
 1.70709914e-04
 3.23905696e-05
 2.41296061e-04
 5.15617946e-04
-5.82149159e-04
-1.71536130e-04
 7.42771837e-04
-2.27335862e-04
-9.01853385e-05
-6.40306353e-04
-4.51196363e-04
 4.86349755e-04
-1.28083514e-04
-1.65894352e-04
-4.14940628e-04
-3.56109886e-04
 2.88825161e-04
 1.89450657e-04
 1.04480531e-04
-3.77653947e-04
 1.06792735e-04
 1.15295029e-04
-6.99115925e-04
-1.71442733e-04
 1.57683232e-04
-1.49139277e-04
 3.26576452e-05
 2.03065790e-04
-1.44993410e-04
 3.28631046e-04
 4.34205420e-04
 2.58198430e-05
-2.45829119e-04
 4.42287386e-05
 4.94569342e-04
 2.36970121e-04
 3.34767092e-05
-4.99713593e-04
-4.68648472e-04
-9.36969210e-05
 7.02244161e-05
 2.43698924e-04
 1.05616113e-04
 4.67191067e-05
-2.18647839e-04
-2.54694183e-04
-4.42252010e-04
-1.34475364e-04
 6.18619263e-05
-3.58892168e-04
-4.21998338e-05
 2.85634270e-05
 2.04915908e-04
-2.61236245e-04
-2.74050468e-04
 1.46268138e-04
 2.71204213e-05
 3.08590994e-04
 5.13017664e-04
 6.85784202e-04
 1.35802777e-04
-3.52053432e-04
-2.54482906e-04
-2.19805144e-04
-2.55590246e-04
-3.11441808e-05
 8.85003991e-05
 1.50136493e-04
 2.12097101e-04
-2.24916246e-04
-2.82722935e-04
-2.44260670e-04
 2.18710884e-04
 1.66419097e-04
-4.16717380e-04
 1.28385693e-04
-2.36252716e-04
-1.78777731e-04
 4.02981679e-04
 1.69090562e-04
 1.56692780e-04
-1.23547976e-04
 1.43680913e-04
 1.66490525e-04
-4.20197736e-04
-3.39303403e-04
 1.07283204e-04
 2.79418738e-04
-2.36460486e-04
-4.41967976e-04
 1.03681252e-04
 8.66625440e-05
-7.18168984e-05
-3.12419359e-04
-3.77411508e-04
 2.48671081e-05
-1.96628324e-04
-3.72012009e-04
 1.96016268e-04
 5.97848404e-04
-2.31649524e-04
-3.22910317e-04
 2.26573162e-04
-3.89831427e-04
-3.76863077e-04
 2.45197464e-04
 1.20181590e-04
-1.25010707e-05
 4.33493313e-04
 1.59903557e-05
-3.07644784e-04
 1.50492465e-04
 4.68602629e-05
 4.61523037e-04
 2.00499192e-05
-6.65178615e-04
-1.66872434e-04
-1.33496021e-04
 1.99452831e-04
 5.39392679e-04
 2.87581062e-04
 3.74003018e-05
 9.03495976e-05
 5.41243796e-04
 2.41013090e-04
-3.40838056e-05
-6.73242062e-05
-1.77690438e-03
 8.83731247e-04
 9.11426765e-04
-1.34935909e-03
 1.07829628e-03
-6.07763020e-04
 2.04571270e-03
-4.73667162e-03
 5.30259150e-03
-6.30216024e-03
 1.22211124e-02
 4.26244319e-02
-4.58053248e-02
-1.03739507e-02
 5.95627817e-02
-2.88680302e-02
-4.46945979e-02
 3.73149791e-02
 4.79006307e-02
-2.92849837e-02
-5.91160338e-02
-4.69664230e-03
 5.10729721e-02
 5.24697530e-02
 4.55553951e-03
-4.38629449e-02
-6.08604739e-02
-5.04274101e-02
-2.51893373e-02
 2.43729286e-03
 2.58546530e-02
 4.00497137e-02
 4.54664430e-02
 4.64971456e-02
 4.59397618e-02
 4.32948055e-02
 3.35335424e-02
 1.47422483e-02
-1.22802551e-02
-3.98307654e-02
-5.83902319e-02
-5.61559325e-02
-2.16180857e-02
 3.30180775e-02
 6.03728932e-02
 2.61459965e-02
-3.84843401e-02
-5.62765424e-02
 1.39040671e-02
 6.01575234e-02
-1.04716741e-02
-5.33207392e-02
 2.38234113e-02
 4.45224927e-02
-5.55765828e-02
 3.77785706e-03
 4.53196018e-02
-5.64381818e-02
 3.51199645e-02
-9.70283205e-04
-2.64641625e-02
 3.63464174e-02
-3.35350544e-02
 2.47562718e-02
 1.51348961e-02
-8.73614238e-03
 5.08585170e-03
-5.07819643e-03
 4.69820781e-03
-5.80660341e-03
 4.08166226e-03
-8.87948954e-04
 2.76435630e-03
-8.26016165e-03
 9.07335529e-03
-1.41015751e-02
 3.54478029e-02
 7.76257151e-02
-9.98954459e-02
-1.91153350e-03
 1.14058885e-01
-7.26355162e-02
-7.74241090e-02
 8.82193825e-02
 8.29742769e-02
-7.57153506e-02
-1.10700616e-01
 1.08880194e-02
 1.11732929e-01
 9.16666439e-02
-1.41752064e-02
-1.02705320e-01
-1.21932567e-01
-8.68229448e-02
-2.94046024e-02
 2.93193128e-02
 7.42853349e-02
 9.78274395e-02
 1.05633490e-01
 1.07390571e-01
 1.07307725e-01
 1.03199074e-01
 8.91166960e-02
 5.61800189e-02
 4.17952948e-03
-5.64039868e-02
-1.06828070e-01
-1.21198327e-01
-7.00394390e-02
 3.87291876e-02
 1.16851672e-01
 7.71502023e-02
-5.25754250e-02
-1.20607458e-01
-3.88398280e-03
 1.21132278e-01
 1.18530650e-02
-1.10016430e-01
 1.86835359e-02
 1.06528061e-01
-9.03583543e-02
-2.82970853e-02
 1.08418097e-01
-1.04805644e-01
 4.34945648e-02
 2.65986169e-02
-7.07521711e-02
 7.72198295e-02
-5.92746256e-02
 3.34881164e-02
 4.45066631e-02
-2.28828998e-02
 1.74984743e-02
-1.39613386e-02
 1.01575195e-02
-5.16161630e-03
 5.79571931e-04
 1.66884064e-03
-2.80925315e-03
 2.06483412e-03
-2.03199350e-03
 1.47697537e-04
 2.07775392e-04
 1.09085754e-04
 2.50520780e-04
-2.57537814e-04
 1.00061096e-04
 6.32810922e-04
 2.07787739e-04
 1.28865047e-04
-2.11987141e-04
 1.38364772e-04
-5.54627692e-04
-1.60190034e-04
 3.92936922e-04
-4.60991991e-04
-8.63907250e-05
-3.47394811e-04
-1.68307353e-04
 1.65207042e-04
 2.02053649e-04
 1.84416605e-04
 1.18627323e-04
 1.39999392e-04
 3.62204488e-04
 3.38325200e-04
-4.02576264e-04
-5.16691127e-04
 2.40200556e-04
 3.68875932e-04
 1.15309820e-04
-3.89822147e-04
-3.86967985e-04
 4.56582542e-04
 2.63406659e-04
 6.84552570e-05
-1.93613180e-04
-3.65299706e-04
-5.96587130e-05
 3.51116265e-05
 2.49663198e-04
-1.71725133e-05
-1.63068574e-04
-1.37151553e-04
 8.84457794e-05
 4.90142386e-04
-5.47522696e-04
 6.32916972e-05
 5.97016756e-04
 2.34768531e-04
 4.69411519e-04
-8.02487973e-05
 1.05937520e-05
