-1.49425976e-05
-1.25370632e-04
 5.46878992e-05
-3.21973839e-05
 1.53928416e-04
 4.26961601e-05
-1.17429289e-04
-1.50141273e-05
-4.41906868e-04
-3.40246686e-04
-2.04382470e-04
-8.13529233e-04
-2.88376190e-04
 3.04433271e-04
-6.03582070e-05
-5.94225321e-06
-4.08294876e-04
 7.37554397e-05
 6.51386556e-05
-3.11552321e-04
 2.13381237e-04
 7.34184392e-05
 2.28899039e-05
-1.18814631e-05
-7.81363866e-05
-1.34637822e-05
 5.06855586e-05
-1.04671624e-04
-1.19182392e-04
 1.38007452e-04
 2.91366851e-05
-1.05301723e-04
-3.57213186e-05
-3.21377105e-05
 1.98927660e-04
 2.46020040e-04
 2.82721794e-04
 2.77566801e-04
 6.93746351e-05
 1.22540445e-04
-1.28521353e-04
-7.41088670e-05
-4.44944375e-05
-2.82454631e-04
-8.20501579e-05
 1.09242887e-04
 1.98871868e-04
-3.72944583e-04
-2.46580283e-04
 3.00450273e-04
 3.79743711e-04
 3.95208265e-04
 5.37840931e-04
 4.05694637e-04
 2.13297655e-04
 3.86343451e-04
-5.68704703e-05
-1.66810446e-05
-1.01217135e-04
-3.33870348e-04
 8.16876191e-05
 5.22966848e-04
 6.03002781e-04
 1.33765125e-04
-3.00609936e-04
 2.23638863e-04
 2.42859178e-04
 3.44545968e-05
 1.60453833e-04
 2.89245099e-05
 5.22688658e-04
-5.34423604e-05
-2.41789190e-04
 4.82467104e-04
 2.44151591e-04
-3.28834601e-05
-2.80833131e-04
 1.40405693e-04
 2.36674330e-04
-1.79309002e-04
-4.43026101e-04
-4.36156914e-04
 1.15651108e-04
-2.15734370e-05
 9.17897834e-05
 6.37084520e-04
 2.58013024e-04
-2.06880148e-04
 1.71787655e-04
 1.42715734e-05
-7.75640779e-05
 3.36069959e-04
 3.14901289e-05
 6.43974181e-06
 4.94032270e-05
-4.36501833e-04
-3.15902792e-05
 3.30729205e-04
-1.54135336e-04
-3.32899684e-04
-3.25470409e-05
 1.26385336e-04
 4.78138113e-05
 1.50012068e-04
-2.16023067e-04
 6.90668576e-05
 4.44638161e-04
-2.09871127e-04
-1.42690577e-04
 4.42212277e-05
 2.66991938e-04
 1.37809748e-04
-2.56488782e-04
-2.44170577e-04
-4.34141388e-04
-3.07156675e-04
-2.62048987e-04
 1.86284234e-05
-1.37921367e-04
-1.06300368e-04
 4.48450554e-04
 1.15871386e-04
 9.91130312e-04
 2.87698743e-03
 1.89993105e-03
-2.57121054e-03
-1.07413068e-04
 3.61422495e-03
-1.63574584e-03
-2.24225651e-03
 2.60094396e-03
 2.45670081e-03
-2.15701748e-03
-3.49176844e-03
-2.78754514e-04
 2.37248372e-03
 2.59442046e-03
-7.17268499e-05
-2.51216355e-03
-2.87692602e-03
-2.95002210e-03
-1.74797146e-03
 6.17045868e-04
 1.57370128e-03
 1.86604295e-03
 2.47387365e-03
 3.08668068e-03
 3.32840414e-03
 2.90505967e-03
 2.35748948e-03
 6.55544256e-04
-1.12707954e-03
-2.02518526e-03
-3.08622595e-03
-3.57833074e-03
-1.28840380e-03
 2.13706131e-03
 3.15903901e-03
 1.30387858e-03
-2.37955597e-03
-3.18269958e-03
 1.25241930e-03
 4.01464811e-03
-3.03296170e-04
-3.00808680e-03
 1.53192637e-03
 2.90869559e-03
-2.90474050e-03
 6.62476980e-04
 2.72066789e-03
-3.64088946e-03
 1.89832614e-03
-1.73107324e-04
-1.55875537e-03
 2.67292210e-03
-1.58774963e-03
 6.92195453e-04
 2.22724207e-04
-1.03873245e-03
 5.35709391e-04
 2.10194179e-04
 4.12995583e-05
-6.57553424e-04
 8.36440129e-05
 5.60619545e-06
 1.72444959e-04
 1.44550985e-04
 3.37270829e-04
-7.07141101e-04
 3.03001768e-03
 4.43155067e-03
-5.57654932e-03
 2.74573458e-04
 6.93015399e-03
-4.23606913e-03
-5.12381087e-03
 4.66310915e-03
 4.73718702e-03
-4.51069652e-03
-6.58762910e-03
 4.99319087e-04
 6.18644370e-03
 4.92544515e-03
-1.22629082e-03
-5.54791376e-03
-6.78034028e-03
-5.38726265e-03
-1.76828115e-03
 1.69460846e-03
 4.54523977e-03
 5.81058853e-03
 5.41171496e-03
 5.74168555e-03
 6.20522783e-03
 6.43627837e-03
 5.50323548e-03
 3.08769734e-03
 5.21943675e-04
-3.09078031e-03
-6.08469314e-03
-7.07093446e-03
-4.19550091e-03
 2.18050096e-03
 6.18221385e-03
 3.89233488e-03
-3.13130809e-03
-6.58036912e-03
-2.31399391e-04
 7.27855770e-03
 1.13943616e-03
-6.53867044e-03
 6.04333950e-04
 5.91169914e-03
-4.14903153e-03
-1.23336278e-03
 6.30784836e-03
-5.40162700e-03
 2.37363786e-03
 1.17274472e-03
-4.00894374e-03
 5.39135110e-03
-3.53980269e-03
 2.35742841e-03
 4.44537306e-03
-1.42597383e-03
 8.46621244e-04
-7.67600763e-04
 3.57584892e-04
-1.76279057e-04
 7.13265874e-04
 5.98402324e-04
-2.39039791e-04
 4.11172163e-04
 2.47792794e-05
 4.25228200e-05
 2.18253091e-05
 1.58871447e-04
-2.47209881e-04
-8.95611359e-05
 4.03400465e-05
 2.04333151e-04
 8.96108103e-04
 1.74768628e-07
-5.58115208e-04
-5.37934377e-04
-3.13430730e-04
 3.57285644e-04
 1.62747194e-04
 2.74196980e-04
 2.58726332e-04
-4.27503806e-07
-4.83226851e-05
-2.08754953e-04
-3.00098095e-04
-2.06848010e-04
 4.53810778e-05
 1.43905104e-04
 1.88496429e-04
-3.44815556e-04
-6.31696811e-05
-2.28034337e-04
-6.44241770e-04
 8.72831951e-05
-4.86802074e-05
 3.59314069e-05
 2.84296310e-04
-4.49333269e-04
-1.51710188e-04
 1.96258031e-04
 2.76518513e-04
 8.36369075e-04
 1.88638325e-04
-9.09362570e-06
-2.42318700e-04
-4.16492195e-04
 4.73060618e-05
-4.21481553e-05
 1.71882722e-04
-2.34883716e-04
-1.84924666e-04
 9.07806851e-05
-2.78251047e-04
 1.66540704e-04
 1.19294504e-04
 2.09577825e-05
 2.06770997e-04
-4.01134443e-04
-2.73405994e-04
 4.35930448e-04
-5.00990995e-05
 2.82302522e-05
-5.79378538e-06
-7.49068893e-04
 5.59013646e-05
 3.39731899e-04
-1.76946473e-04
 2.65616572e-04
 3.05859044e-04
 2.26623253e-04
 1.38613526e-04
-1.67028534e-04
 4.08262661e-04
-1.77330589e-04
-1.08918281e-04
 9.73838402e-05
-5.73545419e-04
 1.65026292e-04
 9.21484433e-05
-8.49435580e-05
-1.47806900e-04
 9.02630069e-05
 3.14344685e-04
-1.49518272e-04
 1.24207168e-04
-1.62705514e-05
-1.18980612e-04
 2.38507358e-04
 1.86445617e-04
 2.05043666e-04
-2.26364113e-04
-2.36426560e-04
 1.92199122e-05
-4.36794915e-04
-1.88479464e-05
 3.03020408e-04
-1.82414495e-04
