 2.67135316e-05
-6.18608040e-05
-2.61143790e-04
-1.99115910e-05
 3.58235435e-04
-4.19416246e-05
-2.92098200e-04
-1.02774153e-04
-1.87246044e-04
-3.48548500e-04
 2.84245761e-05
-2.44236901e-04
-5.91813468e-04
 1.15915277e-04
 2.82923042e-04
 1.46077864e-04
 1.78377630e-04
 1.44749724e-04
-3.86720735e-04
-5.66251754e-04
-4.57342080e-04
-3.52506154e-04
-5.78816765e-04
-3.32975930e-04
 9.03820508e-05
-2.33688343e-04
-1.07905478e-04
-4.18946854e-04
-5.43960926e-04
-9.90678240e-05
-3.20014124e-04
 7.53837721e-05
 2.84587453e-04
-3.97056086e-04
-6.48588263e-05
-3.18242774e-04
 6.92997127e-05
 3.79349160e-04
 3.52454570e-04
 2.11781977e-04
 6.69146087e-05
 5.87728639e-04
-6.83727637e-04
-5.31841827e-04
 1.37639848e-04
-1.69007991e-04
-6.49403433e-05
-3.37721416e-04
-5.39739489e-04
-1.44666535e-04
 2.44253246e-04
 3.71000028e-04
-1.71092562e-04
-5.61471143e-05
 5.47174529e-04
 3.36605085e-05
 2.76508463e-04
-3.91799357e-04
-1.32417452e-04
 5.28201435e-04
-1.97609369e-05
 3.49095537e-04
-5.14450930e-04
 1.74662606e-04
 2.21576378e-04
-7.58523179e-04
 9.05708933e-05
-3.05018384e-04
-3.40774774e-04
-1.87187920e-04
-7.04778521e-05
 2.49233023e-04
-5.71307444e-04
-3.09410954e-04
 2.59762490e-04
 3.19342353e-04
 1.54409567e-04
-4.87002047e-04
 1.62963945e-04
 5.78065512e-06
-3.23157975e-04
 8.81930665e-05
-1.56214395e-04
-1.22096595e-04
 1.15265206e-04
-1.03315439e-04
-3.93021826e-04
 3.00902205e-05
 2.02964025e-04
 2.17711838e-04
-3.05211099e-05
-2.91185754e-04
-3.40187032e-04
-7.99842956e-05
 2.75198704e-04
-1.79163852e-04
 2.93018370e-04
 1.73721498e-04
-1.76103823e-04
 3.39860030e-04
 5.49254981e-04
-3.57780017e-06
-3.29255202e-05
 9.47989891e-05
-1.27156337e-04
 3.75155787e-04
-4.25554121e-04
-3.36610348e-04
-3.63225685e-05
 4.30721540e-04
 5.41491918e-04
 1.94319483e-04
 7.54348135e-05
-5.69500640e-04
-3.20924076e-04
-5.54661849e-06
 6.67591215e-04
 2.40962969e-04
-1.47214557e-05
 3.04048610e-04
-7.83600444e-05
-2.44227758e-04
-1.46182895e-04
-4.04343661e-05
 4.17406526e-04
 3.16080025e-04
 1.43109437e-04
 1.55876624e-04
-8.36496738e-05
 5.55920216e-04
 3.64314522e-04
-3.49856984e-05
-2.66941295e-04
-3.94030321e-04
-3.03165830e-04
-7.87810629e-06
 2.88869021e-04
-2.46708711e-04
-6.54584629e-05
-1.44228032e-04
 1.97913700e-06
 4.59106406e-04
 2.85066777e-04
 7.84909850e-04
 3.56345575e-04
-2.92485932e-04
-1.85257830e-05
 1.04114193e-04
-2.72283319e-05
 1.61820801e-04
 6.10948081e-04
-1.02731630e-04
-2.44878659e-04
 2.48556999e-04
 1.54968074e-04
-1.25313809e-04
-1.00952178e-05
 1.88350533e-04
-5.95709375e-05
 4.03551708e-04
 2.55570698e-04
-4.18488091e-04
 2.79717480e-04
 3.37174157e-04
-3.75158726e-04
-2.19226769e-05
-2.38769313e-04
-1.75152351e-04
 2.17843542e-04
 1.15084060e-04
 2.19834523e-04
 7.34063626e-05
-9.24999291e-06
-1.23741621e-03
 1.24882500e-03
 3.59045235e-04
-1.23724127e-03
 1.75350288e-03
-1.07304896e-03
 1.84744698e-03
-4.88707725e-03
 5.10922661e-03
-6.71976529e-03
 1.15495509e-02
 4.23110013e-02
-4.61848991e-02
-9.78747198e-03
 6.02843759e-02
-2.84301036e-02
-4.47313351e-02
 3.80251058e-02
 4.84324100e-02
-2.96782842e-02
-5.84501767e-02
-5.19904396e-03
 5.12217311e-02
 5.31827453e-02
 4.90327947e-03
-4.38674954e-02
-6.15392081e-02
-5.03746274e-02
-2.58351138e-02
 2.53743601e-03
 2.63944527e-02
 4.01456737e-02
 4.53610858e-02
 4.60547691e-02
 4.55722487e-02
 4.35525369e-02
 3.37564696e-02
 1.39840967e-02
-1.24485034e-02
-3.98124511e-02
-5.81482520e-02
-5.60639196e-02
-2.13786232e-02
 3.31399739e-02
 5.96372540e-02
 2.60250808e-02
-3.89185916e-02
-5.59421338e-02
 1.42883885e-02
 6.03813204e-02
-9.85742030e-03
-5.37629982e-02
 2.41870978e-02
 4.46085482e-02
-5.57221057e-02
 4.06303516e-03
 4.61564895e-02
-5.53510226e-02
 3.46866046e-02
-7.07977615e-04
-2.59656632e-02
 3.62034149e-02
-3.39007922e-02
 2.53985139e-02
 1.58640197e-02
-9.27221684e-03
 5.13496908e-03
-4.78590922e-03
 5.52030966e-03
-6.07109051e-03
 3.49220709e-03
-7.24617374e-04
 2.38740359e-03
-7.46436028e-03
 9.63929471e-03
-1.30716366e-02
 3.65215777e-02
 7.75160622e-02
-9.96260946e-02
-2.43546465e-03
 1.14794994e-01
-7.25042388e-02
-7.82541228e-02
 8.82236576e-02
 8.25339616e-02
-7.61234426e-02
-1.11069968e-01
 1.03595945e-02
 1.11350560e-01
 9.25970461e-02
-1.38734598e-02
-1.03260320e-01
-1.21631118e-01
-8.68779354e-02
-2.89961553e-02
 3.03103212e-02
 7.43570728e-02
 9.80314557e-02
 1.06334812e-01
 1.06597871e-01
 1.06428242e-01
 1.04114916e-01
 8.92287543e-02
 5.55703677e-02
 3.05137763e-03
-5.73708751e-02
-1.07090457e-01
-1.21521594e-01
-6.97238151e-02
 3.90326248e-02
 1.16705013e-01
 7.68092288e-02
-5.25642540e-02
-1.20519163e-01
-4.17362510e-03
 1.20799699e-01
 1.19102297e-02
-1.10733867e-01
 1.80591561e-02
 1.06898268e-01
-9.09694443e-02
-2.75373292e-02
 1.09512572e-01
-1.05065060e-01
 4.39319842e-02
 2.60637381e-02
-7.08913582e-02
 7.68078305e-02
-5.96452913e-02
 3.33594023e-02
 4.39933592e-02
-2.19738421e-02
 1.85157809e-02
-1.37694291e-02
 9.81435384e-03
-4.78277558e-03
 5.92032892e-04
 1.69217146e-03
-2.69971587e-03
 2.36467485e-03
-1.98704180e-03
-5.59716056e-04
 8.71789397e-04
 9.25383971e-07
-7.07195640e-04
 1.09368062e-04
 2.76660663e-05
 4.38557689e-04
 2.21055750e-05
-7.22601493e-04
-9.69636365e-05
 9.76956149e-04
 4.38547795e-04
-4.94549894e-04
-2.54519482e-04
-4.91324592e-04
-1.89933098e-04
 1.65925780e-04
 2.55059351e-04
-5.25981507e-05
-2.47824976e-04
 2.95090169e-04
-3.63561483e-04
-2.68523894e-04
 3.69128899e-04
 1.25655999e-04
 1.47637626e-04
 1.41617407e-04
-5.84927069e-04
-3.78960448e-04
 1.86894230e-04
 3.19425007e-04
 1.54704366e-04
