-6.12969107e-06
-5.61486261e-04
-7.19071260e-04
-8.38474276e-05
 1.54162731e-04
 9.37192128e-05
-2.12263540e-04
-1.63165352e-04
 1.29575526e-04
 2.57239546e-04
 2.72175391e-04
 1.58916197e-05
-3.71997880e-04
-4.79670943e-04
-3.91319369e-04
-3.57947936e-04
 1.32051545e-04
 1.10777923e-04
 8.23466548e-05
 2.39824641e-04
 2.22497182e-04
 3.00643620e-04
 2.71449895e-04
 1.16443651e-05
 4.33874727e-05
 2.99029862e-04
 2.87549362e-04
 8.19445507e-05
-2.83551526e-04
 3.27039505e-05
 2.02819463e-04
-2.41867745e-04
-2.37978303e-05
-4.54845180e-05
-3.89063685e-04
-2.20253378e-05
 4.17010094e-05
-3.75611368e-04
-1.32488815e-04
 9.27147701e-05
-6.42689312e-04
 6.09308463e-04
-1.53012302e-03
-2.88741465e-03
-1.71498228e-04
-5.04820434e-04
 1.98144843e-04
 2.52121180e-04
 6.32118594e-05
 1.88454515e-04
 1.70078032e-05
 8.53788962e-04
 2.38314899e-04
-2.13083429e-04
 1.93800945e-04
 4.46632591e-05
 3.90840426e-05
-1.76695149e-04
-1.08102471e-04
 2.29525716e-04
-2.71317545e-04
-7.05090624e-04
-5.78659307e-04
-2.66948556e-04
-1.80612157e-04
-1.76041383e-04
-7.90479800e-05
-2.17847022e-04
 1.56110488e-04
 3.46026900e-04
-3.73456738e-04
-8.97360862e-05
-6.63116972e-05
-1.46391324e-04
 2.55335896e-04
-1.17734869e-04
-2.61125182e-04
-6.84765701e-05
-2.42895063e-04
-3.22851140e-04
 5.59212781e-05
-3.09111107e-04
-5.93892820e-05
 6.40675860e-04
 3.58528320e-04
 1.67910600e-04
 6.77554182e-04
 4.42192765e-04
 2.63613781e-05
-1.53437691e-04
-1.60783070e-04
 2.67798101e-04
 8.58256991e-05
 6.06927895e-04
-3.83356727e-04
 2.75806708e-04
-1.72754385e-03
-2.96088282e-03
 3.71365102e-04
-2.67855995e-04
-2.76391168e-04
 1.51584413e-04
 1.03617751e-04
 9.69168179e-05
-8.77351690e-05
-2.64429380e-04
-2.54648104e-05
-1.15759647e-03
 1.20915293e-03
 2.73871089e-03
-4.21206821e-04
-2.70370072e-04
 2.86164851e-05
 2.51404196e-04
-8.97230241e-05
 7.03540335e-05
-2.26285944e-05
-4.73473953e-04
-2.21991515e-04
-2.64265120e-04
-3.17693092e-04
-1.32119258e-04
 2.82984139e-04
-4.38305587e-04
-1.09446839e-04
 9.43282331e-05
 2.77598292e-05
-6.94770766e-05
-5.18352469e-04
 2.93034240e-04
 6.52594013e-05
-9.62410224e-05
 4.10745776e-04
 6.61804747e-06
-9.98374803e-05
-4.43055764e-04
-6.49439591e-04
-3.34546112e-04
-4.56576091e-04
-3.22582356e-04
-2.37336545e-04
 1.78427555e-04
-1.34554921e-04
-3.77557031e-04
 4.62556365e-04
 1.39937114e-04
-2.15982881e-04
-6.26875745e-04
 9.59493538e-05
 5.82175095e-04
-2.57211223e-04
-2.54175390e-04
-8.43092543e-05
 3.79841410e-04
-6.86328037e-05
-5.26948934e-04
-3.31182482e-04
 2.23732621e-05
-3.66966463e-04
 2.22195825e-04
-2.54779836e-04
-6.27967082e-04
 7.49758987e-04
-1.85472100e-03
-8.66166505e-04
 6.52685555e-04
-2.21970136e-04
 2.79568542e-04
-4.53989227e-04
 4.36731397e-06
 2.58845530e-05
-2.32124663e-04
 3.03788370e-05
-4.96165151e-05
 2.95267468e-04
-2.24701107e-04
-1.86890403e-04
 3.16803997e-04
 4.60552854e-04
 2.63627440e-04
-3.14801137e-04
 1.90822664e-04
 1.94697856e-04
 5.60453472e-05
 9.85721512e-05
 1.80639002e-05
 5.09512251e-05
 4.13383982e-04
 3.27202053e-04
 2.23833884e-04
 7.73233663e-05
 2.50708003e-05
 3.55873904e-04
 4.76924205e-05
-1.41978932e-04
-2.14263515e-04
-8.72273037e-05
-3.00666993e-04
 4.03207813e-04
 3.38691815e-04
-1.93304157e-04
 9.50530516e-05
 1.73174480e-04
 2.36006576e-04
 1.52253560e-04
 1.77832284e-04
-8.99908016e-05
-4.47417504e-05
-5.06215192e-04
-1.60921577e-04
 6.37152211e-04
 3.49052940e-04
-5.12138188e-05
 2.72584896e-04
 5.32123985e-04
-2.08275196e-04
 3.52849364e-04
 3.77479191e-04
-3.18990102e-04
-1.20271060e-04
 3.89037979e-05
 1.89828527e-04
 2.22911250e-04
 4.70563071e-04
-1.23811009e-05
-3.82174806e-04
-2.02287870e-04
-6.36402727e-05
-4.57075868e-04
-6.95854550e-04
 2.32462878e-04
-8.00678510e-05
-4.92826412e-05
-1.65782866e-06
 1.74336732e-04
 5.82023817e-04
-2.51160063e-04
-2.58348999e-04
-7.22065809e-05
 3.84141700e-04
 2.20468969e-04
 2.48156943e-04
-1.45841367e-04
-7.29916152e-04
 1.38129371e-04
-1.51008931e-04
-1.89324315e-04
 2.90310077e-04
 4.18843014e-04
 4.04972157e-04
 3.04606714e-04
 5.02804753e-04
 8.92278289e-05
-1.77392831e-04
-1.44473900e-04
 3.92118547e-07
 3.57176134e-05
-2.12966837e-04
-6.91679048e-05
-6.41919764e-05
-2.80281371e-04
-4.02872868e-04
-4.17967294e-04
-1.97750795e-04
 1.38843066e-04
-2.91087129e-04
 2.45408376e-05
 3.59106394e-04
 6.76902580e-05
 2.07241323e-04
 1.13480854e-04
 2.68379390e-04
-2.63507987e-04
-5.62194089e-04
-8.05033532e-05
 1.08600374e-05
-4.70576517e-05
-1.59922185e-04
-3.35786227e-04
 1.56855611e-04
 3.55158128e-04
 2.05618696e-04
-1.91044098e-05
-5.16236647e-04
 5.03774339e-04
-3.64264742e-04
-5.41357060e-04
 1.73383304e-04
-1.07880534e-03
-2.61435454e-04
-1.17454380e-04
 8.65789267e-05
-2.71716730e-06
-1.41256521e-04
 6.40125387e-04
 1.09033029e-04
 1.70337155e-04
-3.24984275e-05
 3.20486151e-04
 3.95488437e-04
-1.83379715e-04
 4.22080474e-04
-1.19506698e-04
-2.24792913e-04
 7.05812015e-04
 2.64837702e-04
 4.75627654e-04
 6.70426322e-04
 2.46375257e-04
 2.47818471e-04
-4.94292392e-05
-6.10105284e-05
-3.45327493e-04
-3.78715436e-04
-1.43652956e-04
-1.78555525e-04
-2.16524307e-04
 4.57956792e-05
-7.75956117e-05
-2.53687594e-04
 6.65864533e-04
 5.62623143e-05
-6.06067787e-04
 5.62321522e-04
 5.06016348e-04
 1.10725250e-04
 1.15029544e-04
-2.92193901e-04
 4.38850348e-05
-2.05621874e-04
-6.91247245e-04
 3.18207120e-04
 7.98253996e-04
-2.77618299e-04
 2.67674842e-05
 8.15122940e-04
 1.31922162e-04
-6.04099910e-05
-3.11180151e-04
 2.19240599e-05
 4.63272331e-04
-9.71347866e-05
 2.76834970e-04
-3.47614854e-05
-2.95393994e-04
 2.28092036e-04
