 3.81825609e-04
-4.04765767e-04
 1.30870386e-03
 3.05674895e-03
-3.77510287e-04
-5.72503909e-04
-7.69311459e-05
-7.19705309e-05
-2.54758702e-04
 4.21955853e-04
 7.25724278e-04
-6.07935334e-04
-2.29393589e-04
-4.90777439e-04
-4.33452731e-04
 1.56432075e-04
 3.19602614e-04
 3.73806516e-04
 3.24396471e-05
 2.03134885e-04
 2.72270696e-04
-4.40184102e-04
-2.31983048e-04
 4.52461332e-04
-1.22068438e-04
-3.26826468e-04
-9.83883631e-05
 2.88496379e-04
 5.17295661e-04
-7.75617139e-05
-2.68956484e-04
-7.53306691e-04
-6.00855430e-04
-2.48688779e-04
-4.76106781e-05
 2.20739293e-04
-2.09310804e-04
 2.34164486e-04
 2.44960174e-04
-8.20907608e-05
 3.66011594e-04
 5.03416607e-05
-6.62371790e-05
 5.42389812e-04
 3.74582254e-04
-2.91942295e-05
-1.47461104e-04
 5.44582438e-05
-1.77773442e-04
 5.07878329e-05
 3.09087533e-04
-5.11633696e-05
-1.14748718e-04
-2.32751654e-04
 7.79019860e-04
-6.01609340e-04
 2.60755971e-03
 3.84599781e-03
-6.88776448e-04
 4.57383808e-04
 5.95796586e-05
-2.51066952e-04
 5.11424819e-04
-1.16381853e-04
-4.28863630e-04
 4.15390103e-04
 1.40830148e-04
 1.41128813e-03
-3.00313140e-03
-5.71957252e-03
 5.32768076e-04
-2.44599864e-04
-3.38338833e-04
-9.45924954e-05
-2.19421895e-04
 2.44806351e-04
-6.24054444e-04
 6.21804034e-04
 2.75027243e-04
-2.67853002e-04
 2.64730817e-04
 2.37761814e-04
-1.09014945e-04
 3.22678580e-05
-1.73262407e-04
-2.86173903e-05
 4.38952969e-06
-5.31304929e-04
 1.14158255e-04
 3.81326115e-04
 3.86450763e-04
 1.89054064e-04
-2.68262109e-04
-9.98647468e-05
-2.56696508e-04
 1.02967327e-04
 5.88171131e-04
 2.81347359e-04
 2.99395388e-05
-2.07474010e-04
-1.94422960e-04
-2.87519108e-04
-3.98324500e-04
-4.57010986e-04
-5.43743577e-04
-6.30725215e-04
-2.02742728e-04
 4.45864068e-04
 3.29062784e-04
 7.85206084e-06
-1.58879595e-04
-4.99759532e-04
-4.74922652e-04
 1.74597130e-04
 2.72975746e-04
 1.36741081e-06
 3.72125929e-04
 2.24454737e-04
-1.65795213e-04
 3.13774011e-04
-1.20628966e-04
 1.62461099e-03
-4.04670971e-03
-5.35047968e-03
 9.61554764e-04
-9.05628705e-04
-4.06696882e-04
 2.91227122e-04
 2.92007443e-04
-2.25666800e-04
 3.08680581e-04
 5.12824399e-04
-8.18431860e-04
 5.49447201e-04
 2.00416452e-04
 3.64769454e-04
 6.05544880e-04
-4.02005521e-04
-7.26901511e-05
 2.50938505e-05
 3.43157686e-04
 6.57857503e-04
 1.67255257e-04
-2.18618819e-04
-1.38767307e-04
-1.18166359e-04
-1.87402089e-04
 6.59747962e-05
 6.19020071e-05
-2.33985441e-05
-5.60815054e-04
 3.73357923e-04
 5.42780786e-04
-1.07666471e-04
 2.59633401e-04
-2.34890556e-04
 6.52283845e-05
 2.42176805e-04
 2.10659812e-04
-8.34605936e-05
-2.49554296e-04
 1.57560947e-04
 5.21779029e-04
-2.91591241e-05
-5.21157160e-04
-1.52033298e-04
-3.48282426e-04
 2.93603039e-04
 1.47030675e-05
 2.53544069e-05
-2.32409612e-04
-3.25749600e-04
-1.17549790e-04
-5.92083583e-04
 1.21980344e-04
-4.41362707e-04
 8.15021808e-05
 3.31817009e-04
-3.18897295e-04
-4.80099904e-04
-4.60389065e-04
-2.79302364e-04
 1.23766048e-04
 5.24055386e-04
 1.40472003e-05
 4.20409100e-04
 8.48627426e-05
 3.09682678e-04
 5.33197904e-04
 3.35858767e-04
 1.66798127e-04
-8.28520427e-04
-2.91263357e-04
-1.90525358e-04
-1.43042594e-04
 2.18678387e-04
-6.84734378e-05
-2.46636134e-04
-3.67450713e-04
-1.25496936e-04
-3.97441866e-04
-3.05158515e-06
 5.32853577e-04
-3.06455458e-04
 3.91514194e-05
 1.66519348e-04
-6.04030836e-05
 3.24054996e-04
 3.48347197e-04
 2.45783725e-04
-2.26291649e-04
 1.61848859e-04
 2.06014259e-04
-9.38960582e-05
 3.02465680e-04
 6.97397987e-04
 4.95825915e-04
-9.70784007e-05
-4.76241419e-04
-3.54861257e-04
 3.16657077e-04
 7.08119375e-05
-2.90372214e-04
-3.40652553e-05
-6.92569068e-05
-5.65519322e-04
-1.87943713e-04
-8.28022119e-05
-3.20430669e-04
-2.92042881e-04
-4.63433045e-04
 5.79746324e-05
-1.84182611e-04
-1.66343814e-04
-3.01739856e-04
-3.30370869e-04
 6.89302246e-05
 1.17996400e-04
 3.66865251e-04
-1.89452962e-04
-2.93758201e-04
-2.62128090e-05
 6.60435432e-05
 9.47902996e-05
-5.03212785e-05
 1.76770168e-04
-7.45964349e-05
-1.46267432e-04
 1.20310706e-04
-4.42366436e-04
-2.61173932e-04
 2.12114496e-04
 2.77621630e-04
 4.20631182e-04
 2.53726782e-04
 9.24162039e-05
 1.83229368e-04
 1.61708976e-04
-4.46336377e-04
-3.05712890e-04
-2.86549294e-04
-1.92182258e-04
-1.65379341e-04
-3.98174076e-04
 2.73725441e-04
 1.87211835e-04
-1.38785741e-04
 5.07158644e-04
-1.44149457e-04
-5.83090382e-04
 1.69291010e-04
 3.15462802e-05
 1.74327884e-04
-2.72371905e-04
-1.71806461e-04
 3.01769274e-04
 8.31150232e-05
 3.39850861e-04
 1.53345030e-04
-9.02393891e-05
-2.46337582e-04
-3.91991608e-04
 3.11108308e-04
-1.70305364e-05
-1.89623251e-04
 4.29423090e-04
 4.37916886e-04
 6.60566510e-04
-3.04990778e-04
-3.91492483e-04
 3.42520824e-04
-1.14430487e-04
 9.37323889e-05
 9.97222504e-05
 3.21994521e-04
 3.12297193e-04
-4.82652235e-04
-1.86159402e-04
-1.12729964e-04
-9.08936864e-05
 1.33731330e-05
-1.95200504e-04
-1.55081672e-04
-2.98522358e-04
-2.73609410e-04
 3.54999125e-04
 8.35886818e-04
 3.86611391e-04
 1.39263587e-04
 2.49676751e-04
 2.46666349e-04
-5.32388168e-05
-5.49321885e-05
 3.98706323e-04
 1.59799041e-04
-4.85896415e-05
-4.34807081e-06
 3.40780300e-06
-1.65301619e-04
 1.77349762e-04
 1.88820256e-04
-7.70690876e-05
-1.07872321e-04
-4.78873510e-04
 3.01810626e-04
 1.43983207e-04
-6.66230882e-04
 1.79484925e-04
 1.85017033e-04
 1.04039939e-05
 6.02014233e-04
 8.45490314e-05
-2.17667604e-04
 7.07842668e-05
 3.29440959e-04
 3.76832793e-04
 1.46838307e-04
 1.35365231e-04
-2.49004931e-04
-4.52423876e-05
-1.92330573e-04
-3.87772043e-04
 1.21086696e-04
-1.79857176e-04
 9.17214115e-05
 3.01115200e-04
