-4.07384933e-05
 1.05996667e-04
 5.72625676e-05
-4.93146607e-04
-5.20053202e-04
-6.08231588e-05
 3.70240403e-04
 6.79562169e-04
 1.44769771e-04
 8.19948128e-07
 5.14650341e-04
 6.70952700e-04
-4.46347744e-04
-7.46811739e-04
-3.94627758e-04
 1.51141586e-04
 9.46459803e-04
-4.11716862e-04
 1.00524980e-04
 4.67398499e-05
-7.30291129e-04
 2.43718705e-04
-2.05389740e-04
 5.10733087e-05
 2.20184700e-04
 4.16744234e-05
-2.87669424e-04
-2.62482326e-05
 4.17143836e-04
-5.94490505e-04
-2.55884128e-04
 2.51818655e-04
 2.08509398e-06
-3.73788417e-04
-1.62971081e-04
 1.35756523e-04
-2.00058382e-04
 5.24558624e-04
-2.97555232e-04
-7.73565067e-04
 1.60520214e-04
-3.68243297e-04
-1.58730500e-04
-1.91167547e-04
-3.48839391e-04
 1.27168354e-04
 2.38923651e-04
 4.42689255e-04
-2.20676010e-04
-5.46537347e-04
 2.19904099e-04
 7.15991473e-04
 3.35642534e-04
-3.04259144e-04
 9.16938951e-05
 5.89124319e-04
 2.02949340e-04
 6.54332492e-04
 3.93726042e-04
-5.25488934e-05
 7.75220643e-04
-2.30615904e-04
-3.84672400e-05
 7.18421237e-04
 1.98157425e-04
 3.73696076e-04
-1.01814027e-04
 7.46683203e-05
 1.44997788e-04
-1.72155165e-04
 2.86166367e-04
 3.90020865e-05
-3.61906794e-04
-3.53972325e-04
-5.52514531e-05
 1.97511767e-04
 2.73891838e-04
 1.74202852e-04
-2.61624607e-04
 1.54921966e-05
 2.56260373e-04
 1.15119021e-04
-1.98203769e-04
-1.73719567e-04
 1.92163256e-04
-2.38378533e-04
-6.47057891e-04
 7.01409994e-05
 7.25571256e-04
-8.94864182e-05
 1.93544340e-04
 6.28264041e-05
-3.93816857e-04
 2.46618552e-04
 8.71669484e-05
-1.76242007e-04
-2.30017240e-04
 2.23153221e-04
-1.44768155e-04
-2.61174130e-04
 2.90695791e-04
-2.02945882e-04
 1.48943904e-05
 1.29510623e-04
 9.10067959e-06
 1.93872398e-05
-4.53667283e-04
 6.71149002e-05
 4.98032600e-04
 1.93742768e-04
-2.31817787e-04
-2.72333152e-04
 4.18050477e-04
 6.18479638e-05
-1.64619088e-04
 5.05048741e-04
-8.42302525e-06
 2.17940397e-04
 2.06106994e-04
-4.55530530e-05
 9.56426323e-05
-1.51444629e-04
-1.68951978e-04
 5.96296193e-05
 6.40552345e-04
-3.69952372e-04
 1.69122923e-04
 4.44958424e-04
-6.53403936e-04
-2.29613251e-05
-1.66314570e-04
-1.58720755e-04
-4.60801951e-05
-1.88768325e-04
 1.45047574e-04
-1.30906910e-04
-2.68930433e-04
 9.18611873e-05
-3.96065998e-05
-2.06952088e-04
 2.44496381e-04
-1.65565944e-05
-2.97687221e-04
 1.99535896e-04
 5.94504913e-05
 1.54557161e-04
-5.09400426e-04
-6.22943359e-04
 1.00490717e-04
 3.50898876e-05
 2.96582070e-04
-1.10785222e-05
 4.28045402e-04
 2.41168279e-03
 1.89489514e-03
-2.63242497e-03
-8.64183176e-05
 3.73292475e-03
-1.60079003e-03
-2.42308156e-03
 2.93945378e-03
 2.96373851e-03
-1.93554601e-03
-2.74647580e-03
-2.42643424e-04
 2.22663693e-03
 3.10360508e-03
 9.17640890e-05
-2.98123439e-03
-3.85457310e-03
-2.98545616e-03
-1.40068674e-03
 7.70498274e-05
 1.34238180e-03
 2.40900164e-03
 2.82629321e-03
 2.67363088e-03
 2.60776422e-03
 2.61155132e-03
 2.44444446e-03
 1.04376082e-03
-2.73540442e-04
-1.65757588e-03
-2.90625400e-03
-2.72692256e-03
-1.31862140e-03
 1.62281929e-03
 3.31468477e-03
 1.41260514e-03
-2.00987621e-03
-2.95999584e-03
 4.25332668e-04
 3.29826724e-03
-6.01133767e-04
-3.56054509e-03
 8.37671415e-04
 2.29341706e-03
-2.85517761e-03
-1.46037590e-04
 2.57426763e-03
-2.99832965e-03
 1.46195327e-03
-1.75296904e-04
-1.63087114e-03
 2.32205144e-03
-1.93761717e-03
 4.27183420e-04
 3.42946419e-04
-4.03828039e-04
 4.42850292e-05
-5.92074423e-04
 8.58987598e-04
-6.73103603e-04
-9.34929883e-05
 2.13926416e-05
-1.63081971e-04
 3.20699201e-04
 4.06108240e-04
-2.54026735e-04
 2.19501854e-03
 4.16920525e-03
-4.98522303e-03
-4.68122569e-04
 6.37069088e-03
-3.89482803e-03
-3.56890343e-03
 5.18394048e-03
 4.14180766e-03
-3.77729695e-03
-5.77161192e-03
 5.06898421e-04
 6.39823435e-03
 5.23749551e-03
-9.59354990e-04
-5.76078087e-03
-6.20116256e-03
-4.45470762e-03
-1.43999813e-03
 1.69443850e-03
 4.17882119e-03
 5.96592895e-03
 5.93145928e-03
 6.27634805e-03
 5.49061432e-03
 5.44997955e-03
 5.33500867e-03
 2.98358761e-03
 5.10551504e-05
-3.34544397e-03
-6.14749968e-03
-7.08744960e-03
-3.47560507e-03
 1.78429313e-03
 6.21183994e-03
 4.96147180e-03
-2.96842678e-03
-7.00736947e-03
-4.84098670e-04
 6.93915512e-03
 5.43054022e-04
-6.48851872e-03
 1.00238276e-03
 5.78983218e-03
-5.12397956e-03
-1.88428671e-03
 6.21566529e-03
-5.71009232e-03
 2.18360514e-03
 1.19087754e-03
-4.34155296e-03
 4.82159887e-03
-3.69535727e-03
 2.55256295e-03
 4.47018539e-03
-1.19315851e-03
 9.83992532e-04
-5.37446951e-04
 3.38460951e-04
-4.17565041e-04
 3.41173036e-04
 1.13278033e-04
-3.70378472e-04
-3.93796892e-05
-2.49242090e-05
-1.38777315e-04
-1.21127692e-04
-3.07115872e-05
-7.07538053e-04
-3.47042057e-04
 1.19067381e-04
 6.08726286e-04
 1.51983937e-04
-4.57887979e-04
 3.51927720e-04
-7.72105968e-05
-4.08583525e-04
-4.24806102e-05
-2.73237487e-04
 9.86765138e-05
-8.67141761e-05
-5.19649105e-05
 3.05795256e-04
 6.00681650e-06
-9.70217869e-05
 1.86553515e-04
 3.54588339e-05
 2.96202409e-04
 9.12055672e-04
 4.05163135e-04
 1.36584065e-04
 7.01286843e-04
 7.70667542e-04
-1.97511102e-04
-2.54226881e-04
-8.52818536e-05
-4.51074876e-05
 7.41248511e-05
-1.76839513e-04
-2.67248835e-04
-3.88879251e-05
-2.17379278e-04
-6.26749670e-04
-5.21450850e-05
 4.41627401e-04
 2.97885065e-04
 3.86487809e-04
 2.35076727e-04
-2.93908730e-04
 3.86796750e-04
 9.72295984e-05
-3.54538697e-04
-1.02606374e-04
 8.36036200e-05
 3.90563294e-04
 2.25078097e-04
 3.54863689e-04
-4.05355127e-04
-5.85282527e-04
-1.40197327e-04
 1.21690423e-04
 4.41544304e-04
-1.38105679e-04
-2.61817772e-04
 1.22804742e-04
-1.84800384e-04
-7.49209346e-05
