-1.47200140e-04
-1.59080388e-04
-3.64455593e-04
-4.05818711e-04
 3.38307680e-04
 6.58504188e-05
 1.86897321e-04
-8.51820611e-05
-4.04301426e-04
 3.81004431e-04
 4.31692232e-04
 2.50829286e-04
 4.14367792e-04
 9.51608589e-05
 5.29386193e-05
 1.75027527e-04
-7.49139671e-05
 1.14586078e-04
-3.21683493e-04
-5.67960836e-04
 1.16868785e-05
-2.12044263e-04
-1.89074133e-04
 2.45268071e-04
 8.04828256e-04
 9.06094930e-05
-4.54884101e-04
 2.03303527e-04
-3.84150952e-04
 1.35771642e-04
 1.28879238e-04
-6.58901820e-04
-1.75043720e-04
-3.00337285e-04
-2.21831151e-04
-9.84738593e-05
 4.84169926e-05
 2.74277382e-04
-3.81976101e-04
-1.21419265e-04
 6.64780698e-04
 2.67051658e-04
-1.34030005e-05
 1.39354117e-04
 2.11973456e-04
 1.79991614e-04
-7.29259617e-05
-6.50816555e-05
 2.84873618e-04
 4.03081897e-04
 3.38976181e-04
-1.20441797e-04
-5.75162061e-04
-4.02852464e-04
-9.13995225e-05
-4.62538445e-05
-1.36335478e-05
 1.53814468e-04
 4.77930737e-04
 4.32946153e-04
-2.18290502e-04
 1.49279438e-04
 5.31246067e-04
 3.35784692e-04
-3.34269590e-05
 1.12395955e-04
 5.33026589e-04
-1.41944451e-04
-4.15456111e-04
-3.24609057e-04
-4.55832127e-04
 4.09759582e-04
-5.33860623e-06
-5.85989730e-04
-1.54671771e-04
-8.37189148e-05
 5.25962916e-04
-6.31207360e-06
 3.22875234e-04
-1.67779631e-04
-2.28777854e-04
 5.61387518e-04
-2.81859397e-04
-2.95384986e-04
-5.15525367e-04
-1.11468449e-04
 3.67231087e-04
 3.56996073e-04
-3.91517974e-04
 7.79281968e-06
 2.50116655e-04
-3.66465303e-04
 8.74700776e-04
 2.57789767e-03
 2.09810864e-03
-2.85617388e-03
-7.01039896e-04
 3.78369675e-03
-1.37297405e-03
-2.64707961e-03
 2.08985177e-03
 2.60545221e-03
-1.99989692e-03
-3.55423284e-03
-2.96747120e-04
 3.21474132e-03
 3.51632487e-03
 6.64636412e-05
-2.62836316e-03
-3.24079357e-03
-2.51156593e-03
-1.52336533e-03
 2.50654681e-04
 1.72807956e-03
 2.02517743e-03
 2.55964124e-03
 2.58558337e-03
 2.75016301e-03
 2.58788706e-03
 1.61993183e-03
 9.62399118e-04
-8.17063422e-04
-2.78559834e-03
-3.16228718e-03
-3.09017116e-03
-9.87322019e-04
 1.89273672e-03
 2.87697254e-03
 1.47531672e-03
-1.82364857e-03
-2.35075697e-03
 8.91402699e-04
 3.16971896e-03
 8.34619845e-05
-3.00791642e-03
 1.33400650e-03
 2.41310915e-03
-3.22777851e-03
 7.65501297e-04
 2.40679786e-03
-3.05534267e-03
 2.14030077e-03
-1.29644797e-05
-1.00992261e-03
 1.81437499e-03
-1.65961589e-03
 1.19916299e-03
-1.61684557e-04
-4.41937993e-04
 3.38389413e-04
-3.83543880e-04
-4.52313448e-05
-9.08056474e-04
-3.46755478e-05
-1.14397594e-04
-7.24209749e-05
-6.81394890e-04
 5.06935916e-04
-1.42972735e-04
 3.02532183e-03
 4.74440233e-03
-5.79923124e-03
-1.69728784e-04
 6.82800871e-03
-4.27548985e-03
-4.91772624e-03
 5.03049864e-03
 4.34123006e-03
-4.64480895e-03
-6.06251554e-03
 6.76784110e-04
 6.41094875e-03
 5.26631730e-03
-6.20889671e-04
-5.68041917e-03
-6.98595251e-03
-4.63381681e-03
-1.40824200e-03
 1.27895369e-03
 3.76063012e-03
 5.51327029e-03
 6.34412430e-03
 5.93872634e-03
 5.84845973e-03
 6.09832097e-03
 4.89468069e-03
 3.11217978e-03
-2.36225850e-04
-3.47956862e-03
-5.59490810e-03
-6.82240271e-03
-3.83417261e-03
 2.11573743e-03
 6.39878012e-03
 4.51536753e-03
-3.04699816e-03
-6.90978235e-03
 1.85681592e-04
 7.32414070e-03
 6.65346880e-04
-6.33425614e-03
 1.37478889e-03
 6.19495700e-03
-5.02713478e-03
-1.85701017e-03
 5.98599750e-03
-5.71881939e-03
 1.82544310e-03
 1.01558188e-03
-4.14257890e-03
 4.19372463e-03
-3.89297361e-03
 2.82472532e-03
 3.88920217e-03
-1.38539799e-03
 1.11015647e-03
-1.02906304e-03
 5.44052447e-04
-1.36094516e-04
 1.37674106e-04
 4.41391383e-05
-3.84445415e-04
 2.90706131e-04
-9.78381258e-05
-4.16776443e-04
-6.75228450e-05
 2.08080233e-04
-3.23215816e-04
 3.69082010e-05
 2.67253702e-05
-3.22617041e-04
-1.26916259e-04
-4.09714056e-04
 2.52391595e-05
 5.12322668e-04
 2.57480817e-05
 1.60594473e-04
 1.18054434e-04
-4.46847180e-05
-1.16918464e-05
-2.39293566e-04
-7.99636121e-05
-4.91248952e-05
-5.72271908e-05
-1.92659381e-04
-3.71529510e-04
-7.16288992e-05
 5.44114719e-05
-5.27480964e-04
-2.02392185e-04
 6.17243621e-04
 6.10589536e-05
-1.01126198e-04
 2.08582610e-04
-1.42146830e-04
-5.39234850e-04
-9.16936035e-04
 1.68727251e-04
 5.15586980e-04
-1.02941182e-04
 3.41367858e-04
-1.01513855e-04
-3.68247001e-04
 3.43276093e-04
 3.93348201e-05
-5.79018910e-04
 6.80649238e-05
 5.98806919e-04
 1.49413405e-04
-4.39645289e-04
-3.32812872e-04
-5.34468711e-05
-3.41606679e-04
-1.73218001e-04
 2.99870574e-04
-1.42111249e-04
-5.45128361e-05
-4.76219000e-05
-7.88871281e-05
 8.72516796e-04
 5.27539276e-04
-3.51029921e-04
 2.34368118e-04
 4.48787004e-04
-1.23520541e-04
-1.17088128e-04
-7.11829456e-05
-2.32695085e-04
-4.94009312e-04
-5.68547668e-04
 2.30070709e-04
 2.99894645e-04
-5.30480354e-04
-3.00083565e-04
-1.03918855e-04
-2.10336660e-04
 1.16752507e-04
-2.05795893e-04
-2.77663486e-06
 2.67283387e-04
 1.44802411e-04
 9.75834195e-05
-7.74316396e-04
-1.32795833e-04
 2.61230291e-04
-4.72507242e-04
-4.01619220e-04
-3.15376295e-04
-2.18808957e-04
-2.83326103e-04
-1.29907882e-04
-1.40272492e-04
-4.98184498e-04
-4.76641971e-04
-5.03318733e-04
-2.47930888e-04
 2.48287825e-04
-3.73805709e-06
-5.18455187e-04
-3.68070573e-05
 5.29307593e-04
-2.46083989e-05
-3.34588289e-04
-1.25528953e-04
-2.43032620e-04
-4.31035166e-04
-6.04005571e-04
-2.32611778e-04
 2.11005320e-04
-1.93890186e-04
-4.41069919e-04
-7.72428181e-05
 8.38450466e-05
 1.91045458e-04
 1.66663625e-05
-5.55348746e-04
-5.27909267e-06
-2.42665720e-04
-3.59717999e-04
 1.97066326e-05
-7.04410391e-04
 2.97752604e-04
 1.52668226e-04
-2.96559573e-04
 2.07054048e-04
-2.91265786e-04
