 6.34072635e-05
-9.61425013e-05
-6.21476226e-04
 1.76511361e-04
 3.67081370e-04
 2.29398487e-04
 1.87297864e-05
-1.74076927e-04
 1.46001942e-04
-2.02130218e-04
-1.70199780e-05
 1.15842423e-04
-1.52570710e-04
-3.76364465e-04
-4.55700596e-04
 4.91372758e-04
 7.56898000e-04
-4.21461154e-04
-3.67846537e-04
 1.52090869e-04
-1.22017586e-04
-3.24894889e-04
-1.68580177e-05
 3.89200930e-04
-2.66487556e-04
 5.77505123e-05
 9.64241406e-04
 3.54099535e-04
-1.03776912e-05
 7.97309967e-05
 1.27764961e-04
-2.31693607e-04
-2.75302442e-04
 2.32965296e-04
 1.50473190e-04
 1.29289555e-04
 5.18352559e-04
 9.76278632e-05
-2.35147738e-04
 3.88607784e-04
-8.56540175e-05
 3.26996164e-04
 2.46991442e-04
-3.05978938e-04
 1.71038903e-04
 1.31928321e-04
 2.83900061e-04
-4.56560736e-04
-5.37830327e-04
-4.75389803e-05
-3.27749599e-04
-5.08433395e-04
 4.28138396e-04
 3.48164452e-04
-9.06438789e-04
-5.11244050e-06
 2.29044244e-04
 1.53584412e-04
 3.57417210e-04
 3.78799664e-04
 6.62069356e-04
-3.46072059e-05
 4.44682977e-04
 3.06828077e-04
-1.64790346e-04
-3.22632610e-04
-3.91203652e-04
 3.74195772e-04
-2.04991658e-04
-3.47589381e-05
 2.19199503e-04
-1.19626699e-04
-7.17180286e-05
-1.52722295e-04
 2.29076934e-05
 1.06571963e-05
-3.45924521e-05
 3.87277635e-05
-5.02309645e-04
-3.79517177e-04
 4.12791693e-04
 2.45819764e-04
-4.03008189e-04
-8.79064143e-05
-6.71973790e-05
-4.32270281e-04
 2.90396275e-04
 2.04890571e-04
 3.48883755e-04
 2.68711533e-04
-1.02440468e-04
-1.26073262e-04
-1.46728189e-04
 6.80718644e-04
 7.70425522e-04
-1.05713514e-04
-2.97687854e-04
-1.70721810e-04
 6.25492068e-05
-2.66786364e-04
-1.13107737e-04
-1.04241522e-03
 7.64516440e-04
 4.65595883e-03
-1.11382683e-03
-2.27604070e-03
 2.97992310e-03
-6.97879519e-04
-3.17000203e-03
 1.75309698e-03
 2.81575296e-03
-2.18492898e-03
-3.31320247e-03
 8.81836641e-04
 3.53765812e-03
 1.45478734e-03
-1.85767148e-03
-3.31854820e-03
-2.14127104e-03
 2.95289856e-05
 1.82102656e-03
 3.29550420e-03
 3.58379460e-03
 3.70000494e-03
 2.12988063e-03
 1.84963270e-03
 2.61959019e-03
 1.61719350e-03
 2.07173830e-03
 3.51803578e-03
 4.12605604e-03
 3.27081267e-03
 2.71010388e-03
 1.15910325e-03
-1.91598160e-03
-3.32317470e-03
-2.61789118e-03
-6.50342958e-05
 3.14289356e-03
 2.85453772e-03
-1.63652612e-03
-4.10350737e-03
-2.48630224e-04
 3.21310768e-03
-6.75621372e-04
-3.33023606e-03
 2.05477982e-03
 1.73217264e-03
-3.83170542e-03
 1.72823127e-03
 3.37796941e-04
-1.79582996e-03
 2.59814636e-03
-1.67663757e-03
 7.20094223e-04
 4.98730527e-04
-2.48259082e-03
-4.23470291e-04
-1.06153170e-03
-5.40294393e-05
 2.63545045e-04
-4.69204414e-04
 4.55583745e-04
-5.74882505e-04
-1.95462179e-04
-5.64256503e-04
 3.19292480e-04
-3.62117913e-04
 6.68573181e-04
 6.73019616e-03
-3.47273009e-03
-2.57349353e-03
 7.06424298e-03
-3.30965825e-03
-5.11221222e-03
 5.39585513e-03
 4.16479849e-03
-5.13125502e-03
-5.06466389e-03
 3.12824679e-03
 7.01413899e-03
 1.88686144e-03
-5.00607373e-03
-6.94728312e-03
-3.60656887e-03
 1.46128369e-03
 4.96586973e-03
 6.94217191e-03
 6.82543333e-03
 5.95776171e-03
 4.91930444e-03
 3.42756836e-03
 2.65444526e-03
 3.13961097e-03
 4.26197312e-03
 5.14075367e-03
 6.11526418e-03
 6.56574026e-03
 5.64272923e-03
 3.09673211e-03
-8.81982013e-04
-5.33086973e-03
-6.78598681e-03
-2.03477846e-03
 4.84156552e-03
 5.87190117e-03
-1.33563097e-03
-7.04354964e-03
-1.17434745e-03
 6.43847626e-03
 7.14275845e-04
-6.20681461e-03
 2.42047474e-03
 4.49908464e-03
-6.59294161e-03
 3.17130512e-03
 2.38171239e-03
-5.34511983e-03
 5.74032944e-03
-2.31922208e-03
 2.76659200e-04
 1.80199627e-03
-3.16340297e-03
 2.62709169e-03
-1.03619466e-03
 2.75775998e-04
 6.40040719e-05
-1.66583314e-04
 1.93828109e-04
 1.59911373e-04
 5.14023623e-04
-9.90964143e-04
-1.66831240e-04
-5.24627389e-04
-2.69076484e-04
-1.99654496e-04
-1.97066342e-04
-9.81924244e-05
-3.08348274e-04
 1.28488126e-04
-1.30875939e-04
-9.83940268e-05
 7.54510284e-06
 3.22413944e-05
 3.94627530e-04
-2.33626960e-05
 2.69333999e-04
 5.86186463e-04
-1.59604085e-04
-2.24496424e-04
-6.59505726e-05
-9.58130990e-05
 1.55585112e-04
 1.36148659e-04
-3.05629454e-04
-1.90131892e-04
 4.85231094e-04
-2.33763263e-04
-2.04937450e-04
 7.71632480e-04
 4.00412539e-04
 8.00298129e-04
 3.32940552e-04
-1.18310043e-04
 3.44495230e-04
-1.29167404e-04
 1.23539185e-06
 5.16916858e-04
 4.60339997e-04
-4.20788822e-04
-3.15948550e-04
-1.98530391e-04
-3.85228797e-04
 2.37290192e-04
 1.68738433e-04
-9.25190037e-05
 1.43272365e-04
 4.91427535e-04
-2.40991566e-04
-1.73008336e-04
 7.03713470e-05
 9.01337377e-05
 6.23554402e-05
-1.28750068e-05
 6.04587543e-04
 1.95763821e-05
-4.83722545e-04
-5.81914659e-04
-3.99354487e-04
-6.09253909e-05
 5.41411118e-04
-2.35363717e-05
-6.88715254e-04
 5.66965763e-05
-9.53761444e-07
 5.06849665e-05
 2.26789030e-04
 5.63408015e-04
 4.82725868e-04
-5.47985914e-05
-3.00949198e-04
 1.34326330e-04
 3.61938675e-04
-5.30454269e-06
 2.44241431e-04
-1.85308108e-04
 1.18937414e-04
 5.47113618e-05
-4.20374058e-04
 6.52693435e-04
-1.75183608e-04
-4.41793922e-04
 5.90075444e-04
 1.25752343e-04
 5.06613716e-04
-7.09694182e-05
 1.36725593e-04
 1.01674281e-03
-1.39177926e-04
 1.60670766e-04
 1.93669522e-04
-1.08029336e-04
 4.62239191e-05
-1.11879721e-04
 2.02901265e-04
 1.47174468e-04
-2.32063996e-04
-1.45971719e-04
-7.69326115e-05
-8.41710468e-05
 2.18945142e-04
-1.10713964e-04
-7.73470277e-05
 4.72879788e-04
 2.49082252e-04
-1.39227533e-04
-2.25069184e-04
 5.86499429e-05
-2.81507453e-05
 2.44850950e-05
 2.90560572e-04
-1.65776431e-05
-2.80770759e-04
 1.22836006e-05
-2.18520765e-04
-2.57467576e-04
