 5.60183155e-05
-3.83266863e-04
 2.90662057e-04
 7.60204104e-04
-2.58048575e-04
-8.39019394e-05
 5.30563420e-04
 3.27924325e-04
-1.37434552e-04
-1.25465589e-04
 3.61744883e-04
 1.24020807e-04
 9.87991054e-05
 6.38490880e-05
-6.15351831e-04
-2.19371925e-05
 2.79275668e-04
 1.57912351e-04
 4.46215008e-04
 3.11907072e-04
 2.84356237e-04
-1.60227801e-04
-9.24093066e-05
 7.11016884e-04
 1.00947047e-04
-2.44983932e-04
 3.07266500e-04
 3.29687421e-04
-1.07635412e-04
-3.07405203e-06
 5.35650972e-04
 6.79549147e-04
 8.14644539e-04
 4.16726895e-05
-7.46455520e-04
-4.52583206e-04
 5.57823963e-04
 2.78667754e-04
 1.53038339e-05
 1.44751181e-04
-4.65770126e-04
 1.46036459e-04
 3.35738329e-04
 2.03639300e-04
-3.21391465e-04
-2.48077902e-04
 4.31171956e-04
-1.23927527e-04
 1.74757654e-04
-1.39795118e-05
-3.07182068e-04
 2.63300866e-04
 1.81449462e-05
 1.36752895e-04
 6.23240158e-04
-3.07660812e-05
-5.81586704e-04
 1.71712279e-04
 3.35196685e-04
-2.12070447e-04
-8.51977456e-05
 8.17756028e-04
 2.71085584e-04
-4.60895398e-04
-1.54522085e-04
-1.06196223e-04
 4.24882272e-04
-2.54097384e-05
-4.79695151e-04
 1.06742811e-04
-2.09177823e-04
-3.49781903e-04
 1.18516028e-04
-1.66129166e-04
-1.40290652e-04
 9.66402355e-05
-2.68554766e-04
-4.58903284e-04
-4.31658793e-04
-3.59210192e-04
 2.20173664e-04
 3.71160029e-04
-4.42972760e-05
-1.14180151e-04
 4.82275240e-04
 7.15793801e-05
-2.07315192e-04
 2.49631100e-04
-1.18367246e-04
 4.60078066e-05
 1.02259357e-04
-2.19767541e-04
-5.23252050e-04
-1.89783791e-04
 2.78751009e-05
-3.07522754e-04
-1.90605710e-04
-2.97054972e-04
-1.06250994e-04
-2.43664750e-04
 6.13351882e-05
 5.33213345e-04
-2.06946417e-04
-1.02967985e-04
 1.17147172e-04
-3.53229916e-04
-2.82540403e-04
 5.40729220e-04
-1.23290725e-04
-5.79887053e-04
 9.13873114e-05
-7.41217406e-05
-1.64041191e-05
 1.10536976e-05
 2.67948047e-04
 9.53759573e-05
 4.36920457e-04
 2.98565676e-04
-5.32401929e-04
 3.41272907e-04
 1.90441232e-04
-2.87381685e-05
 1.19332837e-04
 9.58241733e-05
 7.43690041e-05
-6.02695854e-05
 3.59579543e-04
 2.61873425e-04
 3.32805609e-04
 3.71228517e-04
 1.95400414e-04
-8.05287645e-06
-3.65114113e-04
-7.94572947e-05
 8.06758100e-04
-1.89086653e-04
-2.08386890e-04
 5.21495335e-04
-4.64309848e-04
 4.47331532e-05
 1.62855496e-04
-2.43463361e-05
-2.11651280e-04
 5.98916733e-05
 2.23652628e-04
-3.14374749e-04
 4.36040817e-04
 3.44274259e-05
-1.70110319e-04
 3.46427547e-04
-3.06075007e-05
-3.17016415e-04
 3.00867092e-05
 1.76314197e-04
-8.76658674e-05
-8.58174247e-05
-2.93888029e-06
 2.85368955e-04
-1.26946989e-04
-9.95765479e-05
 1.39038414e-04
-2.67548569e-04
-2.35907791e-04
 2.73558733e-05
 3.34882793e-04
-1.40510586e-04
-6.19327306e-04
 2.13768384e-05
 6.00507911e-04
 6.61929496e-04
 1.11837819e-04
 2.26939941e-04
 7.02121552e-05
-2.83819796e-04
 2.46143073e-06
-2.36776965e-04
 4.04614047e-04
 2.41666606e-04
 3.58790429e-06
 1.27404940e-04
-1.94993571e-04
-1.01334766e-04
 1.51076714e-04
 5.47876479e-04
-7.06328395e-06
-2.14205171e-04
-1.55932112e-04
-4.55175701e-04
-2.59234834e-04
 2.38987706e-05
 1.48042209e-04
 6.00491562e-04
 1.11336183e-05
-4.61673726e-04
-7.01905048e-05
-3.73885691e-04
-1.36210668e-05
-2.72799461e-05
-3.09909232e-04
-3.48096066e-04
-7.03544843e-04
-1.90417699e-04
 3.48410927e-04
 2.05049071e-04
-8.31830764e-05
-2.80916618e-04
 5.30358482e-05
 3.36856249e-04
 1.96497427e-04
-3.06058801e-04
 3.97392492e-05
 1.45758916e-04
-3.29553247e-04
-1.53792709e-03
 3.79245715e-04
 1.29775832e-04
-1.84751437e-03
 1.13575793e-03
-2.13811991e-04
 1.93965621e-03
-4.33000844e-03
 4.82255178e-03
-7.38059527e-03
 1.21517317e-02
 4.24509721e-02
-4.56494575e-02
-9.99874771e-03
 5.97010410e-02
-2.91001948e-02
-4.49463989e-02
 3.81366308e-02
 4.78942313e-02
-2.96549216e-02
-5.86345503e-02
-4.88603920e-03
 5.12784211e-02
 5.23981938e-02
 4.25299229e-03
-4.37781510e-02
-6.09676608e-02
-5.00993751e-02
-2.60031834e-02
 2.59218639e-03
 2.62902077e-02
 3.90460821e-02
 4.47378724e-02
 4.65085062e-02
 4.60552976e-02
 4.32180072e-02
 3.44274528e-02
 1.48737186e-02
-1.23541604e-02
-3.95892090e-02
-5.82264528e-02
-5.64045926e-02
-2.11967551e-02
 3.33108218e-02
 6.00174411e-02
 2.67572639e-02
-3.87565180e-02
-5.56825862e-02
 1.42037474e-02
 6.04348653e-02
-9.55238188e-03
-5.40525671e-02
 2.40445426e-02
 4.46055972e-02
-5.56971857e-02
 3.66925185e-03
 4.52556649e-02
-5.60237740e-02
 3.50880443e-02
-7.70607934e-04
-2.61788461e-02
 3.68940428e-02
-3.37747987e-02
 2.49518181e-02
 1.53880469e-02
-8.52562438e-03
 5.54663671e-03
-4.46655690e-03
 5.30485715e-03
-6.45262926e-03
 3.57228637e-03
-1.44838732e-03
 3.07395104e-03
-7.49355843e-03
 9.31893355e-03
-1.37003345e-02
 3.48855649e-02
 7.78749196e-02
-9.90903080e-02
-2.42328082e-03
 1.14429353e-01
-7.20638894e-02
-7.75052609e-02
 8.82346724e-02
 8.29533169e-02
-7.59781016e-02
-1.11236512e-01
 1.07817464e-02
 1.12104377e-01
 9.24260992e-02
-1.38462948e-02
-1.02806271e-01
-1.20983611e-01
-8.64663434e-02
-3.00619704e-02
 2.93746738e-02
 7.40427750e-02
 9.74495913e-02
 1.05777706e-01
 1.06868012e-01
 1.06986352e-01
 1.03531923e-01
 8.87887243e-02
 5.58540802e-02
 3.62704742e-03
-5.64404915e-02
-1.06564253e-01
-1.21655296e-01
-6.96190514e-02
 3.87921154e-02
 1.16747974e-01
 7.72787351e-02
-5.25098788e-02
-1.20727241e-01
-4.22792392e-03
 1.21416155e-01
 1.12208385e-02
-1.10853672e-01
 1.84244199e-02
 1.06699045e-01
-9.05027103e-02
-2.76352948e-02
 1.09549777e-01
-1.05068940e-01
 4.38218775e-02
 2.66238813e-02
-7.09470394e-02
 7.74441270e-02
-5.95795345e-02
 3.34792724e-02
 4.51191831e-02
-2.22541585e-02
 1.80658234e-02
