-4.85498711e-06
 1.11540298e-04
 3.98330291e-04
 5.39452930e-04
 9.60724308e-04
 2.99359652e-04
-4.06475815e-04
 1.65577276e-05
-2.37509291e-05
-1.31447793e-04
-2.11987492e-04
-1.55526121e-04
 1.69668542e-04
-3.46421711e-04
-2.57718852e-04
-3.44974745e-05
-2.31628523e-04
 7.27669909e-04
 1.16688747e-04
-6.00299407e-04
 6.13095972e-04
 5.40068488e-04
 4.05754066e-04
 2.06742620e-04
-1.52800713e-04
-3.92363943e-05
-4.34465291e-04
 2.19583497e-04
 4.76425143e-04
-5.08326798e-04
-2.48774242e-04
 5.68877112e-04
 1.50465137e-04
 2.30465698e-04
 3.10510328e-04
-1.20915665e-04
-7.38403026e-05
-7.03926358e-05
 1.67133351e-04
 2.81454808e-04
-1.47480703e-04
 5.37935010e-05
 2.71746108e-04
-3.51773210e-04
-2.34167611e-04
-1.03689902e-04
 4.05177706e-04
 1.68012664e-04
-2.54837291e-05
 7.32401110e-04
-3.67769224e-04
-4.52624404e-04
 5.26992270e-04
-3.54644606e-05
 2.97980490e-05
 2.93670480e-04
-1.41359995e-04
 3.97741827e-04
 4.22197920e-04
-6.95193011e-05
 1.25751912e-05
 3.02441125e-04
-1.14297342e-05
-1.98444048e-04
-2.67255563e-04
 1.56832398e-04
 6.03106402e-04
-1.11231456e-04
 1.62152819e-04
 4.45659860e-04
 8.64335886e-05
-4.77764908e-04
-4.91013548e-04
 6.20671704e-05
 5.98914861e-04
 4.14094134e-04
-5.45635436e-05
-1.93557869e-04
-3.48560048e-04
 2.99613185e-04
-3.78881102e-04
 8.88536287e-04
-1.63843196e-04
-3.68604414e-04
 2.43722094e-03
-2.19987396e-03
-6.69237641e-04
 3.49553968e-03
-1.37130889e-03
-2.57217814e-03
 1.71952339e-03
 2.79342632e-03
-5.93898151e-04
-3.12597473e-03
-4.80653791e-04
 3.00978691e-03
 3.09112341e-03
 2.83703811e-04
-2.48241945e-03
-3.43787917e-03
-2.90985420e-03
-6.71442450e-04
-8.42971103e-05
 9.60024285e-04
 2.37940165e-03
 2.40947455e-03
 3.34046266e-03
 2.81156553e-03
 2.65371961e-03
 2.60600410e-03
 4.62999233e-04
-2.58088903e-04
-1.88567092e-03
-3.29084624e-03
-2.80321071e-03
-1.22448101e-03
 2.34308277e-03
 3.31856922e-03
 1.52637204e-03
-1.80494682e-03
-3.53568320e-03
 7.90841898e-04
 3.66374509e-03
-3.41135460e-04
-2.41644233e-03
 1.56060032e-03
 2.39209735e-03
-3.00537887e-03
 5.77462927e-04
 3.19787531e-03
-2.81080563e-03
 1.96111216e-03
-5.11725112e-04
-2.72870358e-03
 1.70250333e-03
-1.69659614e-03
 2.43600677e-03
 2.64947812e-03
 2.24177766e-04
 2.60064998e-04
-4.50515363e-04
 4.88708743e-04
-2.73026600e-04
 2.25977671e-04
-6.84754046e-06
 5.87385767e-04
-1.04291302e-03
 9.20595729e-04
-2.79942473e-03
-2.59449975e-03
 4.60050476e-03
-4.96370437e-03
-2.68732588e-04
 6.60300279e-03
-3.96117042e-03
-4.61703517e-03
 4.50273479e-03
 4.95025229e-03
-4.25482269e-03
-5.99965294e-03
 5.40141689e-04
 5.70240453e-03
 4.80662110e-03
-2.38355645e-04
-5.33548150e-03
-7.19460740e-03
-4.85483274e-03
-1.62251273e-03
 1.88753911e-03
 4.19431731e-03
 5.09709834e-03
 5.99906494e-03
 6.06098523e-03
 5.71890864e-03
 5.29568597e-03
 4.73131478e-03
 3.20692782e-03
 9.53461547e-05
-3.40816656e-03
-6.16012092e-03
-6.85299188e-03
-4.01083836e-03
 1.74022626e-03
 6.80535997e-03
 4.20136528e-03
-3.25904866e-03
-6.86546816e-03
-5.23024905e-04
 7.23124373e-03
 4.00932092e-04
-6.36619097e-03
 1.17111014e-03
 6.11048907e-03
-4.68903336e-03
-1.75918029e-03
 6.22999192e-03
-6.14109308e-03
 2.16167495e-03
 1.16755759e-03
-4.72023187e-03
 4.73138052e-03
-3.83400360e-03
 3.10978247e-03
 4.50218882e-03
-2.47819663e-03
 2.29402262e-04
-5.21328708e-04
 5.83938196e-04
-6.23495165e-04
-1.24230844e-04
 2.08547417e-05
-2.70808811e-04
 3.64479476e-04
-4.96067795e-05
-2.30467442e-04
 1.81130455e-04
 2.18170884e-04
-1.69114230e-04
-1.97230065e-05
 4.02356082e-04
 2.66592596e-04
-1.10504109e-06
-2.76345629e-04
-1.96795209e-04
 4.04353704e-04
 3.44516121e-05
 3.28638238e-05
 1.12529746e-04
-4.86089087e-05
 4.07155279e-04
-8.54858686e-04
-3.98314273e-04
 8.71748025e-04
-3.21767180e-04
-2.13375846e-04
-5.24359389e-05
 3.14838895e-04
 1.81847989e-04
-1.24744320e-04
-9.34653633e-06
-2.01632005e-04
-3.67178179e-05
-2.15490172e-04
-9.80549833e-05
-3.93417316e-05
 2.56402260e-05
-1.57503140e-04
 1.49721933e-04
 2.82557715e-04
 5.89071086e-04
-1.27608659e-04
-2.86976430e-04
 2.13713492e-04
-2.33970452e-04
 3.99127314e-04
-3.22477554e-05
 9.14512880e-05
-4.23896724e-04
 2.02105898e-05
 3.06088984e-04
-6.33841991e-04
 4.08817218e-04
-2.20617027e-04
-6.99783720e-04
-3.55281141e-04
-1.66225819e-04
-4.71124883e-04
-4.19158036e-04
 6.00358888e-04
 3.38908664e-04
 3.31491068e-04
 3.10119937e-04
-1.23468521e-05
 2.12397515e-04
 3.75661163e-04
 6.32724149e-04
 3.45128417e-04
 2.83912516e-04
 1.93732873e-04
 1.77973355e-04
-2.33943137e-04
-7.55019876e-04
 1.88446427e-04
 5.05457198e-05
-2.20835639e-04
 1.41878729e-04
-8.64102318e-05
-2.14282986e-04
-2.84397352e-04
 1.89363876e-04
 4.30648055e-04
-1.37548518e-04
 4.87411785e-04
 5.06660390e-05
-2.79303453e-04
 2.25917340e-04
-1.90110001e-04
 2.87175975e-04
 4.46036478e-04
 1.05890992e-04
-5.88407519e-04
-1.60174793e-04
 2.99838580e-04
-2.69461119e-04
 3.73827187e-04
 2.98640882e-04
 9.03469099e-05
 1.97296137e-04
 4.36382253e-04
 6.81368243e-04
-3.79176064e-06
-1.44809009e-05
-4.63373914e-04
-1.09312770e-04
 6.70495526e-04
 1.28525550e-04
 4.83205712e-05
 4.67527115e-05
-1.94024995e-04
 9.53834231e-05
-7.08164700e-05
-5.39429060e-04
-1.67125365e-04
 1.76121621e-04
-9.80375324e-07
-1.28359519e-04
 1.57956649e-04
 2.93659744e-04
-2.51323722e-04
-3.06351058e-04
 1.12715454e-04
 4.38915940e-06
 2.65450867e-04
-5.11703488e-04
-2.56864213e-04
 5.04646255e-04
-1.48152513e-04
-1.56286053e-04
-2.10659323e-04
 3.17037828e-04
 1.33781942e-04
-3.92780535e-04
-1.17050953e-04
 2.12782623e-04
 4.11264678e-04
-1.66029893e-05
