-2.26948041e-05
 2.27694097e-05
-5.10221358e-05
-3.25695734e-04
-2.59296781e-04
 2.25453392e-04
 3.27102181e-04
-1.22336796e-04
-7.94264229e-05
 2.21704138e-04
 2.80917755e-04
 2.03457246e-04
 3.98275872e-04
-1.79431913e-04
-1.83756222e-04
 4.22876828e-04
-2.72057414e-04
 4.08479722e-04
 7.01428619e-04
 3.62012292e-04
-1.88422361e-05
-3.49401523e-04
-1.70018824e-04
-5.24624438e-04
 5.40942876e-04
 2.96730704e-04
-3.13424034e-04
 3.16614702e-04
 1.42824002e-04
 1.09861609e-04
-4.18391217e-04
-7.39229065e-04
-7.00608675e-05
 1.69715291e-04
 2.09839503e-06
 2.09126026e-05
 2.00569191e-04
 4.54002627e-04
 4.20584933e-04
 1.52197047e-04
-2.62485244e-04
-2.84735747e-04
 5.62825204e-04
 6.42498232e-05
-6.02230893e-04
-8.05900536e-06
 4.92322654e-04
 6.50016949e-04
-7.38787123e-05
-1.99661289e-04
-1.64391790e-04
-4.16452977e-04
 2.27542414e-04
 8.15348607e-05
-3.71101292e-04
-1.10968342e-04
 2.07077690e-04
 2.18319151e-04
-4.05696131e-04
-3.84004933e-04
-1.30863857e-04
 3.73143099e-04
 5.65903889e-04
 6.24224926e-04
 4.11389720e-04
-2.13472699e-04
 1.64753236e-04
 3.20011730e-04
 9.10367360e-05
-2.34728248e-05
 3.33393989e-04
 2.91370571e-04
 1.65885118e-04
 1.97265250e-04
-5.33845613e-05
-5.58565582e-04
-1.39089651e-04
 2.22292698e-04
-2.60517080e-04
 3.41158588e-04
 2.04480422e-04
 1.91240546e-04
 5.23729283e-04
 1.32878330e-05
 1.06060180e-04
-2.93685653e-04
-7.24675974e-05
-5.90872616e-06
-1.00703045e-05
 4.69776799e-04
-1.77605450e-04
 5.76594334e-05
-3.17356433e-04
 8.41594659e-05
 5.23793252e-04
-2.20203416e-05
 4.85878567e-04
 2.72417832e-05
 4.15080922e-04
 6.50751734e-04
 2.79898869e-04
-4.75031718e-05
-4.96827432e-04
 2.41781100e-04
-1.32739070e-04
-3.37659543e-04
 1.49581205e-05
-4.40654122e-04
-4.15512769e-04
-4.28331617e-05
-1.67180237e-04
-3.70680112e-04
-2.07314128e-04
-2.98472248e-05
 2.19458476e-04
-2.30737135e-04
 1.47191882e-04
 7.04680229e-04
 2.43341488e-04
 3.34224290e-04
-3.25518732e-04
-1.21458920e-04
 2.18006611e-04
-4.31571980e-04
-1.72432538e-04
-9.92664494e-05
 1.01697056e-04
-1.33029243e-04
 1.89873100e-04
 5.04598258e-04
-4.99306183e-04
 2.77445290e-05
 3.33088415e-04
-3.38731696e-04
 1.40786278e-04
 4.24739934e-05
 2.72175716e-04
 6.23697277e-04
-2.12532468e-04
-9.81485780e-05
-7.49458798e-05
 1.52905853e-04
 2.45509606e-05
-6.67168404e-04
 2.64961797e-04
 5.90220455e-04
 5.20987663e-05
 2.03796013e-04
-5.80488285e-04
-4.43410613e-04
 1.66797161e-04
-3.17095502e-04
-2.18989604e-05
 4.28715257e-05
 2.48551171e-04
 3.30488291e-04
-2.67398285e-04
-2.79418039e-04
 3.48480336e-04
 4.90838002e-04
-1.10777509e-04
-3.36319324e-04
-7.86548830e-05
 7.89324161e-05
 5.10734722e-04
 2.52114273e-04
-7.57973039e-05
 1.67121525e-04
-2.75718282e-05
-2.40165853e-04
-9.72374198e-06
 3.53131987e-04
-2.98717357e-04
 1.51800381e-04
 4.33661110e-04
 1.32756901e-04
-4.70917429e-05
-2.37883444e-04
 2.92266141e-05
-2.70578825e-04
 8.66263620e-04
-6.14584977e-04
 1.26327954e-03
 2.89884704e-03
-6.02423360e-04
 3.40198085e-04
 1.23633305e-04
-4.63561717e-04
-1.73853214e-04
-1.43831876e-05
 9.83078169e-05
-3.17061790e-04
 8.21599444e-04
 6.14582905e-04
-3.17571950e-05
 1.44373814e-04
 2.77493896e-04
-1.23762970e-04
-7.14519500e-04
 1.61056620e-04
 4.69153174e-04
-1.98389659e-04
-1.96529742e-04
 1.80900745e-04
 2.91621254e-05
-4.78025246e-04
 4.46638380e-04
 8.28407588e-04
 5.91636679e-05
-4.00479640e-05
 6.82073342e-04
 4.60178138e-04
-2.39790296e-04
-1.02461396e-04
-6.42821876e-04
-1.32171494e-04
 1.77730518e-04
-2.08525569e-04
 1.22266998e-04
 6.26878839e-04
 2.88195700e-04
 5.91130620e-06
 7.98303813e-05
-5.19795407e-04
 2.53432839e-04
-7.41725510e-05
-2.82282238e-04
 3.88269059e-04
-5.15418542e-04
-1.38124649e-04
 6.50820746e-04
 9.07434372e-04
 4.08320381e-04
 2.66691117e-04
 6.22567883e-04
-1.67014011e-03
 2.37812133e-03
 3.92791308e-03
-7.82674538e-04
 1.27334887e-04
-2.53186400e-04
-6.38455668e-04
 1.63872622e-04
-1.96625106e-04
 8.13826759e-07
 3.52474829e-04
-9.53542394e-04
 9.75527836e-04
-3.03764376e-03
-6.19676624e-03
-3.76257203e-06
 1.50136388e-05
 1.19748031e-04
 3.46063010e-04
 3.14438548e-04
 3.06171805e-04
-1.11626652e-04
 6.71506042e-04
 1.81631254e-05
-2.98630166e-04
 1.62774891e-04
 5.18908603e-04
-5.34004701e-04
 7.46142374e-05
 7.29510282e-04
 1.36764791e-04
-4.67816110e-05
-2.93260987e-04
 7.26902627e-05
-2.43620915e-04
-2.24718848e-05
-1.50023148e-04
-1.41707864e-04
 3.71140911e-04
-5.41150165e-04
 7.97358554e-06
 6.20459801e-04
 1.28800637e-04
-1.46230266e-04
-1.55185438e-05
 3.85642111e-04
-1.09950653e-05
-1.13656060e-04
-4.09561141e-05
-6.78254516e-04
-2.55223077e-04
 3.68286106e-05
 1.60264204e-04
 5.58572027e-04
-5.16450850e-05
-2.82028909e-04
-2.43113473e-04
 3.51377574e-04
 3.54142260e-05
 2.37793488e-04
 1.04377339e-04
-1.94785029e-04
-1.00171380e-04
 2.18560170e-04
 5.14099009e-04
-1.11298556e-03
 1.38829711e-03
-3.90392946e-03
-5.09376332e-03
 1.54390405e-03
-3.08149931e-04
-2.71592967e-06
-4.74746849e-05
-3.64135239e-04
 3.22095358e-04
 3.52511781e-04
 2.00509549e-05
-2.13420549e-04
 2.04127352e-04
-6.38802956e-04
-3.43370174e-04
-1.53794098e-04
 6.26085792e-05
 3.37461005e-04
-2.04716792e-04
 3.77108651e-04
 3.87821803e-04
-1.18179162e-04
 2.71822595e-05
-1.24458398e-04
 1.95242686e-04
 2.72362879e-04
 1.86204798e-04
 4.46352304e-05
-4.97954211e-04
-6.34665401e-05
 2.17914788e-04
 1.62498311e-04
-3.94367934e-05
-7.95836446e-05
 4.02061885e-04
 4.42891135e-04
-1.02183110e-04
-2.45906421e-04
 2.16096696e-04
 2.27100448e-04
-1.62124970e-04
 7.71008262e-05
 4.65945609e-04
 2.48143035e-04
-4.91038034e-04
