 5.91374928e-05
 2.54862796e-05
-3.58046647e-04
 1.29408931e-05
 2.56857898e-05
 3.19112561e-04
 4.10734842e-04
-7.56861775e-05
-4.64417553e-04
-6.69921324e-05
 3.73092573e-04
-5.04710801e-04
 1.66408098e-04
 3.68299011e-04
 4.51395035e-04
 1.06471724e-03
-8.28850296e-05
 1.43648963e-04
-5.10330744e-04
-8.54937177e-04
-6.81798302e-05
-1.62465980e-04
 4.92171758e-04
-3.49883212e-04
-4.71805221e-04
 3.70091955e-04
 1.91375484e-04
-2.01781854e-04
-4.36951954e-04
 3.85457157e-04
 8.34915820e-05
-2.47068284e-05
 5.51401798e-04
-2.00300045e-04
-2.49006352e-04
-1.13537003e-06
-4.05767379e-04
-7.68668614e-05
-1.85714512e-04
-7.09017534e-04
-9.64249450e-05
 7.78363621e-05
-3.54174088e-04
-5.49782731e-04
-4.88340320e-04
-5.22023385e-04
-1.39826283e-04
 2.76224119e-04
 1.03791035e-04
 1.61813647e-04
 1.77854898e-05
 9.59411346e-05
 9.20106109e-05
-1.02843419e-04
 6.24857482e-04
 4.45198909e-04
-1.70243849e-04
-3.04126949e-05
 1.62603259e-04
 5.60880449e-05
-1.40529001e-04
-2.45300110e-05
-1.44212526e-04
 2.60645839e-04
-8.05247246e-05
-1.13429616e-04
 2.04619500e-04
-2.08701667e-04
 3.44745860e-04
-7.39705166e-05
 5.07979620e-05
 6.23942160e-04
-9.77308219e-04
-5.25622281e-05
 1.54571397e-03
-1.94085001e-03
 1.07865978e-03
-6.84762222e-04
 9.57160419e-04
-2.39365207e-03
 8.85396071e-04
 1.28670974e-03
-1.32003135e-03
 4.17506035e-02
-2.18750067e-02
-3.20491468e-02
 6.02745702e-02
-1.35336994e-02
-5.13163054e-02
 3.51378584e-02
 4.35787143e-02
-3.63067871e-02
-5.39470448e-02
 1.58246801e-02
 5.80563274e-02
 2.86799431e-02
-3.17556695e-02
-6.16520106e-02
-4.45614883e-02
-4.62330854e-03
 3.21769411e-02
 5.42905851e-02
 6.18081892e-02
 5.73014137e-02
 4.90054215e-02
 4.17152857e-02
 3.81144618e-02
 3.92364154e-02
 4.47024841e-02
 5.35600861e-02
 6.07095528e-02
 5.98074793e-02
 4.48027973e-02
 1.52395181e-02
-2.58721070e-02
-5.91370951e-02
-5.16061037e-02
-1.20954431e-04
 5.20624652e-02
 4.50838649e-02
-2.53249428e-02
-6.08111637e-02
 8.99253624e-03
 5.63632095e-02
-1.44938927e-02
-5.08274655e-02
 3.81146392e-02
 2.79072449e-02
-6.16724810e-02
 3.93379721e-02
 5.36309703e-03
-3.93543265e-02
 4.90049082e-02
-3.35216439e-02
 1.15062849e-02
 7.76738690e-03
-2.44004202e-02
 2.56342008e-02
-1.06989830e-02
 5.47417418e-03
 8.06780237e-04
-5.29014068e-03
 5.59168557e-03
-4.51134268e-03
 4.37253852e-03
-6.57454369e-03
 4.02527971e-03
 1.25425710e-03
-1.47543218e-03
 7.86924590e-02
-5.55884260e-02
-5.10444460e-02
 1.21145593e-01
-4.50220569e-02
-9.28298984e-02
 8.41707723e-02
 7.45906630e-02
-8.65185060e-02
-9.67840204e-02
 5.05992089e-02
 1.16615119e-01
 3.90353883e-02
-8.02197982e-02
-1.24144043e-01
-7.16380052e-02
 1.54477438e-02
 8.23449804e-02
 1.16188634e-01
 1.20209645e-01
 1.02669823e-01
 7.93486438e-02
 6.24032716e-02
 5.57440819e-02
 5.79138437e-02
 6.96115248e-02
 8.95615171e-02
 1.12049848e-01
 1.21982808e-01
 1.05050722e-01
 5.57967341e-02
-2.49445613e-02
-1.05087787e-01
-1.17612378e-01
-2.90623850e-02
 8.78745000e-02
 1.05812716e-01
-1.88542727e-02
-1.24254047e-01
-1.45924013e-02
 1.14394840e-01
-6.91245107e-05
-1.10708276e-01
 4.94687955e-02
 8.37157272e-02
-1.21365243e-01
 4.89574975e-02
 4.32042452e-02
-9.56325244e-02
 9.29449957e-02
-5.03909486e-02
 4.03836928e-04
 3.59324712e-02
-6.11302666e-02
 3.86384307e-02
-1.32336266e-02
 5.53020183e-03
 1.02218781e-03
-5.06850465e-03
 6.99419238e-03
-6.60029549e-03
 4.90250783e-03
-2.25721379e-03
 1.11541673e-03
-6.87632588e-05
-4.68448958e-04
 6.84567200e-05
-1.62205543e-04
 1.27371254e-04
 2.95733980e-06
 9.41742318e-05
-1.02505871e-04
-1.35329967e-04
-1.42086979e-04
 4.99482626e-06
-2.27578801e-04
-2.94654650e-04
-1.36367140e-04
 1.88738108e-04
 2.08056437e-04
-2.89609123e-04
 5.29051669e-05
-3.48244366e-04
-3.61404956e-04
 2.50481441e-05
 6.97105994e-05
 3.49503872e-04
-6.79382965e-05
 3.98616110e-05
-1.98089594e-04
 2.26491748e-04
 2.03954270e-04
-4.09530320e-04
 2.59924927e-04
-4.00746230e-04
-5.87935302e-04
-2.53460369e-04
-3.67206364e-04
-3.62004636e-04
 2.60364716e-04
 7.14415237e-04
 1.13001626e-04
 6.78436258e-04
 2.41227160e-04
-1.00197089e-04
 7.38069460e-04
 3.93426552e-04
 1.81673340e-04
 2.55100062e-04
 4.91015400e-04
 3.45995506e-04
-1.44125253e-04
-3.35015954e-04
-2.45842592e-04
-1.46917428e-04
-9.66703609e-04
-8.29329347e-04
 2.71431754e-04
-2.56260754e-04
-2.10574230e-04
 4.96239059e-04
 8.72112233e-05
 1.66415298e-04
 5.04651529e-05
-6.40830012e-04
-7.54822037e-05
-8.02473953e-06
-1.96128921e-04
 7.08979850e-04
 4.32961354e-04
 1.74325379e-04
 4.42947166e-04
-3.72503310e-04
-4.25993437e-04
 1.79736267e-04
-2.10547044e-04
-3.00460524e-04
 1.57676521e-05
-1.00762278e-04
-3.25840774e-04
 1.43535390e-04
 6.31500932e-04
-4.55663540e-04
-9.52690831e-05
 5.11809496e-04
-2.69308045e-04
 6.56575837e-05
-8.48842270e-05
-4.75435459e-04
 5.17700363e-06
 2.12497647e-04
-3.30143671e-05
 1.70665600e-04
-4.19991259e-04
-2.48577889e-04
-1.51666103e-04
-2.69488403e-04
 7.90030900e-04
-7.16355736e-05
-4.25488623e-04
-5.58126352e-04
-1.56283498e-04
 5.47831802e-04
 1.49592499e-04
 2.88136760e-04
 5.37242887e-05
 4.13381484e-04
-6.89019497e-05
-1.96286891e-04
 3.87844979e-04
-1.03791306e-04
 1.28006349e-04
 3.64195151e-04
 2.03466823e-04
 5.78803896e-05
 2.20783383e-04
 4.08792726e-04
 1.94622708e-04
 1.54360223e-04
 1.71683047e-05
 9.89552330e-05
 6.73117109e-04
 2.34124404e-04
-4.89955982e-04
 1.88765144e-05
 3.18741548e-04
 4.26935040e-04
 4.74368234e-04
-2.77864182e-04
-2.44548578e-04
 2.28992362e-04
-3.84083463e-04
-4.04009592e-04
-2.56920796e-05
 6.90415286e-05
 3.47701571e-04
 1.87664769e-04
