 1.77357482e-05
 5.22091437e-05
 3.97247819e-05
 1.98401385e-04
-2.22149258e-04
-3.73647255e-05
 3.56930512e-04
 2.29877651e-05
-3.02245036e-04
-1.32334387e-04
 8.79240494e-05
-1.14744716e-04
 3.48930623e-04
 5.25399384e-05
-1.79093173e-04
-3.87013422e-04
-1.42971230e-04
 8.20944528e-05
-7.30999420e-04
 2.70373553e-04
 4.72613496e-04
 3.63028305e-05
-5.93877425e-05
 1.60504385e-04
 4.99787629e-04
-1.39148312e-05
-2.18794448e-04
 1.41752490e-04
 3.20591743e-04
-1.91686483e-04
-2.62069726e-04
-5.38494010e-04
 1.94719639e-05
 2.79242810e-04
 3.15514564e-04
 5.52239066e-04
-5.26896406e-05
 2.52938247e-04
 4.09608890e-04
 3.06510364e-04
-1.60193896e-04
-2.88777134e-04
-4.03405284e-04
 2.76808075e-04
 6.00041405e-04
-7.84799375e-05
 4.61703202e-04
-1.81999375e-04
-4.13966992e-04
-2.71328191e-04
-1.82053925e-04
-8.84343278e-06
-2.75086815e-04
-1.38777456e-04
-4.55418920e-04
-3.14062664e-04
-3.09364044e-04
-5.12943736e-04
-2.41425459e-04
 1.71334165e-04
 6.36351190e-05
-3.83699854e-04
 1.22675794e-05
 4.53644118e-04
 1.13065614e-04
-3.79662279e-04
 1.03342578e-04
 6.38048783e-04
 4.45201401e-04
-1.43801234e-04
 2.25106219e-04
 5.39002279e-04
 1.55821283e-05
 5.56340340e-05
 9.20048031e-05
 6.31016450e-04
 2.51446693e-04
-2.03986663e-04
-2.18007093e-05
 1.24623377e-04
-2.12016716e-04
-1.01043024e-03
 2.10417470e-04
 2.97275084e-04
-7.29580853e-05
 4.75163250e-04
-2.60902333e-04
-3.40327238e-04
 4.24265517e-05
-4.08420779e-04
-3.54660265e-04
 8.71069378e-05
 7.78790982e-05
 3.65201123e-04
 2.83099955e-04
 3.95904755e-05
-2.36890480e-04
 1.72930750e-04
 7.97291087e-04
 1.96346769e-04
-1.22052196e-04
-2.07579086e-04
 1.85182025e-06
-1.76868170e-04
-3.40693401e-04
 4.75587521e-04
 2.97901497e-04
 9.07632183e-05
-3.34332060e-04
-3.36280189e-04
 6.07595283e-05
-4.93817979e-04
-2.30021379e-04
 4.82028621e-04
 2.84090511e-04
-4.98004987e-05
 4.27051419e-04
 2.60434238e-04
-1.54677571e-04
 4.43443386e-05
 2.21869987e-04
 1.85569417e-04
-3.14063132e-04
 4.24796047e-04
 5.02621800e-04
-2.81204856e-04
 4.87384447e-04
 1.74323485e-04
 4.90409652e-04
 7.46370483e-04
-2.66327429e-04
-7.29514115e-04
-4.89218718e-04
 8.27209658e-05
-1.29360931e-04
-2.31154314e-04
-2.82887721e-04
 2.73552571e-04
 3.71199364e-04
 1.96052166e-04
-2.45710100e-04
 9.38569080e-04
-7.49779126e-04
-1.06250435e-03
 2.54217042e-03
-2.44563455e-03
-4.48593381e-04
 3.92593998e-03
-1.79846021e-03
-2.00700892e-03
 2.27146299e-03
 2.88403319e-03
-8.87756537e-04
-3.50493978e-03
-1.29683080e-04
 3.09738566e-03
 2.80247327e-03
 8.22627233e-04
-2.33665515e-03
-3.83470434e-03
-3.24399494e-03
-1.50811589e-03
 5.23147279e-04
 2.02348723e-03
 2.77042765e-03
 3.03922346e-03
 2.67288070e-03
 2.20641532e-03
 2.62413950e-03
 2.33560898e-03
 1.00441170e-03
-7.16974598e-04
-2.71150088e-03
-4.39794136e-03
-3.41951579e-03
-9.85268120e-04
 2.30233531e-03
 3.70703338e-03
 6.78194526e-04
-2.08243870e-03
-2.75803436e-03
 9.33307613e-04
 3.62347352e-03
-7.24365851e-04
-3.07657175e-03
 1.55793287e-03
 2.18626535e-03
-3.05638457e-03
 4.37496346e-04
 2.37911415e-03
-3.15052093e-03
 1.51753539e-03
-2.26440559e-04
-1.59105432e-03
 2.34991620e-03
-2.37671324e-03
 2.49968018e-03
 2.98063465e-03
-8.06165905e-04
 5.38210784e-04
 1.79210636e-04
-5.68941435e-07
-1.42265168e-04
 6.04281256e-04
-2.03950132e-04
 5.03946019e-04
-8.34174051e-04
 6.80010205e-04
-3.22284887e-03
-1.70696865e-03
 5.12087423e-03
-5.18571877e-03
-6.84655467e-05
 6.56902947e-03
-4.59929904e-03
-4.49729552e-03
 4.72936502e-03
 4.71629868e-03
-4.30710516e-03
-6.26537411e-03
 1.76336081e-03
 6.86765332e-03
 4.69825670e-03
-9.05494217e-04
-6.39472946e-03
-7.47371895e-03
-4.79818411e-03
-2.02002505e-03
 1.03174142e-03
 3.83513855e-03
 5.05441425e-03
 5.72073564e-03
 6.48010083e-03
 6.50945616e-03
 5.77982790e-03
 5.24438066e-03
 3.23945981e-03
 1.29488448e-04
-3.18226396e-03
-5.68653047e-03
-6.70039243e-03
-4.08108501e-03
 2.48864855e-03
 6.23341223e-03
 4.44637202e-03
-2.80498403e-03
-6.98332539e-03
-3.05069312e-04
 6.93206719e-03
 9.67906187e-04
-6.19237155e-03
 1.74823861e-03
 6.30562244e-03
-4.91240627e-03
-1.18080315e-03
 6.11289209e-03
-5.93732711e-03
 2.89777346e-03
 2.32481500e-03
-3.78052919e-03
 5.05754968e-03
-3.80651171e-03
 3.28630722e-03
 4.82562414e-03
-2.08718515e-03
 7.12028114e-04
-1.05383601e-03
 8.60155630e-04
-1.17934105e-04
-1.21336290e-04
 5.18483276e-04
-3.80906111e-04
-2.76486700e-04
-3.15624490e-04
 5.03344407e-05
-7.46772615e-05
 7.52477785e-05
 8.96210050e-05
-2.85711404e-04
 2.25238848e-05
-3.10334596e-04
-1.07799097e-04
 3.77910522e-04
 9.78444106e-05
 1.67870738e-04
 1.73545892e-04
 2.34427600e-04
 1.07232922e-04
 2.57154569e-04
-1.64747113e-04
-7.00109504e-04
-2.82548981e-04
-2.73108604e-04
-2.54238543e-04
-8.05861829e-05
-7.20732519e-04
-5.74161967e-04
-3.28817851e-04
-3.03203944e-04
 5.53396682e-05
-2.25410349e-04
 3.68554801e-04
 6.84737027e-04
-1.40944861e-04
-1.75406162e-04
-2.10790942e-04
-5.03141682e-04
-2.07156774e-04
-2.68633817e-05
-9.53441212e-05
-2.63405762e-04
 5.57387085e-04
 5.70509484e-05
-3.76161044e-04
 1.84987580e-04
-6.25047453e-05
 7.12473061e-04
-7.78084567e-05
-9.97783685e-05
 2.70977177e-04
-3.72329168e-04
 1.33092425e-04
 2.67250335e-04
 3.03789002e-04
-7.29042632e-05
 2.35345878e-04
 6.10884282e-05
-4.02780025e-04
 3.36625833e-04
-5.03190231e-04
-2.43484894e-04
 4.07073996e-04
-5.97910809e-04
 1.94699201e-04
 1.85447909e-04
-3.01660758e-04
-3.15576971e-05
-1.23211347e-04
 5.66343523e-05
-1.97473009e-04
 3.65757635e-04
 5.76625998e-04
 1.43835962e-04
 1.18053234e-04
 1.26501639e-04
-9.55224548e-05
