 6.84414687e-05
 2.59782532e-04
 3.66685488e-05
 5.16192844e-04
 3.31440977e-04
 7.73275285e-06
 2.16575364e-04
-2.11751627e-04
-1.33256143e-04
 3.39161111e-04
 2.42147801e-04
-1.78678384e-04
-1.20835147e-04
 3.43443788e-04
-4.07537235e-04
 1.44696925e-04
 7.16713463e-04
-5.84786013e-06
 1.97130605e-04
-1.75256513e-04
-1.42812635e-04
 2.14195278e-04
 3.89643099e-04
 4.19978194e-04
 3.78011780e-04
-1.34463437e-04
-4.16754268e-04
 3.89172104e-04
 7.10343205e-04
 1.93867666e-05
-2.39852933e-04
 1.20942070e-04
-3.39168569e-04
 2.44838803e-04
 8.39553106e-04
-6.12091781e-04
 1.39107181e-04
 5.15982802e-04
-5.75107702e-04
 4.24612532e-04
 8.20542526e-05
-1.45737676e-04
-8.23269815e-05
 8.01027328e-05
 1.43528575e-04
-5.13536097e-04
 3.95141050e-04
-2.34952415e-04
-5.99911801e-04
 1.89964846e-04
 3.38545286e-04
 3.29805310e-04
 1.51972937e-04
-7.81083261e-06
-1.71805962e-04
 6.16056845e-04
 3.77370173e-04
 1.06053266e-04
 2.07993589e-05
-1.68544869e-04
 2.70166619e-04
-2.51365243e-04
-1.60490168e-04
-2.80342847e-05
-6.03470617e-05
 4.31284586e-05
 5.12718952e-05
 3.40498752e-04
-4.34654428e-05
 1.08787037e-05
-6.76480119e-05
-1.12640925e-04
 2.55405976e-04
-4.42591778e-04
-3.03704516e-04
-4.20654679e-05
 2.96250907e-04
-5.60772488e-05
-3.96728069e-04
 2.50445511e-04
-9.59035571e-04
-4.41811305e-04
 1.11963979e-04
 2.51203180e-05
 5.26861706e-04
 5.38012383e-04
 2.08907710e-04
-4.92034211e-04
 3.46823869e-04
 1.02926791e-04
 1.81062734e-04
 5.20589276e-04
 1.53467322e-04
 9.06093620e-05
-5.97717568e-04
-1.72707918e-04
 7.05306425e-05
 1.70319562e-04
 3.27265647e-04
-1.64793686e-05
-6.73999222e-05
 3.73987053e-05
 1.36495390e-04
-6.35622438e-04
-7.94026946e-04
-1.28803432e-06
-1.08075064e-06
 4.34080602e-05
-6.38625260e-05
-5.31620626e-05
 3.54695188e-04
 2.06826985e-04
 2.96244625e-04
 2.56839625e-04
-2.99017505e-04
-4.46495561e-04
-1.14555607e-04
-4.78572721e-04
-1.60480468e-04
 4.10741389e-05
-1.08259950e-04
 1.90248513e-05
-2.69295747e-04
 1.70371147e-03
-1.16143865e-03
-1.68038794e-03
 3.48863124e-03
-3.27977043e-04
-2.89189431e-03
 2.27971591e-03
 2.29075787e-03
-2.61171633e-03
-2.77638826e-03
 8.27360320e-04
 2.93710203e-03
 2.05381960e-03
-1.58804388e-03
-4.09686855e-03
-2.23624106e-03
-1.80217798e-04
 1.31473940e-03
 3.51827590e-03
 4.12163775e-03
 3.42580646e-03
 2.59576278e-03
 2.12768787e-03
 2.12236075e-03
 1.86410813e-03
 2.75292898e-03
 3.24296150e-03
 2.78264032e-03
 3.46876499e-03
 2.51894033e-03
 8.71794398e-04
-1.20525987e-03
-3.65327857e-03
-3.22896792e-03
 6.92758981e-05
 3.32764095e-03
 2.46638924e-03
-1.32106597e-03
-3.25963468e-03
 3.34741762e-04
 3.36307656e-03
-9.60369317e-04
-3.05376655e-03
 1.99822109e-03
 1.92027903e-03
-3.05678006e-03
 1.99783063e-03
 2.35068068e-04
-2.34005476e-03
 2.84322643e-03
-1.95012805e-03
 1.41217296e-03
 6.72137848e-04
-1.25537570e-03
 2.87006246e-03
-1.17642976e-04
 6.83653852e-04
 2.01851065e-04
-4.38802007e-04
 7.07862821e-04
-3.12550112e-04
-1.92432152e-04
-1.08634456e-04
-1.98994128e-04
 1.23696840e-03
-2.03077457e-03
 8.68739747e-05
-2.50099454e-03
-3.12500903e-03
 6.70795738e-03
-2.12232326e-03
-5.70664059e-03
 5.43327423e-03
 4.49493210e-03
-4.84521118e-03
-5.14275370e-03
 2.93432017e-03
 6.61116256e-03
 2.42609710e-03
-4.74326127e-03
-6.74643509e-03
-3.25057277e-03
 7.66487829e-04
 4.43313090e-03
 6.75138000e-03
 7.33118245e-03
 5.68997294e-03
 4.28461562e-03
 4.28850721e-03
 3.54632991e-03
 3.80187198e-03
 3.55746888e-03
 4.23084725e-03
 6.46912582e-03
 6.72067788e-03
 6.05324437e-03
 2.98127566e-03
-1.90395063e-03
-5.92292688e-03
-6.37123859e-03
-1.36694636e-03
 5.02720371e-03
 5.89501908e-03
-8.71928894e-04
-6.51611647e-03
-6.74898192e-04
 6.64530037e-03
 4.28285586e-04
-5.67358793e-03
 2.58875794e-03
 4.98530176e-03
-6.77549881e-03
 2.91508742e-03
 2.83971428e-03
-5.30114787e-03
 5.28996831e-03
-3.68932122e-03
 8.76653366e-04
 1.01038738e-03
-1.11376679e-03
 7.05327118e-03
-9.67317776e-04
 7.62001902e-04
 5.19628298e-04
-4.24068052e-04
 7.21990952e-04
-1.35402081e-04
 1.94070334e-04
 3.46599154e-04
 1.75978532e-04
-3.91584457e-04
 4.27520516e-04
 4.28971054e-05
-1.88493540e-04
-1.64631084e-04
 1.98799096e-04
-3.92651098e-04
-2.33955659e-04
 6.80806848e-04
 3.84168312e-04
 4.70276883e-04
 3.45053716e-04
 4.83981371e-04
 1.73818758e-04
-1.97120812e-04
 4.75589260e-04
 5.80863881e-04
 3.17784319e-04
-1.61164116e-04
 3.22629503e-05
 3.60447541e-04
 3.19267922e-04
 3.56546734e-04
-6.78601006e-05
 5.38590369e-05
-7.94091031e-05
-8.63709550e-04
-4.75679666e-04
 7.99294462e-05
-1.06071207e-04
-3.86249206e-04
-4.14417875e-04
-4.28225118e-04
-7.14025750e-04
-6.48863982e-04
-4.09723341e-04
 3.27489167e-04
 1.08099873e-04
-3.76735767e-05
 2.77989866e-04
-2.25067415e-04
-7.59063204e-05
-4.03708075e-04
-1.46023313e-04
-1.33790463e-05
-4.00038553e-04
 3.64169270e-04
-8.77066602e-05
-4.63353132e-04
-5.96363570e-04
-6.05252528e-04
 3.08984176e-06
-8.66331413e-05
 6.24415709e-04
 3.93744910e-04
-6.21081068e-04
-3.45084876e-04
-4.29195025e-04
 3.52142715e-05
 3.62606340e-04
-9.64988618e-06
 7.34271627e-04
 4.69716330e-04
 3.18755476e-05
 1.18836859e-05
-2.40055787e-04
 2.90714098e-04
 7.64706391e-05
 3.65145576e-04
 1.26672693e-04
-2.79555015e-04
 8.29760234e-05
-6.99064772e-04
 4.40888675e-05
 3.20737603e-04
 1.10043796e-04
-2.58974792e-04
-6.27367310e-04
-2.95014020e-04
-6.24040719e-04
 2.54956242e-04
-1.29341109e-04
-3.70130764e-04
-2.64582431e-05
 4.41791576e-05
 7.63610069e-06
-4.04079374e-04
 4.10941089e-04
 7.24674921e-05
 3.55636038e-04
 6.90292911e-04
-1.21217104e-04
-5.28434609e-05
