-1.00113135e-04
-1.48327548e-04
-8.64197048e-05
 1.38328539e-04
 3.29223238e-04
 3.51256868e-04
 1.07673991e-04
-3.95806783e-04
 8.91058247e-06
 3.15707493e-04
 2.69883617e-04
-1.67551972e-04
-3.83541455e-04
 1.68740614e-04
 5.96670447e-04
 4.06725163e-04
-4.23945633e-04
-5.26260521e-04
-1.44211004e-04
-1.98546225e-04
-3.61994589e-04
 2.19210102e-04
 2.19849692e-04
 2.75322929e-04
 6.84423463e-05
-1.02330109e-04
 6.96608571e-05
 5.61945535e-05
 6.32953850e-04
-5.33972021e-04
-5.21573061e-04
 5.81130343e-05
 8.07601513e-05
-3.48641020e-05
-2.03730774e-04
 1.81314857e-04
-4.24156487e-04
 1.66105406e-04
 1.31598653e-04
-1.25721603e-04
 4.61757924e-05
-1.89706868e-04
 8.63999854e-05
-2.17695068e-04
 9.28759511e-05
-3.59750216e-05
-3.65341300e-04
 4.56226372e-05
-2.57300781e-04
-3.35949768e-04
-3.36183733e-04
-7.78003994e-05
 9.63133044e-05
-2.92187583e-04
 2.27606231e-04
 2.15312831e-04
-5.99793264e-04
-2.08129807e-04
 4.63063038e-04
-1.83463715e-04
-6.91830906e-05
 1.68894884e-04
 1.17342927e-05
-2.39311675e-04
-1.50403729e-04
 7.22146964e-04
 2.07901681e-04
-1.99047554e-04
 9.81938903e-05
 8.14584480e-05
 5.75693492e-05
-7.17233219e-04
 8.05062818e-04
 1.78023744e-03
-6.98800995e-04
-1.28672204e-04
 7.01711796e-05
-1.85483349e-04
 9.10247406e-05
-2.98523395e-04
-2.90173264e-04
-5.43614735e-04
 1.10589366e-04
-1.73553595e-04
-1.46770354e-04
 1.55313868e-04
-1.18476239e-04
-1.03633029e-04
 1.27504100e-04
 3.36596658e-04
-9.71363662e-05
-1.53243090e-04
 3.14443862e-04
 2.14572669e-04
 3.78029963e-05
 4.64420284e-04
 1.90963556e-04
 9.95557549e-05
 3.61295559e-04
 1.68343887e-04
-7.28218100e-05
 1.22111674e-04
 2.25669056e-04
-2.63548955e-04
 4.38423900e-04
 8.19984448e-04
 4.92605509e-04
 2.10664537e-04
 7.29270535e-05
 3.50027780e-05
-3.23737882e-04
 1.41182361e-05
-2.02492106e-04
-2.88217958e-04
 1.78289993e-04
 4.56116790e-04
 4.54208172e-05
 8.79876796e-06
 3.43124125e-04
 2.50196522e-05
-4.38780873e-04
-3.97367800e-04
 3.16060300e-04
-2.43467655e-04
 2.66815346e-04
-9.06854807e-04
 1.94005270e-03
 3.47396693e-03
-7.33331736e-04
-2.55000913e-04
 3.60934803e-04
 5.50722624e-04
 7.12446410e-05
 7.39524254e-05
 1.39132198e-04
 2.38946228e-04
-5.66502152e-04
 3.60440007e-04
-1.08461338e-03
-3.51334456e-03
 6.18677623e-05
 2.66817165e-04
-2.48979627e-04
-5.61707184e-04
-1.51620295e-04
 2.55776788e-04
-9.45171620e-04
-3.55190975e-04
 1.20655444e-04
 9.17436860e-05
 2.31479369e-05
 3.80126457e-04
-1.39844703e-04
-2.76283028e-04
 2.15831759e-04
 4.01879595e-04
 5.12867461e-04
 3.79455709e-04
 1.91784789e-04
-3.95600279e-04
-3.48940617e-04
-4.19342935e-04
-3.65451450e-04
 3.33558591e-06
-4.30370755e-04
-3.70687773e-04
 2.55275643e-04
 3.89775385e-04
 3.26971161e-04
 2.85787378e-04
-9.98767546e-05
-5.96553389e-04
-2.90801111e-04
-3.65184172e-04
-1.99870312e-04
 2.14558554e-04
-6.37962332e-05
 3.35035409e-04
-2.84676684e-04
-3.56936427e-04
 4.17528073e-05
 2.66881104e-04
 8.66872328e-04
-4.15848152e-04
 1.57907170e-04
-1.85778487e-05
-2.61352093e-04
 3.26209335e-04
-6.24136554e-05
 8.23688943e-04
-8.41624028e-04
 2.22691439e-03
-5.10027348e-03
-8.97176463e-03
 1.34925560e-03
-5.31081041e-05
 2.23055636e-04
 5.43609719e-04
 1.51970177e-04
 2.98758535e-04
-5.73974281e-04
 2.31662534e-04
-3.19112809e-04
 7.19686774e-04
 1.53844888e-04
 6.73050631e-05
 7.42576572e-04
-1.04581784e-04
-8.73414236e-05
 5.67501451e-05
-4.99828922e-04
 1.19125247e-04
 5.46434501e-04
-4.46822148e-04
-5.08710888e-04
 1.10826725e-04
 3.84096076e-04
-9.12899247e-05
-7.39523356e-05
 4.73508108e-04
-1.29878033e-04
-3.61785897e-04
-2.01585935e-04
-2.86231995e-04
 2.68960738e-04
 4.47467032e-05
 2.46763913e-05
 7.42870468e-05
-3.12253171e-04
 2.25533435e-04
 4.13602394e-05
 2.82746334e-05
-4.67907570e-05
-3.54768511e-04
 1.11541762e-04
-1.64353654e-04
 1.36024194e-04
-6.56026250e-05
-1.27217048e-04
 9.70834811e-04
 3.80237794e-05
-4.28072934e-04
 7.64697601e-05
 4.68988674e-06
-1.83602694e-08
 2.90783367e-05
 1.32135884e-04
 1.84443350e-05
-4.65137187e-04
-2.39779563e-04
-3.80099340e-04
-7.12599657e-04
 8.44739917e-05
-2.27205039e-04
-6.71524393e-04
-4.86931458e-04
-2.14545810e-04
 8.39710080e-05
 1.59588033e-04
 1.52768477e-04
-5.15775072e-04
-3.65740518e-04
-4.23806061e-05
 8.84180457e-05
 3.31425497e-04
 1.52775873e-04
 2.77035121e-04
-1.07972558e-05
-2.88291258e-04
 3.29228813e-05
 7.07472404e-05
-4.43057420e-05
-1.47505591e-04
-7.78490139e-06
-1.26427545e-04
-9.47494371e-05
 8.76647018e-04
-4.47831049e-05
-8.46700481e-04
 3.37919550e-04
 4.06405380e-04
-7.23092552e-04
-7.20383430e-04
 3.27369526e-04
 4.29415212e-05
-5.95496852e-05
-4.66038695e-05
-1.85582095e-04
-3.70539005e-05
-1.57871346e-04
 3.09435085e-04
-5.86153288e-04
-9.38123790e-04
 1.29585643e-04
-4.73075105e-05
 2.09069885e-04
 5.91153132e-04
 5.03761641e-04
 3.23982588e-04
 4.04496587e-04
 3.96806392e-04
-3.01054676e-04
-1.84494264e-04
-1.53610376e-04
-2.21408262e-04
 1.27073995e-04
 1.75188388e-04
 2.36952077e-04
 3.67256352e-04
-2.54780052e-05
 2.73250264e-04
 2.58302819e-04
-7.11943660e-04
 8.39373408e-05
 8.00313102e-04
 3.00469398e-04
 8.45001798e-05
-3.74262335e-04
-3.82638503e-04
 2.41106875e-04
 2.70438109e-04
 5.40002618e-04
 2.62536175e-04
-2.00317410e-04
 5.85035644e-04
-1.88502982e-04
-2.50889287e-04
 4.62493406e-04
-6.28484497e-04
 1.90147425e-04
 2.53397761e-04
-3.96160836e-04
 1.92062990e-04
 1.18505241e-04
 3.00730367e-04
 1.27446583e-04
 3.99836090e-04
 1.96282192e-04
-2.31458943e-04
 3.29830698e-04
 3.35869900e-04
 1.75994028e-04
 1.16816248e-04
 1.17117060e-04
 4.69957580e-04
 4.31372163e-04
