-7.60016018e-05
 1.44709073e-04
 6.71685737e-04
-1.34413457e-03
 9.00885928e-04
 5.96072735e-04
-1.24606201e-03
 1.98211636e-03
-7.52314287e-04
 1.71412492e-03
-4.34523688e-03
 5.15411857e-03
-6.39817002e-03
 1.21609735e-02
 4.21448356e-02
-4.56241767e-02
-1.00087665e-02
 5.94130878e-02
-2.86130511e-02
-4.46485914e-02
 3.77457346e-02
 4.85108825e-02
-2.90636888e-02
-5.92197052e-02
-5.26437225e-03
 5.11892751e-02
 5.22282234e-02
 4.44866774e-03
-4.42738625e-02
-6.08873704e-02
-5.02060166e-02
-2.56833538e-02
 2.73461689e-03
 2.56528453e-02
 4.00720310e-02
 4.50638370e-02
 4.63233311e-02
 4.63303844e-02
 4.31964799e-02
 3.39215120e-02
 1.42383522e-02
-1.24008387e-02
-3.95995444e-02
-5.85450288e-02
-5.67290821e-02
-2.13398205e-02
 3.31292708e-02
 5.98212817e-02
 2.67956585e-02
-3.82094910e-02
-5.53117876e-02
 1.40182545e-02
 6.03748490e-02
-9.82034389e-03
-5.37853941e-02
 2.41885041e-02
 4.46938455e-02
-5.56576161e-02
 3.84484030e-03
 4.56965573e-02
-5.63890976e-02
 3.49423115e-02
-1.15890280e-03
-2.61850154e-02
 3.68742759e-02
-3.39372674e-02
 2.48620072e-02
 1.52723910e-02
-8.24638640e-03
 5.29523180e-03
-4.53673459e-03
 5.73162279e-03
-5.93973212e-03
 4.12274743e-03
-1.16880809e-03
 2.94109977e-03
-8.02033579e-03
 9.09272126e-03
-1.35100097e-02
 3.47637128e-02
 7.76459828e-02
-9.91848329e-02
-2.14489138e-03
 1.14276442e-01
-7.23170034e-02
-7.72951102e-02
 8.82839295e-02
 8.30075033e-02
-7.57692506e-02
-1.10756069e-01
 1.04406732e-02
 1.11307138e-01
 9.23845749e-02
-1.36874245e-02
-1.02865980e-01
-1.21344225e-01
-8.69434496e-02
-2.97792276e-02
 2.95776358e-02
 7.40352980e-02
 9.80021213e-02
 1.06348964e-01
 1.07326019e-01
 1.06704235e-01
 1.03728279e-01
 8.94603663e-02
 5.60151984e-02
 3.98506729e-03
-5.74881728e-02
-1.07225589e-01
-1.21156425e-01
-6.99350987e-02
 3.90193360e-02
 1.16149993e-01
 7.66183526e-02
-5.28901823e-02
-1.20851905e-01
-3.85158359e-03
 1.21525795e-01
 1.16674151e-02
-1.11076974e-01
 1.88965013e-02
 1.06633231e-01
-9.12229313e-02
-2.81051581e-02
 1.09349806e-01
-1.05089577e-01
 4.37169996e-02
 2.67486317e-02
-7.16913184e-02
 7.68957558e-02
-5.93147868e-02
 3.38498499e-02
 4.49680505e-02
-2.23509977e-02
 1.77019381e-02
-1.38370470e-02
 1.06264913e-02
-5.11940716e-03
 1.13165126e-03
 2.26510742e-03
-2.20218104e-03
 2.84069880e-03
-1.96153068e-03
-1.24493699e-06
-5.02258371e-05
 1.85494240e-04
-4.33067307e-05
 3.87385711e-05
 3.38236710e-06
-1.74195352e-04
 3.14824799e-04
 2.39344169e-04
 2.93015068e-04
-3.37800207e-04
 1.38476259e-04
 4.52344698e-04
-9.58294462e-05
-2.84589403e-04
-4.66351234e-04
-3.28339916e-04
-6.59126610e-04
-1.66844141e-04
 1.84032725e-04
 1.53385399e-04
-1.15350718e-04
 2.88238215e-05
 1.67280628e-04
 3.44186137e-04
-1.49810180e-04
-7.28268349e-04
 3.56771666e-04
-1.40161789e-04
-1.76103837e-04
-2.04242262e-04
-4.15471307e-04
-1.36032031e-04
 1.20179162e-05
 1.94237340e-04
-9.75237291e-05
 5.58921191e-04
-6.22545266e-04
-6.28452905e-04
 2.40847954e-04
-6.61449605e-04
-4.63744858e-05
-2.74867880e-04
-1.97070240e-04
 3.31984545e-04
-2.64489549e-04
 1.49541963e-04
 6.54611028e-04
 1.52650051e-04
 2.04096964e-04
 3.66826433e-04
-6.99985905e-05
 6.97578046e-05
-2.37531094e-05
 6.31404016e-05
 3.60914965e-05
 1.32415421e-04
 2.09128524e-04
-5.77485752e-04
-2.32107478e-04
 3.64320316e-05
 5.23554710e-06
-6.04032746e-05
 3.57872038e-04
 2.86647108e-04
-2.58485895e-04
 3.96004880e-04
-9.11745920e-05
-4.20876847e-04
-2.32512142e-04
-3.44134372e-04
 4.03121600e-04
 1.25693918e-04
-5.00493969e-04
-4.63246922e-04
-4.35699689e-04
 3.65479725e-04
 3.21253901e-04
-1.49787255e-04
-6.75291126e-05
 5.51439086e-04
 2.57041992e-04
-7.40365422e-04
-3.08132740e-04
 2.02439276e-04
 3.30417106e-05
 1.32265020e-04
 8.34853501e-06
-4.43173405e-04
 2.98288382e-04
 4.63324867e-05
-8.02515209e-04
 1.11409837e-04
 4.30453443e-04
 1.51283517e-04
 1.16970023e-04
-6.79901855e-05
-4.22411576e-04
 1.52042609e-04
 1.21058983e-05
-4.49926377e-04
 5.70338733e-05
-4.97967555e-04
-8.99679511e-05
 6.46378234e-05
-7.90764948e-05
 3.60407092e-04
 2.49914168e-04
-1.39580678e-04
 2.25703804e-04
 4.80169248e-04
-1.17620861e-04
 1.92724799e-04
-1.49413540e-04
-2.18283631e-04
 5.39617134e-04
 1.96792163e-04
 7.05283023e-05
 5.00383226e-04
-3.45555215e-05
-2.89013901e-04
 1.96768303e-04
-1.20604516e-04
-2.13799529e-04
-4.10601385e-04
-5.60683543e-04
-3.87731394e-04
-1.24179636e-04
 2.74180060e-04
-2.16522190e-04
-1.49581546e-04
 1.05072840e-04
-2.01076934e-04
-1.66224027e-04
 1.57391968e-05
-1.43776662e-05
 1.11693702e-04
 1.69429183e-04
 4.56595952e-04
 3.90847052e-04
-1.18049853e-04
 3.81997339e-04
-1.45147174e-04
-4.36530627e-04
 4.57467614e-04
 2.83260542e-04
-1.06184201e-04
-2.17320768e-04
-3.51600077e-04
-1.75156938e-05
 4.82027616e-04
 1.24169376e-04
-7.93681747e-04
-5.12309269e-04
-1.57022895e-04
-2.75918925e-04
 2.57996158e-04
 7.36472569e-04
 1.53164536e-04
-6.19934580e-04
-2.81729545e-04
-3.44934827e-04
 1.82721457e-04
 6.04182125e-04
-1.77160266e-04
-5.06693954e-04
 2.61369706e-05
 2.60195498e-04
 3.43689035e-04
 3.90403662e-04
 1.11306881e-04
 3.58907674e-04
 1.61529246e-04
 2.72990858e-04
 6.10242369e-04
 4.94220623e-04
-1.73886818e-04
-1.50349428e-04
 7.74364728e-05
-8.30867616e-04
-3.36245007e-04
 1.01638832e-05
-1.23095291e-04
-2.61885746e-05
-4.99212923e-05
 1.41347167e-04
 2.32174327e-04
 5.23986960e-04
 8.00583809e-05
 2.10983567e-05
-2.90907562e-04
-1.15105027e-04
 3.71030915e-04
-7.19045050e-04
-7.41956612e-04
 2.86508418e-04
 6.27355993e-04
 2.01089198e-04
-5.27916494e-05
-1.63061800e-04
 3.46429006e-04
 8.38742855e-04
