-5.24348265e-05
-6.39271841e-05
 1.16729470e-04
-1.35171026e-04
 2.25661407e-04
 2.52518622e-04
-5.02895659e-05
 3.34551701e-04
 3.53944906e-04
 5.40985979e-04
 5.40881157e-04
 1.80321579e-04
-4.64072804e-05
 2.45955214e-05
 7.29795675e-05
-2.48896925e-04
-9.52978041e-05
-1.63415074e-05
-1.02460144e-04
 4.13706177e-04
 2.98884827e-04
-1.48314894e-04
 1.44471097e-04
-2.58912731e-04
-5.18398911e-04
-7.22379606e-05
-2.56863222e-04
-2.51273685e-05
 3.25494803e-04
-6.72594326e-05
-6.26269025e-04
-3.69887795e-04
-2.37406262e-04
-2.51059189e-04
 2.91235352e-04
-8.05276811e-05
-3.63754299e-04
 4.77759664e-05
 1.65082290e-04
 4.01941272e-05
 6.86808127e-04
 6.33812353e-04
-5.37944158e-04
-2.87512072e-04
 3.94873430e-04
-4.95184758e-05
-9.08111559e-06
 4.03325986e-04
-1.80706733e-04
 1.24446486e-04
 3.69813445e-04
 8.71674184e-05
 3.69905008e-04
-1.10769521e-04
 1.03586733e-04
 2.05537225e-04
-1.03381245e-04
 2.29503988e-04
-5.92515157e-05
-5.32519135e-04
 5.59969712e-05
-3.13752335e-04
-3.77296680e-04
 1.42898283e-04
-3.99677013e-04
 2.46777973e-04
 4.16108672e-04
-1.14854335e-04
-3.71463670e-04
-1.41076272e-04
 3.58931059e-04
 2.75339906e-05
-9.40067629e-05
 5.19580783e-04
-9.52287256e-05
-4.62833090e-04
 1.63390429e-04
-1.02641118e-04
-8.70203585e-06
 1.82437426e-04
-5.55251743e-05
-4.46538370e-05
-3.34737653e-04
-2.52302797e-04
-1.30672990e-04
-4.23729606e-05
 3.86479699e-04
 2.93472984e-05
 1.70998434e-04
 2.17609790e-04
-1.08170479e-04
 3.57504766e-04
 4.22322206e-04
-8.58751696e-05
-1.19155081e-04
-3.82957868e-04
 7.45790681e-05
 2.26321595e-04
-5.26123146e-04
 3.19654211e-04
 3.59633338e-04
 1.87300646e-04
 3.29812773e-04
-4.54883685e-05
 2.08339277e-04
-2.75713775e-05
-4.96021967e-04
-2.19235091e-04
 1.22093469e-04
-8.76218489e-05
-2.11772067e-04
-6.16811485e-04
 1.27785113e-03
 1.71888394e-03
-1.53591328e-04
 5.61767382e-04
 1.79005507e-04
-5.55016548e-04
 2.31964570e-04
 9.88611345e-04
 4.42056656e-05
-6.84344617e-04
 3.31289783e-04
 1.17540280e-04
-1.19803688e-04
 1.62353761e-04
-3.20661346e-04
-2.20945412e-04
-2.69545864e-04
-1.26608812e-04
 2.19739328e-04
 9.59160870e-07
 2.30415073e-05
 1.79697234e-04
-3.55932315e-05
 5.97522659e-05
-4.00513701e-05
-9.40138064e-05
 4.00996697e-04
-2.43278362e-04
 5.94083875e-06
 2.67222714e-04
-3.55602616e-04
-2.64356671e-04
-1.72007718e-04
-5.68704796e-05
 6.75184021e-05
 4.63529686e-04
 4.46342929e-04
-4.74514661e-05
 1.79255992e-04
 6.39014008e-04
-4.34950908e-05
-4.23934722e-04
 7.04149732e-05
 1.92052834e-04
-3.82693639e-04
-2.73138964e-04
 1.93751409e-04
-4.44498625e-04
 1.11579666e-04
 6.38451645e-04
-4.69875299e-04
-1.26235352e-04
 1.97948732e-04
 1.79736805e-04
 3.62559347e-04
-6.52658481e-04
-2.20349049e-05
-2.56103478e-05
-9.24726422e-05
-1.30222821e-04
 1.40104195e-05
 1.01443646e-04
-4.90944929e-04
 2.28919118e-04
-5.40517876e-04
 1.44588238e-04
-1.69821424e-03
-2.52595908e-03
 1.24203960e-04
 7.97718706e-05
 7.71646932e-05
 2.06974238e-04
 2.14980963e-05
-6.46534828e-04
-5.30224184e-04
 2.24315382e-05
-2.18001508e-04
-1.15061781e-04
 2.81877228e-04
-2.25945510e-04
-6.66191299e-05
 1.59783865e-04
 2.38170343e-04
-3.69794348e-05
-1.11758095e-04
 7.87944063e-04
-4.41358314e-05
-2.00951502e-04
-3.06264013e-05
-3.93506215e-04
 2.87902207e-04
 2.26477806e-05
 2.30386624e-04
 1.13460725e-03
 4.76338554e-04
-4.54218282e-04
 8.10326586e-05
 4.35319004e-05
-4.19412040e-04
-9.09856742e-06
 7.31831995e-05
 4.14090897e-04
 2.92911070e-04
-1.88805773e-04
 1.55068105e-04
 2.30262536e-04
 2.30279613e-04
 5.74683513e-05
-2.71471620e-04
-2.64963342e-04
 9.51850294e-05
 3.33071654e-04
-4.80852065e-06
 2.40484140e-04
 1.25238419e-04
-8.28504391e-05
 6.27543238e-04
-3.33504685e-04
 7.75670131e-04
 3.34017685e-04
 9.99498018e-04
 3.64715325e-03
-3.68853219e-04
-3.23420398e-04
 1.98564607e-04
-1.10742269e-04
 4.41571654e-04
-4.41271118e-04
 3.16061243e-04
-2.79649503e-04
-2.85700278e-05
 2.53482498e-04
-5.63474042e-04
-6.78277455e-04
-1.10228139e-04
-8.76980614e-05
-5.64807549e-04
-2.42345964e-04
 4.61018982e-05
-4.18044977e-04
-1.34743801e-04
-3.30100673e-07
 1.42466388e-05
 5.64148778e-04
 1.23744124e-04
 5.75834538e-04
 5.77451257e-04
-6.70169316e-04
 1.63198494e-04
 3.96317118e-04
-3.71879433e-04
 3.32763083e-05
 4.99920307e-05
-4.38032008e-05
 4.61706811e-05
 3.36425530e-04
 3.47397162e-06
-8.98611789e-05
 1.63542844e-04
 1.13609441e-04
 5.25790389e-04
 4.19272628e-04
 4.99007226e-04
 3.03943746e-04
-2.85276328e-04
-3.22322626e-04
 1.80987813e-04
 1.99044020e-04
 6.08135495e-05
 2.13170491e-05
 3.58999342e-04
 4.52528723e-04
-6.33696389e-05
 7.18368332e-05
-2.44179352e-04
-6.11836671e-04
-5.19822588e-04
-6.04719821e-04
-3.77299196e-04
-5.47222697e-04
-8.98694396e-04
 4.53545465e-04
 3.39667215e-04
-4.30539204e-04
-4.60776804e-05
-5.35302337e-04
-6.97312847e-05
 3.14267910e-04
 3.69817355e-05
-1.86197995e-04
-5.08538415e-04
-7.36767830e-04
 6.03978837e-05
 3.25528078e-04
-4.02749644e-04
 2.41077683e-04
-6.73910833e-05
-1.67933925e-04
 2.03502373e-04
-4.36288657e-04
-7.04234516e-04
-1.07096249e-04
 5.15295550e-04
 5.80928348e-05
-4.12143167e-05
-3.61427609e-04
-2.67622704e-04
-9.10415515e-05
-8.32680711e-05
 3.58699533e-04
-1.68784676e-04
-2.17088301e-04
 1.27333242e-04
 1.30225932e-04
-2.25745492e-04
-1.54574758e-04
 2.83461827e-04
 6.51362177e-04
 3.39418132e-04
-5.68791920e-04
-3.45612324e-04
 3.09594490e-04
 3.96255134e-04
 2.86786860e-04
-1.57540354e-04
-6.58979943e-04
-3.07905846e-04
 1.16447451e-04
-3.37289657e-04
-1.02505581e-04
-2.01545185e-05
-4.68777427e-04
-2.70380897e-05
-1.60994051e-04
