-8.87405580e-05
 6.44105961e-04
 8.73240648e-04
 1.55160127e-04
 4.23788813e-05
 1.30111013e-04
-1.80333554e-04
 3.63269479e-04
 3.34913800e-04
-3.50728675e-04
 2.48017729e-04
-7.15407794e-04
 1.88506741e-03
 2.97512509e-03
 1.38094531e-04
 4.45195019e-04
-2.24181636e-04
-5.37558902e-05
-1.98213288e-05
-4.78146274e-04
-1.74216238e-04
-2.54526957e-04
 3.61826720e-04
-8.44986316e-05
-8.26982253e-04
-4.17246319e-04
-8.71645131e-05
 3.63402363e-05
-9.24731524e-05
 1.06549946e-04
 2.89158290e-04
-2.17169695e-04
-2.50373706e-04
-3.72379344e-05
 1.28452974e-04
 4.34929666e-04
 1.94790751e-04
 9.55772292e-05
 6.87898044e-04
 3.97199693e-04
-1.20197316e-04
-5.01749675e-04
-3.53455252e-04
 5.02991192e-04
 3.30819961e-04
 1.29709978e-04
 6.51890419e-04
 2.45524059e-04
 2.38163057e-05
 9.97902180e-05
-4.36783470e-04
-5.72832531e-05
-1.59602599e-04
-2.23986254e-04
 1.44853880e-04
-7.62747394e-05
 3.03838550e-04
 1.99926528e-04
-5.01687540e-04
 2.07592313e-04
 5.31140670e-04
 6.64997140e-04
-2.82857694e-06
-5.10445907e-04
 6.11000437e-04
-1.05763217e-03
 1.49030102e-03
 2.72668311e-03
-5.90210658e-04
-2.14917565e-04
-1.73609143e-04
-5.81990386e-05
 2.83747595e-04
-4.17228456e-04
-3.72792740e-04
-3.10197453e-04
-1.20615249e-04
 7.37009798e-04
-2.73014575e-03
-2.83837266e-03
 8.56384453e-04
 4.79829848e-04
-5.60358436e-04
-1.40438049e-04
 4.11910016e-04
-1.98308278e-04
 2.90252856e-04
 5.28686203e-04
 1.39431435e-04
-5.06621102e-05
 5.70426375e-04
 2.14700351e-04
-7.79465591e-04
-1.79570457e-05
 2.72026902e-04
 2.55983918e-04
 2.70233112e-04
-4.42081172e-04
-4.27299170e-04
 1.71454455e-04
-3.66749766e-05
 1.98410419e-04
-2.03799858e-04
-6.53979936e-04
 1.27220157e-04
 5.60892965e-04
 8.22492992e-04
 4.13444460e-05
-2.40087887e-05
 4.96789275e-04
-3.05392766e-04
-3.64072703e-04
-6.13001788e-04
-2.40373366e-04
 3.36283971e-04
-4.83596826e-04
-1.37940786e-04
-7.48679454e-05
-4.39326050e-05
 3.98592975e-04
-2.45246768e-04
-4.79765995e-04
-7.10260145e-04
-4.19702350e-04
 1.78845912e-04
-1.68564120e-04
 7.08374948e-04
 4.17261683e-04
 5.39099513e-04
 3.55605213e-05
-1.09984959e-04
 1.89673506e-04
-1.39372377e-03
 1.06072110e-03
 3.76127854e-04
-5.83305414e-04
-5.02222302e-05
-6.02522047e-04
 6.80916633e-05
-1.19583942e-04
-8.15318122e-05
 7.30215909e-05
 4.44570621e-04
-3.12912151e-04
-1.70703024e-04
 2.51799205e-04
-2.08197305e-04
-4.51276954e-04
-4.34523681e-04
-1.11874998e-04
 1.47092225e-04
 2.97540394e-05
-1.59229502e-04
-1.51928972e-04
-1.78802970e-04
 1.07811812e-04
-2.77921336e-04
-3.53804373e-04
 2.05962059e-04
 4.85106842e-04
-1.44221730e-04
-2.10076556e-04
 9.79263049e-05
-5.47364681e-05
 3.07897135e-04
 5.05175498e-05
 7.21391446e-05
-4.04536294e-04
-3.91270149e-04
 1.84061820e-04
-2.23100720e-04
 1.08741730e-04
-2.18161923e-04
-2.75305471e-04
 5.63637425e-05
-3.71403644e-04
 3.90936938e-04
 2.87075506e-04
-1.91959996e-04
-2.72746436e-04
-4.59899405e-04
 5.53037901e-04
 2.10720550e-04
 2.67269532e-04
 4.23381414e-04
-5.71866354e-04
 2.92603444e-05
-3.07782836e-04
-2.58744677e-04
 3.71075074e-04
-4.25584087e-05
-1.23975851e-04
-3.75540375e-05
 3.43566838e-04
 1.77323809e-04
 6.91696899e-05
-1.21835065e-04
 1.42747645e-05
 5.23355982e-04
 1.49686072e-04
 5.23536376e-05
 1.70218340e-04
 1.12613596e-04
-9.34798548e-05
-2.40526309e-05
 1.47805127e-05
-1.46510407e-04
-5.34712303e-05
 1.82145290e-04
 3.34204769e-04
 1.86751477e-04
-1.40086814e-04
-7.58770307e-04
-4.10089911e-04
-2.86611911e-04
-1.46061976e-04
 2.61795538e-04
 6.16685685e-05
 2.99421416e-04
 3.11866440e-04
 2.72644400e-04
-8.97010605e-05
-3.25720973e-04
 8.39305186e-05
 3.74147074e-04
 8.73272104e-05
-3.00244948e-04
-2.44557764e-04
 4.19444221e-05
-7.20870826e-05
-3.27084678e-04
-1.19486319e-04
 8.41784842e-05
 1.26780749e-04
-1.56516691e-06
-3.30434470e-04
-4.30299579e-04
 1.90576922e-04
 1.30468687e-04
 1.70767306e-05
-6.83880557e-05
-6.61899265e-04
-1.18171183e-04
 6.62318671e-04
 1.97257711e-04
-4.95315117e-04
 4.67892781e-05
 6.09022243e-04
 3.08603014e-04
-1.58090261e-04
 4.89454292e-05
 9.56340722e-05
-2.66476907e-04
-1.24857927e-04
-1.00077741e-05
 3.85404692e-04
 4.78487326e-04
-7.83243119e-05
-4.77245324e-04
-2.42605575e-04
 1.68582428e-04
 3.22349729e-04
 1.90712515e-04
 1.46159687e-04
 1.51269739e-04
-7.29222782e-04
 9.30724204e-06
 5.21661302e-04
-3.09026272e-04
 2.97008731e-04
 1.83716863e-04
 1.25164332e-04
 5.77561248e-04
 1.52846499e-04
 2.05795849e-04
 1.83491166e-05
-7.90539456e-05
 1.99132325e-04
 2.34601506e-05
-3.04409782e-04
-3.21172366e-04
 3.07195974e-04
 3.32572263e-04
 1.40226702e-04
 1.28982607e-04
-1.35279840e-04
 3.36066273e-04
 4.56821863e-04
 1.51389724e-04
 1.47867831e-04
-5.30412823e-05
 1.31718222e-04
 3.76422781e-04
-1.94578289e-04
-3.35599692e-04
 5.29994017e-05
-1.57845624e-04
 4.78734381e-05
 3.34290032e-04
 4.27259843e-04
-4.47394592e-05
-6.34727387e-04
 1.15844615e-04
 2.87768537e-04
 3.68409351e-04
 5.56249381e-04
-1.30127558e-04
-2.54017843e-04
-2.00783632e-04
 1.60892423e-04
 4.05360799e-04
 4.54086715e-04
-7.03940043e-05
-2.90491914e-04
 1.62394762e-04
 1.06941418e-04
 3.08142823e-04
 7.35094506e-06
-3.34719645e-04
 2.94844495e-05
-1.31119853e-04
-2.16223710e-04
 3.07025062e-04
 1.53990458e-04
 3.33955546e-04
 4.02890513e-04
 3.79008901e-04
 8.29917707e-06
-4.94021930e-04
 2.21346951e-04
-3.14797224e-04
-3.65452273e-04
-1.82860778e-04
-2.35845452e-04
 2.24159705e-04
-4.38267078e-04
-1.69563422e-04
-5.89411857e-05
-1.60294966e-04
 6.44489791e-05
 4.94085479e-04
 8.97861033e-04
 2.74671692e-04
 1.69625695e-04
-5.24186795e-06
 3.39019614e-05
