 2.77059777e-05
-4.28441348e-04
 1.57663884e-04
 3.09639820e-04
-2.27622789e-04
 8.42670299e-05
-3.95599107e-04
 2.67310528e-04
 2.63331058e-04
-2.49526007e-04
 1.65748600e-04
 6.10072694e-04
 5.02778900e-04
-3.63486115e-04
 1.75490995e-04
 5.42621484e-04
-4.66197421e-04
-2.44357380e-04
 2.47955664e-04
-4.08497583e-04
-3.72168465e-04
 1.30571261e-04
-9.07265302e-05
-4.08453718e-04
 5.95553061e-04
 5.73100642e-04
-1.15329587e-04
 2.45946199e-04
-7.40017289e-05
-5.69886297e-04
-4.96688587e-04
 3.66826548e-04
 9.55162167e-05
-4.52293944e-04
 5.06338075e-05
-3.23613274e-04
-5.95469220e-05
 9.78436072e-05
-7.23002391e-04
-4.68410985e-05
 3.79270614e-04
 2.63235972e-04
 2.05979869e-04
-4.13347834e-04
-3.86070918e-05
 1.53873574e-04
 3.99067257e-04
 8.43530900e-05
 2.30661318e-05
 5.05449008e-05
-1.20643527e-04
 4.75949034e-04
 3.02770004e-06
-1.33279896e-04
-9.94585649e-05
 5.80220364e-05
 3.72571382e-05
-4.03949713e-04
-1.26390591e-04
-2.49649042e-05
 3.20764263e-04
 6.68890855e-04
-9.91097799e-05
-2.34804477e-04
-2.73026900e-04
-5.60699705e-05
 3.88576601e-04
 5.75203293e-05
 1.43494562e-04
-1.07780031e-05
 9.40151334e-05
 1.82247221e-04
 1.66321601e-04
-1.26619349e-03
 9.86712604e-04
 1.44309705e-04
-1.47676914e-03
 1.49881432e-03
-1.21664901e-03
 2.38702950e-03
-4.48071953e-03
 4.64868634e-03
-7.02945650e-03
 1.11999037e-02
 4.24036116e-02
-4.54096059e-02
-9.97661561e-03
 6.05628528e-02
-2.83273584e-02
-4.50263501e-02
 3.77187569e-02
 4.79798924e-02
-2.93814329e-02
-5.85582089e-02
-4.33759767e-03
 5.10630764e-02
 5.17250144e-02
 4.20754209e-03
-4.38465005e-02
-6.10730499e-02
-5.08613788e-02
-2.60770234e-02
 2.19991715e-03
 2.57878936e-02
 3.97605362e-02
 4.46039219e-02
 4.58776553e-02
 4.62429516e-02
 4.29465287e-02
 3.35556477e-02
 1.54038372e-02
-1.20231214e-02
-3.99117420e-02
-5.81742645e-02
-5.58534906e-02
-2.10801360e-02
 3.27556001e-02
 5.97330262e-02
 2.68753350e-02
-3.83856856e-02
-5.60329535e-02
 1.36959494e-02
 5.97461539e-02
-9.55707754e-03
-5.31641039e-02
 2.36710897e-02
 4.44910742e-02
-5.52737503e-02
 3.62737117e-03
 4.53088517e-02
-5.62847539e-02
 3.47042832e-02
-5.80435656e-04
-2.61411412e-02
 3.66548879e-02
-3.35587191e-02
 2.49826658e-02
 1.57799481e-02
-8.20056679e-03
 5.05631218e-03
-5.10942815e-03
 5.39575051e-03
-5.90214760e-03
 3.68466751e-03
-1.32459316e-03
 3.05739480e-03
-7.62914398e-03
 9.01006656e-03
-1.29604079e-02
 3.57353897e-02
 7.70619987e-02
-9.86973454e-02
-1.70699785e-03
 1.14167001e-01
-7.19929375e-02
-7.68762912e-02
 8.80486557e-02
 8.23515876e-02
-7.49510347e-02
-1.10848317e-01
 1.04178953e-02
 1.11111302e-01
 9.14977878e-02
-1.36097310e-02
-1.02791816e-01
-1.20978506e-01
-8.63806711e-02
-2.92499602e-02
 2.92181192e-02
 7.33203507e-02
 9.77509861e-02
 1.05944916e-01
 1.06999802e-01
 1.06628186e-01
 1.03861301e-01
 8.90426947e-02
 5.57435445e-02
 3.60732689e-03
-5.69481999e-02
-1.06262317e-01
-1.21175973e-01
-6.93060968e-02
 3.88577530e-02
 1.15714994e-01
 7.67525861e-02
-5.25082571e-02
-1.20787959e-01
-4.31556751e-03
 1.20758019e-01
 1.14278137e-02
-1.10280062e-01
 1.85398247e-02
 1.06112497e-01
-9.06592992e-02
-2.77459783e-02
 1.08984210e-01
-1.04107024e-01
 4.41014647e-02
 2.67282056e-02
-7.04148709e-02
 7.66481317e-02
-5.94208521e-02
 3.35922214e-02
 4.43302325e-02
-2.27033648e-02
 1.77967073e-02
-1.37553936e-02
 9.82545246e-03
-5.14177559e-03
 7.78099004e-04
 1.92147101e-03
-2.30106215e-03
 2.39569860e-03
-1.70598823e-03
 4.38615657e-05
 3.92387127e-05
 6.45249712e-04
 1.45378414e-04
 2.27225859e-04
-7.38562583e-05
-5.10321155e-04
 3.51197720e-04
 1.80441805e-04
 7.79968882e-05
 1.17974346e-04
 5.58075403e-05
-3.87929537e-04
-3.13272170e-04
 5.50085268e-04
-1.03702044e-04
-7.89668067e-04
-1.89601541e-05
 2.69277405e-04
 4.33518731e-04
 5.23026663e-05
-1.07655729e-03
-6.23566907e-04
-3.28886873e-04
 2.07088253e-04
 2.62855006e-04
-4.86963032e-04
 2.33110650e-05
-3.56854857e-04
-2.75337915e-04
 2.89183846e-05
-2.58474063e-04
 4.76325064e-05
 1.41173394e-04
 3.58045461e-04
 5.12971335e-04
 2.93224010e-04
-1.43629332e-04
 2.43131482e-05
 6.11593498e-05
 4.27347872e-04
 8.56879521e-05
-5.47991042e-04
 2.54661348e-04
 2.04835531e-04
-1.00564736e-04
-3.32438933e-04
-3.15749584e-04
 3.97974992e-04
 3.71691990e-04
-9.04864683e-05
 1.46682862e-04
 2.12062257e-04
 3.63318758e-04
 4.43161625e-04
 1.86220364e-05
 1.16774993e-04
-1.25598121e-04
 1.78239859e-04
 5.17325901e-04
-1.68790247e-04
-1.81609298e-04
-6.73822981e-06
 2.75725822e-04
 6.00039940e-04
 1.10296484e-04
-1.22303612e-04
 3.43091191e-04
 2.65865741e-04
-4.32096548e-04
-2.29953240e-04
-1.42090102e-04
-3.78622540e-04
 4.50265403e-04
 3.10760447e-04
 1.80230816e-04
 1.61063943e-04
-3.80317303e-04
-1.23514275e-04
-2.15200833e-05
-1.42727142e-05
-1.09151532e-04
-2.16800945e-05
-5.14666437e-04
-4.40903511e-04
 5.17630935e-05
-2.33417341e-04
-1.51146314e-04
 8.78633212e-05
 5.43268406e-04
 8.92120578e-05
 4.24278283e-04
 2.05835161e-04
-4.41444175e-04
-7.92270867e-05
-1.21656849e-04
-1.03148614e-04
-1.98074915e-04
 1.00506835e-04
-1.51148535e-04
-1.67000607e-04
 1.87090890e-04
 1.26925500e-04
-2.99188750e-04
-1.18241000e-04
-1.22359305e-04
-1.62191411e-04
 2.65363725e-04
-2.35646114e-04
-1.21110659e-04
-2.74624130e-04
-2.98361434e-04
 2.06960889e-04
 3.00793435e-05
 6.35549037e-05
 3.34825173e-04
 4.47143705e-04
 4.54117599e-04
-5.80431476e-05
-3.42630522e-04
-1.78048850e-04
-2.38663776e-04
 1.47364746e-04
 9.77126534e-06
-4.20029404e-04
-4.65537260e-04
 5.22782603e-04
 6.14921479e-04
-9.26202311e-05
 1.83441162e-04
-2.33718691e-04
 5.37175848e-04
