 1.92739759e-05
 2.66896552e-04
 4.93586583e-04
 2.11133835e-04
 3.97434271e-04
 2.54106277e-04
-8.67712628e-05
 1.52782415e-04
-1.12293754e-05
-1.95777097e-04
 6.15396302e-05
 4.50258262e-04
 7.23615979e-06
-5.40510636e-04
-1.98447041e-04
 1.48964738e-04
-4.88644891e-04
-3.94064320e-04
 2.37881634e-04
-2.75653961e-04
-1.75116977e-04
-1.49540038e-04
-2.88126744e-04
 2.27736539e-04
-1.64677235e-04
-1.64671809e-05
-1.89696066e-05
-3.56679877e-04
 2.35591898e-04
-3.42024785e-04
-9.88802581e-05
 3.41911732e-04
-4.33336327e-05
 1.72143188e-05
-5.30486467e-05
 6.69839529e-05
-1.63566630e-04
-2.34278189e-05
 9.69136637e-05
-2.68776880e-04
 6.99269972e-05
 3.84652123e-04
-1.50090305e-04
-6.65622242e-05
-1.60374285e-04
-3.48265532e-04
-9.49277258e-05
 3.39697898e-04
 8.99969174e-04
 1.91884564e-04
 1.94939401e-05
 5.62527179e-04
 4.65062312e-04
 1.83021392e-04
 4.69021380e-04
 2.38322855e-05
-2.99597335e-04
 1.07477682e-04
 1.05262435e-04
-1.90217259e-04
 3.04732289e-05
 6.61412782e-04
 2.99515241e-04
-4.23116482e-04
-2.57302862e-04
 1.39818964e-04
-2.58789059e-05
 1.92316715e-04
 5.18321455e-04
 5.58474760e-04
 2.40030233e-04
-7.55032669e-05
-4.24846571e-04
-5.00127938e-04
-3.61392819e-05
-3.97014638e-04
-8.24113858e-05
 6.88862787e-04
 3.13783887e-04
 5.29884539e-04
 3.95014560e-04
 1.46808043e-04
 2.37994674e-04
-1.75096494e-05
 8.25279491e-05
 5.36772575e-04
 3.23548534e-04
-3.17817392e-04
 1.21806685e-04
 5.76280245e-04
 1.13117394e-04
-1.75622453e-04
 3.64347643e-04
 1.68678200e-05
 2.68507489e-04
 5.04465200e-04
-2.71759859e-04
 1.29582313e-04
-1.00170475e-04
-2.32849523e-04
-1.37528086e-04
-3.64989421e-04
-2.43777490e-04
-1.45166328e-04
 1.90727012e-04
-1.64800139e-04
-5.59595683e-04
-3.69131370e-04
-1.07745061e-04
 5.94800275e-06
 8.01887865e-05
-7.35109968e-05
-2.96471261e-04
-1.35712102e-04
-5.64050607e-05
 1.75507208e-04
-9.96457641e-05
-2.92594957e-04
 2.30933070e-05
 4.03077630e-04
 4.26654844e-04
 3.04917220e-04
-1.88970959e-04
-1.74747862e-04
 7.55902438e-04
 2.22625092e-04
 3.13798991e-04
 1.89350673e-04
-2.74673925e-04
 2.55546776e-04
-3.47076312e-05
-3.69332463e-04
 1.81788874e-04
 5.55365523e-04
 6.92744024e-04
-1.75052971e-04
-1.09050464e-04
 5.81968180e-04
 2.16149461e-05
 1.86851993e-04
-4.89773898e-04
-2.18678746e-04
 3.99075081e-04
-2.26773957e-04
 2.81845979e-05
 4.36528518e-04
-3.75237602e-04
-3.74888219e-04
 1.07242006e-04
 4.59289396e-05
 1.91967611e-04
-6.13136562e-04
-1.47022083e-04
 2.60817634e-04
-4.51775982e-04
 1.48868049e-05
-4.91729236e-05
-2.23870386e-04
 2.76764518e-04
-1.03481977e-04
-6.32197285e-04
-2.39113281e-04
-2.21808411e-04
-2.59817099e-04
 4.64710502e-04
 1.74414434e-04
-1.69299283e-04
-1.63373507e-04
-4.57864037e-04
-8.13087333e-05
-4.83632500e-04
 4.81669203e-04
-1.28074222e-03
-1.02345075e-03
 2.70021282e-03
-2.40603366e-03
-7.91837314e-04
 3.44382858e-03
-2.08877298e-03
-2.06923292e-03
 2.39046628e-03
 2.73380733e-03
-1.30262523e-03
-3.24574417e-03
 3.77117115e-04
 2.98979891e-03
 2.67964067e-03
 4.89499831e-04
-2.96022414e-03
-3.79481008e-03
-3.04032577e-03
-1.78831120e-03
 7.15194976e-04
 1.47326188e-03
 1.81504806e-03
 2.19099080e-03
 2.43308371e-03
 2.89883264e-03
 1.71132292e-03
 1.48530848e-03
 7.85573249e-04
-1.21702780e-03
-2.19403127e-03
-3.20672615e-03
-3.21152650e-03
-1.23948412e-03
 2.25354384e-03
 3.65914094e-03
 1.69912795e-03
-1.93423600e-03
-3.21150094e-03
 1.02497670e-03
 3.76092502e-03
-5.15581029e-04
-2.83766478e-03
 1.97880430e-03
 2.68217138e-03
-3.38060130e-03
 1.66674187e-04
 2.76644167e-03
-3.20410072e-03
 1.91734421e-03
-6.63215779e-04
-1.94276063e-03
 2.39679764e-03
-2.20842574e-03
 2.65862226e-03
 2.57307278e-03
-6.95813456e-04
 6.42099895e-04
 3.75367617e-05
 9.48542377e-05
-1.07005512e-04
 1.58283061e-04
 2.00058999e-04
 6.98603619e-04
-6.66083494e-04
 1.42243418e-03
-2.42511513e-03
-1.23679417e-03
 4.44637716e-03
-5.72230833e-03
-6.26903528e-04
 6.05659762e-03
-4.86277095e-03
-4.66630151e-03
 4.82862650e-03
 4.24761605e-03
-4.19178647e-03
-6.50091129e-03
 2.54420389e-04
 6.49424186e-03
 4.72984475e-03
-1.16193855e-03
-5.84902276e-03
-7.28267055e-03
-4.90857005e-03
-1.52208399e-03
 2.19596659e-03
 4.71005988e-03
 5.31036128e-03
 5.99592980e-03
 5.73513331e-03
 5.96609100e-03
 6.28429868e-03
 5.08300895e-03
 3.40712548e-03
-2.67221607e-04
-3.52730885e-03
-5.75021068e-03
-7.64661724e-03
-4.03531314e-03
 2.34949946e-03
 6.38328651e-03
 4.42535122e-03
-2.84600417e-03
-6.92865598e-03
-6.58757142e-04
 6.86912189e-03
 3.73333216e-04
-5.90864893e-03
 1.59291606e-03
 5.65975683e-03
-5.03173292e-03
-1.85049125e-03
 5.77428652e-03
-5.69316355e-03
 2.65825691e-03
 1.74961091e-03
-4.33281492e-03
 3.80772559e-03
-3.73709697e-03
 3.85387387e-03
 4.91057137e-03
-1.57620888e-03
 9.77127588e-04
-8.89683190e-04
 8.08639696e-05
-6.24400556e-04
-1.57781021e-05
 4.70522609e-04
-6.57061665e-05
-9.08459748e-06
-5.91450930e-05
-1.05602207e-04
 1.45137680e-04
 5.17087232e-04
 4.43807165e-05
 1.63421760e-04
 3.13427597e-05
 2.15702072e-04
 6.22772962e-04
 1.87434587e-04
 1.14990999e-04
-2.94561850e-04
-3.28555820e-04
-1.32707203e-04
-3.72001293e-04
 1.15984614e-04
-2.65940026e-04
-4.85299168e-04
 2.54848380e-04
 1.28569863e-04
-9.20861300e-05
-2.36120249e-04
 3.07356652e-04
 5.04233467e-04
-3.54859234e-04
 2.90454738e-04
-9.06907419e-05
-4.90011855e-05
 4.11752377e-04
-3.13999204e-04
 1.42378033e-04
 6.40702531e-05
 3.80383658e-06
-2.73527636e-04
 2.99538686e-04
 4.98112790e-04
-2.86330057e-04
 1.92847963e-04
-2.98046055e-04
-1.23529405e-04
 1.57042084e-04
-1.37119696e-04
 9.12270396e-05
