 1.75066236e-06
-1.05821224e-04
 2.58539453e-04
-5.87361807e-06
-5.08361397e-04
 6.06773570e-04
 5.22300132e-04
-2.88140948e-05
 2.61902010e-05
 2.56187056e-04
 3.34922934e-04
 5.19933981e-04
 2.12121067e-05
-5.44957039e-04
 1.28583443e-04
-5.65101273e-04
 7.82037835e-05
 3.03737985e-04
-1.80696279e-05
 5.60330836e-04
 6.84379807e-05
 3.25349786e-04
-2.48489955e-04
 8.70752046e-05
 3.54639669e-04
-3.33406447e-04
 4.09652356e-04
 6.30595256e-04
 5.33048615e-04
-5.22075299e-05
-8.35322709e-05
 4.36886560e-04
-2.67858099e-04
-6.26511357e-04
-1.67917385e-04
 3.71992212e-05
 1.59608969e-04
 2.25433504e-05
-1.04708127e-04
-5.64686893e-05
-5.61450812e-04
-3.81889254e-04
-6.86786765e-05
-2.00729813e-04
 6.01638831e-04
 7.01073977e-04
 2.13485937e-05
-4.54394400e-04
 1.35980626e-06
 8.78397293e-05
-2.10903885e-04
 1.59952339e-04
-3.40078031e-04
 2.71325560e-05
 2.03976071e-04
-1.06879673e-04
 3.10512849e-04
 2.11167309e-04
 3.29275663e-04
 3.71186874e-04
-4.48582324e-04
-3.22975430e-04
 6.23506239e-05
-3.58398300e-04
-3.30572028e-05
 1.50064394e-04
 2.19985214e-05
-1.68206468e-04
 4.64348185e-04
 7.80537559e-04
 4.51813749e-04
 3.57883215e-04
-1.02415165e-04
-3.81809249e-05
-1.90613078e-04
-1.23635696e-04
-5.13381851e-04
-4.39742482e-04
-2.32878204e-04
-1.26694742e-04
 6.51603702e-04
 3.18803320e-04
 2.99055282e-04
 4.52451810e-04
 9.40557677e-05
 2.53434320e-05
 2.85287832e-04
 1.34703957e-04
 2.75139291e-04
-9.98519479e-05
-5.12534690e-05
 1.15081820e-04
 4.76002937e-05
 4.38009232e-04
-1.87226541e-04
 1.99218464e-04
-2.91261486e-04
-1.95979809e-04
 4.28332251e-04
-2.57225330e-04
-4.59438950e-06
 4.99843387e-04
 3.88156625e-04
 2.19415657e-04
-3.70925692e-04
-5.87334701e-04
 3.99502384e-04
-8.54444950e-05
 1.91470215e-04
 1.37199269e-04
-3.03854366e-04
 2.16271411e-04
-3.29811032e-04
-2.30797264e-04
-5.66218145e-06
 9.63790141e-05
 1.34504095e-04
-1.84200102e-05
-4.56271219e-05
-1.93562187e-04
-4.25860120e-04
-7.10697811e-05
-4.51529865e-04
-3.61573363e-04
 3.39930330e-04
-2.51738539e-04
-1.74557575e-04
 2.51439255e-04
 4.04245304e-04
 1.02907916e-04
-3.54622300e-04
-1.48301691e-04
-2.67294911e-05
-7.14805108e-04
-2.06206407e-04
 7.75309501e-04
 5.42256676e-05
-2.76974026e-04
 2.81918585e-05
 3.49108540e-04
 2.83500557e-05
-6.27310228e-05
 4.12320819e-05
-3.02455184e-04
 2.19671068e-05
-3.11942685e-04
-3.30741918e-04
 3.61195820e-04
 3.67858667e-04
-1.80242483e-04
-1.44440386e-04
 1.80200233e-04
 6.84644121e-05
 2.44436606e-04
 4.10277026e-04
-1.75792363e-04
-3.36347386e-04
-9.19179625e-05
-4.98442920e-04
 1.65263973e-04
 4.74414526e-04
 7.66246743e-05
-2.65586494e-04
 9.42671135e-05
 4.27237111e-04
 1.61815240e-04
 2.04309963e-04
-1.88712407e-04
-2.75131582e-04
 2.00891462e-04
 1.61074615e-04
-2.78313046e-04
-1.38322127e-04
 1.40644306e-06
 1.52085653e-04
-1.44678630e-04
 5.21371216e-05
 2.88059682e-04
-2.12232644e-04
-2.58458376e-04
 3.32175487e-04
 5.79275932e-04
 5.10946041e-04
 7.17217750e-04
 1.17748732e-04
-1.94424862e-04
-6.69912159e-05
-1.89589915e-04
 2.64582887e-04
 8.98728253e-05
-3.18109233e-04
-1.78745960e-04
-5.20254712e-04
 1.21623115e-04
 3.57980075e-04
-3.80428000e-04
-1.99077685e-04
-5.36782610e-05
 2.53877131e-05
-4.36667264e-04
 3.32872449e-05
-7.35388050e-04
 1.30673742e-03
 2.85228594e-03
-5.57069054e-04
 1.70433610e-04
-4.45718949e-05
 8.22280107e-05
 6.56102177e-04
-1.41990965e-04
 7.19438615e-04
 1.88960831e-04
-4.03799902e-06
-3.93033399e-04
-4.99280609e-04
 7.16875275e-05
-2.13584125e-04
-7.42644077e-05
-5.31772038e-06
-1.96891731e-04
-1.62564020e-04
-2.56156539e-05
-2.47253794e-04
-1.93270457e-04
 4.60046647e-04
-5.39557406e-06
-1.69788714e-04
 1.04759670e-04
 2.28538287e-04
 6.21050472e-04
-3.01196666e-04
 1.42385635e-04
 7.60308196e-04
-9.97072598e-05
-4.96725489e-05
-6.38842824e-04
-1.63539718e-04
 6.80769457e-04
 3.00406184e-04
 1.21302575e-04
-8.80899984e-05
 2.71026728e-04
-4.41548637e-05
 2.55141298e-04
 6.65777149e-04
 1.12337153e-04
 1.97592228e-04
 4.26813089e-04
 1.70964626e-04
 1.54411840e-04
 3.19483558e-06
-1.02561455e-04
 3.49263395e-04
-1.06828628e-04
 1.89671411e-04
-1.62512225e-03
 2.47484930e-03
 4.61381236e-03
-7.02738873e-04
-1.36922627e-04
-1.25300741e-04
-5.28697541e-04
 4.51399541e-04
 2.38789915e-04
-1.77299314e-04
 4.85891571e-04
-8.22443828e-04
 1.55545222e-03
-3.39811341e-03
-6.89700777e-03
 1.04472159e-03
 2.39573700e-04
-5.40499558e-04
-2.24538401e-05
 4.97615198e-04
 5.00630514e-04
-3.01588855e-04
 3.87745023e-04
-1.12259963e-04
 4.32221485e-04
 2.90534741e-04
 2.02553213e-06
 7.59928891e-05
-3.12252954e-04
 1.14610032e-04
 2.04092899e-04
-2.85886631e-04
-3.30900899e-04
 1.77978655e-04
 5.74707117e-05
-6.93241315e-04
 2.43853413e-06
 2.63226849e-04
 8.17898990e-05
-3.11378868e-05
-1.52982685e-04
 3.93138845e-04
-9.32900277e-05
 1.45388394e-05
-2.82805672e-04
-6.05129213e-04
-1.75397655e-06
-1.16605402e-04
-4.69716616e-04
-2.26822366e-04
 1.88456881e-04
-2.32138790e-04
-2.98604234e-04
 1.13098578e-04
 2.56492519e-04
-3.10001766e-04
 1.50547410e-05
 6.22999963e-04
 3.68703043e-04
 1.72667868e-04
-7.05717419e-04
-4.62456979e-04
-4.64661997e-04
 1.40523345e-04
 6.26799889e-04
-1.04730811e-03
 2.45082696e-03
-5.17237265e-03
-7.65487628e-03
 1.75554117e-03
-5.66208283e-04
-2.19383770e-04
 3.30270648e-04
-4.09974779e-06
 6.06700693e-05
-4.47906893e-04
 4.69042333e-04
 1.55558186e-04
 2.14474463e-04
 1.49979605e-04
-2.41133267e-05
 5.93218030e-05
 1.41882584e-04
-1.28201585e-04
 7.02557649e-05
 1.76945300e-04
-2.04668166e-04
-3.15333783e-04
-1.52369566e-04
-2.94046062e-04
 3.58722035e-05
