 7.80847633e-05
 4.78249268e-05
-2.93645132e-04
-4.69346471e-04
-6.71871014e-05
 7.09838400e-05
 3.20011102e-04
 5.28872085e-04
-3.60960748e-04
-2.87138770e-04
 2.58999525e-04
-8.67326185e-05
-2.06774996e-04
-1.20037248e-04
 4.22149383e-05
 3.14698413e-04
-4.47577418e-04
-5.10563298e-04
 1.94998560e-04
-5.13084802e-05
-2.28698960e-04
 2.26805049e-04
 1.14044027e-04
-9.06333351e-05
 4.95077895e-04
-2.38018357e-04
-7.68791151e-05
 5.42720048e-04
 3.73959204e-05
 9.84104804e-05
-9.05284131e-05
 9.57002516e-05
 1.96012853e-04
-3.95955196e-06
 1.88228092e-04
 1.27001002e-04
-1.23865044e-05
-1.91963398e-04
-2.59850019e-04
 1.20830066e-05
-1.61451738e-04
 1.77656861e-04
 1.93951637e-04
-5.81778921e-04
 2.03690745e-04
 2.36125491e-04
-1.25758086e-04
-1.92709175e-04
-1.92525123e-04
 3.59103646e-04
 3.69910364e-04
 5.07400985e-04
-6.82972741e-05
 1.13001478e-04
 5.06099286e-04
-2.04561673e-04
-4.20067288e-04
 3.43694791e-05
 7.42773725e-05
 1.08992018e-04
 3.43510220e-04
-3.75794492e-04
 1.40567034e-04
-3.01134405e-05
-1.99654546e-04
 3.75736937e-04
-2.14882981e-04
 1.63535481e-04
 1.40303824e-04
-1.63729076e-04
-9.56141731e-05
-6.16894139e-05
 2.90391364e-04
 1.59488254e-04
-7.30202787e-04
 1.53850979e-04
 1.83508031e-04
-2.26343592e-04
 6.11408316e-04
 9.15740204e-05
 4.00931351e-04
-1.25237567e-04
-4.31379164e-04
 2.46091028e-04
-3.34008682e-04
 3.61785999e-05
 3.22403600e-04
-3.99524667e-04
 2.39359658e-04
-9.19299201e-05
-2.61275762e-04
 5.80247414e-04
 2.26083128e-04
-5.69067496e-06
-4.71927680e-04
-3.30544635e-04
 2.24241840e-04
-2.32998777e-04
-1.30069216e-04
 5.47437521e-04
 3.91410342e-04
 3.18338944e-04
-1.15004714e-04
 2.66599702e-04
 4.87929079e-04
-4.64757693e-04
 3.67585026e-04
 2.16711013e-04
-3.91345065e-04
 1.66257632e-04
-3.94922178e-05
 5.10548139e-06
 3.16710546e-04
-3.35939967e-04
-1.40916523e-04
 9.49458966e-05
-5.17636337e-04
 5.15053826e-04
-2.49047062e-04
-8.98524038e-04
-1.05198144e-04
-4.02933851e-04
 1.50168592e-04
 4.65349578e-04
 5.85075265e-04
-1.61352787e-04
-2.76755488e-04
 3.96754535e-04
-1.29080588e-04
 8.00002021e-05
-4.63049220e-05
-2.31561215e-04
 1.08073684e-04
 2.45345750e-04
 3.15358080e-04
-8.43917694e-05
 1.63021114e-04
 1.13650696e-04
-4.76376004e-04
-3.23444509e-04
 2.41493545e-04
 3.07065828e-04
 1.86628075e-05
 6.53606548e-05
 2.95288439e-04
 3.86953057e-04
 1.49075333e-04
 1.27578317e-05
 1.08713889e-04
 4.12339990e-04
 8.07455279e-05
-1.76010302e-05
 3.19388680e-04
 3.55603053e-04
 1.41084989e-05
-1.51503866e-04
 1.46347892e-04
-5.35417991e-05
 2.11122009e-04
 2.65849588e-05
-1.54190944e-05
 2.05163413e-04
 5.37876843e-05
 5.61581986e-04
-1.89622783e-04
-1.96945339e-04
 1.47364671e-04
-5.61043210e-04
-5.14878307e-04
-1.85559905e-04
 3.46476687e-04
-1.40162508e-04
-2.97530428e-04
 2.64648025e-04
 1.23594027e-04
-4.28939946e-06
 3.20423925e-05
 3.62057097e-04
 1.55820153e-04
 1.63002242e-04
 4.92550350e-04
 2.66650701e-04
 5.09624387e-04
 2.67013198e-04
-2.17734891e-04
 3.39100186e-04
 3.45877744e-04
-1.71527120e-04
-1.13019792e-04
 3.30576101e-04
 1.02095848e-04
-2.25319870e-04
 3.10137951e-05
 1.11372533e-04
 4.31009606e-04
 3.67521889e-04
 3.86537750e-04
 6.54885702e-05
 2.74609369e-04
 4.92667924e-04
-6.04439812e-04
-1.24955607e-04
-1.24838166e-03
-2.24582722e-03
-3.06403037e-04
 2.87101307e-04
 1.08318681e-05
-1.30723637e-04
 3.21199372e-04
 2.62872923e-04
-2.94930336e-04
 3.48177281e-04
 1.89971326e-04
-1.31061196e-04
-1.96344056e-04
-4.14666206e-04
-6.93435412e-04
-7.14637749e-04
-2.21621745e-05
 2.54793165e-04
 2.54850184e-04
-2.97499388e-04
-3.07301242e-04
 8.96286498e-05
-2.07563341e-04
-4.04849360e-04
-4.53288540e-04
-6.22827029e-05
 4.12949528e-04
-5.98545036e-04
-1.42673318e-04
 4.44728655e-04
-2.65847973e-04
 2.39054844e-04
 1.01344507e-04
-1.49173673e-04
-7.92707429e-05
-1.03551995e-04
-3.26742283e-04
-1.81270116e-04
 1.39051885e-04
 3.56070011e-04
 3.92138021e-04
 7.41152293e-05
 8.57984043e-05
-2.24040688e-05
 2.80486615e-04
 5.60842073e-05
 1.38492617e-04
 3.53736074e-04
-1.35322424e-04
-2.03104675e-04
-3.29188779e-05
-5.30650208e-05
 6.37155528e-04
 5.85642961e-04
-1.96413534e-04
 8.54320936e-04
-4.14416580e-04
-3.88038183e-04
 6.91735223e-04
-4.75214019e-06
-9.18733083e-05
-2.85402024e-04
 2.69585009e-04
-4.29215399e-05
 1.46861749e-04
-2.56762548e-04
 1.75277752e-03
 2.11071812e-03
-3.73877446e-04
 1.99927345e-04
-7.20375691e-05
 1.26944845e-04
-1.21512668e-04
-5.01974486e-04
-6.18537059e-04
-5.68476382e-04
 2.70980512e-04
 3.00622071e-04
-2.81142300e-04
 2.56668453e-04
 5.15036769e-04
-6.37635096e-04
-3.01649577e-05
-1.00965449e-04
-1.59564100e-04
 9.66836162e-04
 4.30036198e-04
 8.66263490e-05
 6.18960068e-06
-2.07537623e-04
-1.25451356e-04
-2.96210349e-04
-1.97303455e-04
-3.01193940e-04
-5.04875247e-04
-1.73025414e-04
-2.55388602e-04
 2.09200637e-04
 2.85660673e-04
-2.14934106e-04
-1.42010809e-04
-5.04293169e-06
 5.81334291e-04
 4.38539138e-04
 3.76016590e-05
 1.04278413e-04
 1.84611931e-04
-1.76423210e-04
-6.82256292e-05
 2.64158594e-04
 1.12000289e-04
 3.88148832e-04
-2.53630951e-04
-6.84615947e-04
-5.45391854e-04
 9.33813350e-05
-2.67378971e-04
-9.52012050e-05
-2.78487515e-04
 7.37357184e-04
-8.34579366e-04
-4.35022599e-03
-1.90333913e-04
-2.40564990e-05
-4.85304225e-04
 8.07146085e-04
-1.16071137e-04
 6.52506964e-05
 4.29777702e-05
-1.12481842e-04
-3.15494085e-04
 1.10269480e-04
-6.65243749e-06
-3.82924811e-05
 6.39247521e-04
 4.65428159e-04
-1.42944210e-05
 1.92313089e-04
-7.11661748e-04
-5.67599292e-04
-1.13392306e-04
 5.09156656e-05
 3.17254122e-04
-2.32156365e-04
