 1.02899411e-04
-7.65098808e-05
-1.73645798e-04
 1.15582744e-04
-5.31625638e-04
-1.97166192e-04
 2.08900360e-04
-8.64487170e-05
 2.62082908e-04
 4.67311629e-04
 3.44876859e-04
 2.09605375e-04
-2.16921292e-04
-1.24513297e-04
-1.06771452e-04
-3.00498150e-04
 1.65107307e-04
 2.83172090e-05
-1.16194386e-04
-1.76010787e-04
-3.41428762e-05
-1.71643741e-04
-4.77946622e-04
-1.42008538e-04
-1.56026672e-04
-2.16145110e-04
-1.31211539e-05
 1.98889805e-04
-1.23127399e-04
-1.89403882e-05
-2.04323746e-05
-8.04678693e-05
 5.87368505e-05
-1.86008705e-04
 1.75186048e-04
-2.63477828e-04
-3.45612125e-04
 7.73006929e-06
-2.94250922e-04
 3.67372224e-04
 7.27617791e-06
-4.79937419e-04
 5.62764049e-04
 2.78817007e-04
 1.26717793e-04
 2.92768537e-04
-3.96446356e-04
 1.89457838e-04
-1.07860859e-04
-5.10647025e-04
 2.45490677e-04
-1.16177312e-04
-8.71034433e-05
 3.74509353e-04
 2.02734104e-05
-2.28352350e-05
 7.17092194e-05
-4.76978901e-04
-8.64013363e-04
-1.56475392e-04
 1.15377811e-04
 2.79950073e-05
 1.84652318e-04
 2.58999611e-04
-5.72384971e-05
-7.22706140e-06
 3.58948020e-04
-2.80435578e-04
 1.70762874e-05
-1.53851631e-04
 1.93166414e-04
 2.46153831e-04
-2.38134964e-05
 5.87192799e-04
-3.90264703e-04
-3.06524250e-04
 4.16167392e-04
-5.05670459e-05
-1.67527019e-04
 4.10917081e-04
 9.20261746e-05
-1.78274049e-04
 1.60377871e-04
-1.37961559e-04
-2.75938624e-05
 2.56095729e-04
 1.42131746e-04
-1.47196666e-05
-3.23036024e-04
-7.12478179e-05
 1.49169640e-04
 2.83412132e-05
 5.34214465e-04
 3.04765018e-04
-2.59686354e-04
 3.75502405e-04
 5.63416217e-04
 1.15420553e-04
-1.35381065e-04
-6.85464599e-05
 1.47970303e-04
-1.41617762e-04
 2.71491171e-04
 1.78954173e-04
 3.58835669e-05
 2.48727190e-04
-8.02211297e-05
 1.01698590e-04
 7.42891198e-05
 2.84271625e-04
 8.67004270e-05
-5.00328901e-05
 2.61557023e-04
 2.05428210e-04
 1.66762665e-04
 2.32431009e-05
 2.89222671e-04
 4.28993706e-04
 1.50283626e-04
 2.08820299e-04
-7.45786303e-05
-1.70050130e-04
-2.02834290e-04
-3.67950142e-05
 3.05229892e-04
-1.42058429e-04
 9.34000373e-05
 8.45646160e-05
-1.58095546e-04
 3.55178286e-04
 5.33545056e-04
-2.43775618e-05
-1.41008753e-05
 9.00672611e-04
 3.35943425e-05
 2.43358019e-04
 7.52055225e-04
-4.92862681e-04
 5.51371589e-05
 5.22599275e-04
 5.94329973e-04
-4.72253142e-04
 1.50052763e-03
 2.40410190e-03
-4.80098349e-04
-3.29187797e-04
-3.74207526e-04
 1.18160489e-05
-1.12560356e-04
-5.19740374e-04
-9.91342757e-05
-9.31794474e-05
-5.97279202e-05
 4.03059766e-06
 1.69532375e-04
-2.02763611e-04
-3.44662384e-04
-4.26074988e-05
 2.98130168e-04
 2.80822674e-04
-2.64574494e-04
-3.35565182e-04
-7.39623465e-05
 3.63327107e-04
 3.13534799e-04
-3.82588940e-04
-2.92350115e-04
 2.20410180e-04
 3.81150367e-04
-2.78047656e-04
-5.22147483e-04
 5.88551252e-05
 4.09765472e-04
 3.06783767e-05
 3.23909125e-04
 5.99054224e-04
-1.43978508e-04
 1.21846353e-04
 2.77976649e-04
 2.04518682e-04
-1.94491038e-04
-6.26302399e-04
-1.59760538e-04
-1.36598560e-04
-2.22782958e-04
-2.80655848e-04
-2.95093083e-04
 2.85340684e-04
-3.87543899e-04
-3.96913593e-04
-2.12603107e-04
-2.51729333e-04
 2.33754702e-04
-6.24670124e-04
 4.32856630e-04
-1.25743363e-03
 2.38258206e-03
 4.49528901e-03
-3.55326460e-04
 4.90717867e-04
-2.63333082e-04
-1.25176241e-04
 9.07155067e-04
 7.01107433e-05
-5.33713174e-04
 2.89401130e-04
-4.74658741e-04
 1.24842828e-03
-2.90050821e-03
-6.15643642e-03
 1.56991016e-04
-3.26200656e-04
-1.53386420e-04
-5.83671132e-05
-1.32667612e-04
 4.17037185e-04
-3.92230137e-04
 2.67286474e-04
-2.07841115e-04
 2.71981319e-05
 5.76280098e-04
 1.29887323e-04
 4.84563373e-05
 3.43592790e-05
 1.08449819e-06
 3.67014812e-04
 1.90924580e-05
 2.99632363e-05
 2.17807102e-04
-1.94159775e-04
-2.00168881e-04
 2.97749512e-04
 2.05436632e-04
-1.38079697e-04
-2.32220403e-04
-5.26443018e-04
-2.48757465e-04
-1.35099983e-04
-2.99640867e-05
 9.09177644e-05
-7.75449016e-05
-4.09053319e-04
-3.03811515e-04
 6.49607106e-05
 1.91134093e-04
 1.83999577e-04
-1.15088610e-04
 3.06341952e-04
 3.64912484e-04
-5.32461540e-04
-4.00093373e-04
 1.07823845e-05
 1.65369621e-04
-1.65680054e-04
 5.01512669e-04
 3.05737188e-04
-6.23412803e-04
 8.54225952e-05
 3.69718734e-04
 5.90182726e-04
-1.15194639e-03
 2.55998208e-03
-4.22707923e-03
-7.95692215e-03
 1.37589276e-03
-4.88159094e-04
 3.87212100e-05
 7.31664268e-05
-7.74102189e-04
-3.36603006e-04
 1.55034303e-04
 4.70167242e-04
-6.10649710e-04
 9.66438480e-04
 4.15568733e-04
-7.64055080e-04
-4.72911748e-04
 7.02753534e-05
 4.31164929e-04
 2.52198362e-04
 1.15683867e-04
-3.73461977e-05
-3.80194265e-04
-2.48037441e-04
 2.91448051e-04
-1.86090649e-04
-3.90306926e-04
 4.85972838e-05
-2.26487011e-04
-5.26364457e-05
-1.50524591e-04
-4.83816825e-05
 4.40969616e-04
 2.81713253e-04
 7.30045601e-05
 1.78602858e-04
-7.54287556e-05
 3.72609370e-06
-2.85709630e-05
 5.22977743e-05
 5.14899280e-04
-7.96140266e-05
 1.11651342e-04
 2.60933430e-05
-1.24459785e-04
 4.61121603e-04
 4.44753649e-05
 1.89024284e-04
 4.45175050e-04
 6.30961193e-05
-1.81567980e-04
-5.69457161e-04
-1.35232399e-04
 3.35041510e-05
-1.61089416e-04
 1.47374770e-04
-2.00958887e-04
 2.08417702e-05
 3.53528857e-04
-1.16860375e-04
-8.07168447e-05
-3.19334513e-05
-3.04429584e-04
 4.00639067e-06
 1.60003060e-04
 4.07656028e-06
 3.37383031e-04
 5.34100709e-04
 3.42007944e-04
 5.21111223e-05
-5.85876921e-04
-2.82075593e-04
-1.54567557e-04
-1.77757326e-04
 3.00948952e-04
 7.27224045e-05
 2.36554597e-04
 4.18895377e-05
 1.57385722e-04
 2.48767947e-04
-1.57739012e-04
-3.14594885e-05
-1.92373398e-05
-4.02011733e-04
-5.94939055e-04
-4.66889985e-04
