-2.78096711e-05
 2.10057355e-04
 4.16467609e-05
 3.79857940e-04
 3.00590859e-04
-1.38495589e-04
 1.24529463e-05
-4.09079751e-04
 1.56197464e-04
-8.75206356e-06
 3.77000630e-04
 7.53938522e-04
-3.08906884e-04
 9.65230241e-05
 1.65570057e-06
-1.50004073e-05
 2.41631011e-04
-2.99149078e-04
-3.23949981e-04
-7.24893941e-05
-1.98338627e-05
 2.79231656e-04
 4.91864915e-04
 3.44666898e-04
-4.98143349e-06
 1.76449797e-04
 6.09786845e-04
-2.35212291e-04
-9.44368451e-05
 5.53961957e-04
 7.90596160e-06
 5.10608812e-04
 1.72427226e-04
-9.10160078e-04
-1.12003300e-04
-1.65539499e-04
-5.35811161e-04
 3.27143937e-04
 9.57843665e-05
-2.37883233e-05
 1.84439043e-05
-4.77235741e-05
 1.21302166e-05
-1.85311658e-05
-4.89105710e-05
-4.13069982e-04
 3.33463136e-04
 4.03086208e-04
-4.96593191e-05
-3.18319329e-04
-1.38774173e-04
 3.33585256e-04
 2.09830330e-04
 4.33807042e-04
 7.35133990e-05
 1.99061930e-04
 2.23939950e-04
-2.02078650e-04
 3.10679555e-05
-4.92229494e-04
-8.91431639e-04
 4.89904667e-05
-5.71835432e-05
-7.04429482e-04
-4.07236906e-04
-2.29446491e-04
-6.24782518e-05
-2.02585847e-04
-1.87106946e-04
 1.52212486e-04
 1.10677673e-05
-3.00598025e-04
-2.27366797e-04
 2.05545195e-05
 2.38664540e-04
-2.06262200e-04
-3.71726825e-04
 5.19306696e-04
 3.37788899e-04
 9.36114820e-06
 5.16876620e-05
 2.38289220e-04
 3.35447380e-04
-1.42247108e-03
 1.11270596e-03
 5.22956425e-07
-1.70940898e-03
 1.66838379e-03
-7.94608698e-04
 2.57288923e-03
-4.62954677e-03
 4.68498179e-03
-7.03790580e-03
 1.13295949e-02
 4.25769333e-02
-4.58376118e-02
-1.02596838e-02
 5.94844771e-02
-2.95446705e-02
-4.48345850e-02
 3.80264581e-02
 4.85448798e-02
-2.88382128e-02
-5.90488396e-02
-4.55866516e-03
 5.16996463e-02
 5.24204402e-02
 3.98631453e-03
-4.43496679e-02
-6.09311503e-02
-5.05163440e-02
-2.50554824e-02
 2.88959560e-03
 2.64299985e-02
 4.03404615e-02
 4.51279195e-02
 4.73874497e-02
 4.63536484e-02
 4.28911833e-02
 3.41327837e-02
 1.51197325e-02
-1.22854964e-02
-4.01847771e-02
-5.93558887e-02
-5.67879675e-02
-2.11271733e-02
 3.26733914e-02
 5.99711617e-02
 2.64481378e-02
-3.87958421e-02
-5.58943409e-02
 1.42264871e-02
 6.09383068e-02
-1.02419071e-02
-5.41002864e-02
 2.37947062e-02
 4.49364307e-02
-5.51987779e-02
 3.59578851e-03
 4.57453161e-02
-5.62021685e-02
 3.54662011e-02
-9.04822808e-04
-2.63180074e-02
 3.67066007e-02
-3.45502339e-02
 2.54765687e-02
 1.55071615e-02
-9.52940104e-03
 5.39365275e-03
-4.59515934e-03
 5.80974371e-03
-6.08421915e-03
 3.15207505e-03
-7.83860932e-04
 2.87070324e-03
-7.17057083e-03
 8.95313023e-03
-1.29524905e-02
 3.75189904e-02
 7.79559025e-02
-9.93559540e-02
-2.16583837e-03
 1.15011422e-01
-7.26437107e-02
-7.82749783e-02
 8.85928541e-02
 8.35411253e-02
-7.57084964e-02
-1.11632246e-01
 1.02011911e-02
 1.11688845e-01
 9.22390288e-02
-1.43266508e-02
-1.02956791e-01
-1.22038973e-01
-8.72261122e-02
-2.94239662e-02
 2.92939836e-02
 7.43693664e-02
 9.83831647e-02
 1.06720074e-01
 1.07905354e-01
 1.07113692e-01
 1.04083577e-01
 9.01748133e-02
 5.66518627e-02
 3.37262158e-03
-5.78042618e-02
-1.07116665e-01
-1.21437009e-01
-7.04657355e-02
 3.89693608e-02
 1.17222145e-01
 7.66438185e-02
-5.27097773e-02
-1.20984383e-01
-4.27942367e-03
 1.21725348e-01
 1.13177995e-02
-1.11234882e-01
 1.80780706e-02
 1.06718103e-01
-9.11726131e-02
-2.80129418e-02
 1.10194312e-01
-1.05188855e-01
 4.40105170e-02
 2.71408809e-02
-7.09968568e-02
 7.72995498e-02
-5.91324103e-02
 3.33630446e-02
 4.39885347e-02
-2.22444100e-02
 1.76600916e-02
-1.46437417e-02
 1.00039643e-02
-4.74807319e-03
 4.37070951e-04
 1.57436028e-03
-2.67685851e-03
 2.44098056e-03
-1.80100514e-03
 1.56838666e-04
 8.75404982e-04
-3.42973848e-04
-1.51036614e-04
 4.40485891e-04
 3.82765521e-04
 7.72968234e-04
 4.36764890e-04
 1.74978521e-04
-1.35949708e-04
-6.55847213e-04
-7.02918022e-04
 3.22974036e-04
 2.32645554e-04
 1.92961079e-04
 4.71781319e-04
 2.72763003e-05
 4.82745760e-04
 4.42182416e-04
-1.34018833e-04
 5.31238552e-05
 3.71104853e-04
-6.27641173e-05
-4.34237450e-04
-3.36892107e-05
-1.50386342e-04
-7.03284668e-04
 4.18811509e-05
 2.94273561e-04
-3.63829206e-04
-1.10128269e-04
 1.83117180e-04
 4.31159065e-05
-2.81506143e-04
 1.88589714e-04
 3.82160042e-04
-1.85205850e-04
-7.61548789e-05
-1.20402106e-04
-5.48418991e-05
 4.21061015e-04
 5.22084985e-04
-1.05738275e-04
-2.35348879e-04
-4.03194187e-04
-4.24288664e-04
 1.54342060e-05
-3.46021871e-04
 1.80263581e-04
 7.97817375e-04
-1.23229022e-04
-2.66746454e-04
 5.36751404e-04
 2.05060373e-04
-1.26201170e-04
 3.55681638e-05
 1.24180510e-04
-3.19680364e-04
 2.42382798e-05
 7.36586713e-05
-2.75301749e-04
 1.25122775e-04
-3.04265020e-04
 2.40484925e-04
 3.89683790e-04
 3.73268812e-04
 2.40342547e-04
-1.63450289e-04
-1.40543276e-05
 6.79977804e-05
 3.85706822e-04
-3.98114426e-04
 1.66349672e-04
-4.00680544e-05
-3.78254860e-04
 6.05392946e-06
-3.73102206e-04
 4.27620094e-04
-2.52892737e-04
-8.80365732e-04
 8.17469191e-05
 2.09336648e-04
 2.03962618e-04
 1.28870402e-04
-3.05101329e-04
 6.63079338e-04
 6.00578658e-04
-2.95817127e-04
-4.46212904e-05
 4.99445880e-04
 4.25627154e-05
-3.84681071e-04
 1.96536991e-04
-3.19417929e-04
-2.19783789e-04
 2.09558488e-04
-5.08148824e-06
 1.92123387e-04
 1.23414633e-04
 3.04030176e-04
 2.94499738e-04
-2.97684853e-04
 2.85989500e-04
 9.71261603e-05
-1.57575794e-04
 6.82261861e-05
-4.77691761e-04
 3.89352589e-04
 3.01725706e-04
-2.83505296e-04
 1.82700727e-05
-1.88018706e-04
-5.65605818e-05
 1.05746607e-04
-4.43622103e-05
 1.70982627e-04
 3.69402326e-05
 2.10878246e-04
 5.14288856e-04
 2.04874003e-05
 2.17835992e-04
 6.12736843e-05
