-1.02380530e-04
-6.50594161e-04
-4.85095326e-04
-2.00880309e-05
-6.53605931e-04
-4.53844492e-04
 1.80527932e-04
-5.00378505e-04
-1.69994524e-04
 4.44610045e-05
-1.25313459e-04
 1.38966235e-04
 2.87049047e-04
-9.06873724e-04
 1.21005659e-03
-1.86898445e-04
-1.67861641e-03
 1.61305157e-03
-6.51927659e-04
 2.36613659e-03
-4.58282117e-03
 5.33572563e-03
-6.70091046e-03
 1.16320002e-02
 4.25568657e-02
-4.50351346e-02
-9.05347702e-03
 5.99828891e-02
-2.91335021e-02
-4.48208953e-02
 3.80728746e-02
 4.84403804e-02
-2.93616315e-02
-5.95518662e-02
-5.06383110e-03
 5.10315331e-02
 5.18279942e-02
 4.78558101e-03
-4.40202667e-02
-6.08981141e-02
-5.00568549e-02
-2.57787872e-02
 3.07145665e-03
 2.61548613e-02
 3.96917787e-02
 4.48456276e-02
 4.62148863e-02
 4.61920483e-02
 4.27209600e-02
 3.35499862e-02
 1.43925331e-02
-1.23183763e-02
-3.95674295e-02
-5.93298556e-02
-5.70552584e-02
-2.18092708e-02
 3.30356054e-02
 6.00493367e-02
 2.58647954e-02
-3.86251603e-02
-5.60327906e-02
 1.34989526e-02
 6.05108448e-02
-9.72306679e-03
-5.37652925e-02
 2.38137260e-02
 4.46321187e-02
-5.55173381e-02
 3.62850012e-03
 4.55116072e-02
-5.65683119e-02
 3.49694143e-02
-1.22700680e-03
-2.65762506e-02
 3.66319241e-02
-3.39755960e-02
 2.56219549e-02
 1.56984893e-02
-9.04217111e-03
 5.07193651e-03
-4.77174821e-03
 5.48335262e-03
-5.89696309e-03
 3.79579057e-03
-7.87941628e-04
 3.15417981e-03
-7.54565701e-03
 9.46540179e-03
-1.30114280e-02
 3.56314991e-02
 7.75213205e-02
-9.90174047e-02
-2.25347664e-03
 1.14331678e-01
-7.26483813e-02
-7.81102391e-02
 8.81501197e-02
 8.29142992e-02
-7.60688842e-02
-1.11646521e-01
 1.08355909e-02
 1.12215215e-01
 9.24665503e-02
-1.40087809e-02
-1.03435642e-01
-1.21572785e-01
-8.68203180e-02
-2.89986583e-02
 2.97198052e-02
 7.40614007e-02
 9.84586246e-02
 1.05995144e-01
 1.07563275e-01
 1.07064384e-01
 1.03267366e-01
 8.97830586e-02
 5.61387497e-02
 3.50710549e-03
-5.76205369e-02
-1.07688051e-01
-1.21282628e-01
-6.99476795e-02
 3.94724844e-02
 1.16844909e-01
 7.66810917e-02
-5.24495563e-02
-1.21008094e-01
-4.10143946e-03
 1.21622316e-01
 1.20526196e-02
-1.10794741e-01
 1.83363511e-02
 1.07249982e-01
-9.10688099e-02
-2.83951302e-02
 1.09836722e-01
-1.04802464e-01
 4.41424573e-02
 2.68144261e-02
-7.15449822e-02
 7.71929009e-02
-5.99493437e-02
 3.36481040e-02
 4.53536012e-02
-2.27012840e-02
 1.80311324e-02
-1.42661250e-02
 1.01287981e-02
-4.36061128e-03
 2.62855305e-04
 1.85626433e-03
-2.35625312e-03
 2.66502896e-03
-1.50527236e-03
-2.04800317e-04
 3.35900689e-04
 2.93387542e-04
 7.62882272e-05
-1.87735139e-04
-1.31169871e-04
 6.50231594e-05
 1.60183615e-04
 2.93044975e-04
-1.53901574e-04
-2.83246659e-04
 4.76969575e-04
 4.85033314e-04
 3.61190695e-04
-8.02389825e-05
-4.31499857e-04
 1.82746861e-04
-3.00328941e-04
 2.75534190e-04
 6.08264834e-04
-5.51557391e-04
-3.28733191e-04
 1.43186029e-04
 3.10163787e-04
-1.50431281e-04
-3.75274606e-04
-4.07621391e-04
-4.60815637e-04
 1.56668321e-04
 1.53717495e-04
-2.43027029e-04
-4.22056266e-04
 5.95227443e-04
 6.49392369e-04
 8.97249381e-05
 1.27779811e-04
 5.22220096e-05
 2.64362059e-04
-3.09848829e-04
 3.72230823e-04
 6.21340241e-04
 5.01336084e-05
 1.58452039e-04
 2.09479875e-04
 2.03066966e-04
-3.15513869e-04
 6.61718346e-05
-2.33664780e-04
-3.36901486e-04
 1.21739896e-04
-8.66472012e-05
-2.23896062e-04
-3.37176421e-04
-2.16270220e-04
-4.76200575e-04
-6.09497542e-04
-2.32045518e-04
 3.63689102e-05
 7.64726644e-05
-1.46644973e-04
-1.93201989e-04
 1.54477089e-04
 5.26497547e-06
-1.69341367e-04
 4.72337151e-04
 6.05804124e-04
 6.57898525e-05
-2.70328354e-04
-6.06516071e-04
-1.81436771e-04
-2.22464543e-04
-3.09163708e-04
 5.64321222e-05
-2.81737639e-04
-1.13167956e-05
 1.26160975e-04
 5.74255322e-04
 4.43184534e-04
-1.56969351e-04
 8.81581704e-05
-7.03588519e-05
 1.07267008e-04
 1.11938164e-04
-3.09933764e-05
 3.18970473e-04
-1.11526186e-05
-1.59460219e-04
 4.81473971e-04
 2.15930242e-04
-7.35595994e-05
 5.51262277e-05
-4.35679556e-04
-3.68708946e-04
-5.05589513e-05
 5.26755722e-04
 2.92039782e-04
-4.53164292e-04
-2.50691118e-04
-1.75021648e-04
 5.95667528e-05
 3.93722005e-06
 9.71147156e-05
-4.23523501e-04
-5.91227802e-04
 3.24241676e-04
 2.33525708e-04
-9.86627949e-05
-2.21168760e-04
-1.31836287e-04
-7.78162915e-05
 2.25950244e-04
 5.58687736e-04
-5.33264748e-05
-5.39245514e-06
 5.61230407e-04
 5.22862265e-04
-3.02586158e-05
 7.02818432e-05
 1.61379193e-04
 9.61685040e-05
 2.93603351e-04
-1.31593322e-05
 1.74139260e-04
-2.42443538e-04
 1.70533882e-04
 4.67244946e-04
 5.85626622e-05
-1.12203239e-04
-2.53751659e-04
 1.63186501e-04
-1.71156174e-04
 1.13537015e-05
 1.04213494e-04
-3.55046982e-04
-3.07026956e-04
-1.61758044e-05
-2.38631946e-04
-5.88692816e-04
 1.45113900e-04
 5.97984502e-04
 1.86479483e-04
-3.39699840e-04
-3.75770163e-04
-2.83475285e-04
-4.14732888e-05
 3.58139319e-04
-1.74826878e-04
-3.73883927e-05
 1.51630921e-04
-6.28652183e-05
 6.70627877e-04
 1.29735575e-04
-5.64951367e-04
-7.68810550e-05
-2.80445494e-04
-3.02181788e-04
-3.91047240e-04
 4.39548848e-05
 1.93071516e-04
-5.86406552e-04
-1.13863895e-04
 9.03029121e-05
-3.49715415e-04
-6.66871621e-04
-4.94616638e-04
 1.27164216e-04
 2.04520045e-04
-7.07486452e-06
 9.92656825e-05
 5.15309149e-05
-2.53423924e-04
-3.11570226e-04
 1.20157483e-04
 4.62836226e-05
 8.84730230e-06
 2.08651735e-05
-1.02343962e-04
-9.39937003e-05
-3.64633333e-04
 1.88722585e-04
-1.03048053e-04
-2.88491146e-04
 2.95869025e-04
-5.92754890e-05
 3.36928312e-04
 2.60701370e-04
 1.21919798e-04
 3.40685477e-04
-2.34984242e-04
-1.95277380e-04
-2.44408934e-04
-2.13060233e-04
