 1.30305386e-05
 1.96572523e-04
 9.25375495e-05
-2.08725894e-04
 2.18060434e-04
 4.27070328e-04
-5.59716034e-05
 4.44144419e-04
-6.46576356e-05
-2.54363219e-04
 4.40609380e-04
-1.36173364e-04
-1.18282278e-04
-4.46551039e-04
-7.32437188e-05
 1.02009320e-04
-1.27470325e-04
 4.14062689e-04
-3.83021185e-04
 2.75015756e-05
 1.20352352e-04
-5.99771649e-04
 1.19766188e-04
-3.07668627e-05
-2.97034354e-04
 1.56744567e-04
 1.61304727e-04
-1.96724926e-04
-1.33152779e-04
-1.25405458e-04
-1.78181082e-04
 6.02949550e-04
 8.68721907e-04
 3.39764135e-04
-8.39684477e-05
-2.72775900e-06
-1.83470104e-04
-3.39275950e-04
-1.78707031e-04
-6.71802379e-04
-8.81173907e-05
-1.12597755e-04
-6.13990972e-04
 2.20009274e-04
-5.14950310e-04
-6.08484946e-04
 1.97462591e-04
-2.09931188e-04
-2.67057261e-05
-3.80079739e-04
-2.13103199e-04
 4.99972959e-05
 9.75028140e-06
-1.33117971e-04
-5.36019077e-04
 8.33644148e-05
-3.26142913e-04
 2.17238259e-05
 1.84568849e-04
-2.85396724e-04
 3.64312255e-05
-5.45721054e-04
-6.26687906e-04
-4.87180024e-04
-3.97125860e-04
 1.99401017e-04
 1.11686393e-04
-1.41041335e-04
 1.30892810e-04
-9.63081394e-05
-9.85552289e-05
-7.83192441e-05
-3.10061698e-04
-2.94691264e-05
-5.58030215e-04
-3.78905046e-04
-1.12291454e-05
 1.68794391e-04
-5.34893344e-05
-2.93942414e-04
 9.99559426e-05
-2.73212538e-04
 9.08408171e-05
-7.58643554e-06
-6.46449653e-05
 2.56545113e-04
 1.91817634e-04
-3.16491581e-04
-3.67369031e-04
 1.26858851e-04
 2.60917634e-04
 3.39724220e-04
-6.53031360e-04
-4.79366253e-04
-1.69879889e-04
-4.07360851e-04
-1.68701231e-05
-1.43406148e-04
 2.43291188e-04
 4.48773441e-05
-1.52253001e-04
 2.92314833e-05
 9.78757001e-05
 5.83813271e-04
 4.10812706e-04
-1.76783703e-04
-4.44151832e-04
-5.61115577e-04
-4.55110197e-04
 1.43657920e-04
 1.70398257e-06
 4.56037146e-04
 6.01541018e-04
-1.76487409e-04
 1.13901654e-04
 3.93827400e-04
-5.95456155e-05
-8.71809184e-05
 4.02344898e-04
 4.11809286e-05
 6.62000170e-06
 1.90076950e-04
-2.45190241e-04
-2.80919990e-04
-8.31546111e-05
 1.35616756e-04
 1.71199753e-04
-1.51802744e-04
 2.27357946e-04
 7.32131456e-06
-1.64354493e-04
 1.24892467e-04
 4.44710563e-04
 3.19487555e-04
-4.26778803e-04
 4.38499898e-04
 4.41841509e-04
 1.20977241e-04
 5.05442569e-04
-1.36560512e-05
 4.30052745e-04
-3.08625015e-05
-2.26985697e-04
 4.50969938e-04
 1.28462130e-04
 4.96683536e-04
 2.82622117e-04
-9.42106443e-05
-2.87998733e-04
 1.59030206e-04
 2.67010471e-04
 2.47976037e-05
 6.44050197e-04
 1.86011040e-05
 7.09543745e-06
 1.38196719e-04
-1.70209525e-04
 3.62940581e-04
-7.03977170e-05
-2.51990910e-04
 2.37131024e-04
-1.67052825e-05
-3.68373384e-04
 1.68249953e-04
 4.55997970e-04
-2.04593926e-04
-1.95275046e-04
 2.65992837e-04
 1.63536590e-04
 3.28795537e-04
 2.02609509e-04
-2.82844605e-04
-3.56368779e-04
-2.34379505e-04
 5.36173209e-04
-5.62695576e-04
-8.95948668e-04
 1.04564056e-04
-3.42038511e-05
 3.85962349e-04
 3.41090128e-05
-1.91014999e-04
-1.07126331e-04
-9.40514474e-05
 5.12985407e-04
 2.98598223e-04
-3.05229637e-04
-5.09053629e-05
 2.19368242e-04
-1.07022862e-04
 2.98670707e-06
 1.51437438e-04
 6.67951916e-05
 2.03665844e-04
-2.56002525e-04
-8.35237584e-05
 4.20065964e-04
 2.42131027e-04
 4.35940760e-04
 3.98615046e-05
-6.22353864e-05
-1.80663497e-04
-2.46852046e-04
 1.71375208e-03
-9.33982291e-04
-1.14705477e-03
 3.45816025e-03
-4.57946188e-04
-3.21871596e-03
 1.97850108e-03
 2.59986287e-03
-2.25044457e-03
-2.63121934e-03
 1.31245148e-03
 3.23572389e-03
 1.56963590e-03
-1.42735305e-03
-3.61745160e-03
-2.54849136e-03
 3.33970953e-04
 1.63137568e-03
 2.97042098e-03
 3.75622683e-03
 3.57582372e-03
 3.27852981e-03
 2.20804695e-03
 2.15755477e-03
 2.12880108e-03
 2.39349987e-03
 3.16164596e-03
 3.16354684e-03
 3.35658518e-03
 2.65063936e-03
 1.04104035e-03
-9.82746265e-04
-3.26820595e-03
-3.16451801e-03
-8.37183170e-05
 3.09168530e-03
 2.82044977e-03
-1.28709227e-03
-3.63364660e-03
 2.74435462e-04
 2.78454962e-03
-1.05183065e-03
-2.68902835e-03
 2.06305260e-03
 1.51489788e-03
-4.00006819e-03
 1.97871086e-03
 6.57097881e-05
-2.75088817e-03
 2.93168023e-03
-1.92118877e-03
 8.47468999e-04
 7.54333966e-04
-2.40963014e-03
 7.23575613e-04
-5.21190428e-04
 2.24225672e-04
 3.49575837e-04
-6.41226670e-04
 3.62676534e-04
-9.38552933e-05
 3.27490109e-04
 4.27531158e-05
-7.43164861e-05
 4.98061235e-04
 1.37674734e-04
 4.34969317e-03
-2.67052717e-03
-2.71822442e-03
 7.20530027e-03
-2.39223282e-03
-5.69838907e-03
 4.58878404e-03
 3.75471749e-03
-5.31424240e-03
-5.95981504e-03
 2.40557243e-03
 6.51590756e-03
 1.55196175e-03
-4.92229641e-03
-6.99500182e-03
-3.99586417e-03
 7.56717877e-04
 4.97073003e-03
 6.83608866e-03
 5.99179881e-03
 5.28184239e-03
 4.66360136e-03
 3.16328423e-03
 2.71569088e-03
 3.68695121e-03
 4.00754585e-03
 5.09745134e-03
 6.44945065e-03
 6.66308318e-03
 5.57054192e-03
 2.92504837e-03
-1.10813816e-03
-5.89881795e-03
-6.58146851e-03
-1.71126678e-03
 4.71082676e-03
 5.47940484e-03
-7.25110947e-04
-6.20602484e-03
-8.22135901e-04
 6.40529616e-03
-5.18992860e-04
-6.03111128e-03
 3.21148485e-03
 4.79367460e-03
-6.38411041e-03
 2.81020403e-03
 2.04419725e-03
-5.81560306e-03
 5.72017689e-03
-2.22960283e-03
-7.53473040e-04
 2.61282987e-03
-4.27545640e-03
-4.24586380e-05
-3.71321512e-04
 2.25647910e-04
-2.73866544e-04
-4.07007704e-04
 6.40875945e-04
-2.95599174e-04
-1.76945662e-05
-3.50467935e-04
-3.51880400e-04
 1.85996792e-04
-4.38143108e-04
-1.26220403e-04
 2.99482689e-04
 4.05251282e-06
 9.25809043e-04
 4.71846317e-04
-6.20799270e-04
 2.31296193e-04
 5.84634403e-05
-2.30670136e-04
 8.16992253e-05
-5.85228163e-04
