-3.35463962e-05
-7.15462659e-05
-2.80329571e-04
-5.59824219e-04
-1.03626134e-04
 7.04230895e-04
 4.19840190e-04
-3.58019312e-05
 3.61254139e-06
-4.22777488e-04
-4.56918414e-04
 2.94266966e-04
 1.66378195e-04
-7.96273158e-04
 7.35458442e-06
 2.75071071e-04
-9.07000876e-05
 1.18136896e-04
 2.98201386e-05
-4.31585400e-04
-6.52296389e-04
 6.05846050e-04
 9.03677624e-04
-8.27044211e-04
 1.23126148e-03
 1.41393757e-04
-9.50691290e-04
 1.50880489e-03
-1.15100520e-03
 2.12454663e-03
-4.37333225e-03
 5.74563068e-03
-7.10097953e-03
 1.15464298e-02
 4.28741469e-02
-4.58012003e-02
-9.62180043e-03
 6.06057038e-02
-2.91609861e-02
-4.50486550e-02
 3.86639825e-02
 4.87933391e-02
-2.89590519e-02
-5.87997971e-02
-4.54089761e-03
 5.23162621e-02
 5.29359480e-02
 3.95793315e-03
-4.46558658e-02
-6.18097260e-02
-5.13834992e-02
-2.56532918e-02
 3.04744650e-03
 2.59060190e-02
 3.99690731e-02
 4.54631140e-02
 4.66699568e-02
 4.61482070e-02
 4.35745028e-02
 3.43470590e-02
 1.48205940e-02
-1.21548348e-02
-4.02932329e-02
-5.89888023e-02
-5.62852067e-02
-2.15966947e-02
 3.35093592e-02
 6.04477991e-02
 2.64763397e-02
-3.90184512e-02
-5.68544123e-02
 1.41452919e-02
 6.07239313e-02
-9.90947620e-03
-5.37965164e-02
 2.39957824e-02
 4.49499823e-02
-5.60719331e-02
 3.47020461e-03
 4.55164088e-02
-5.70689373e-02
 3.50493118e-02
-8.50549301e-04
-2.62312200e-02
 3.71615478e-02
-3.41246307e-02
 2.58982145e-02
 1.66810104e-02
-8.46039923e-03
 5.33319801e-03
-4.98307288e-03
 5.30579649e-03
-5.72432365e-03
 4.64977830e-03
-7.36616901e-04
 2.77971067e-03
-6.98025875e-03
 9.15102304e-03
-1.30967414e-02
 3.72210636e-02
 7.86575842e-02
-1.00127140e-01
-2.27865843e-03
 1.15973678e-01
-7.30956250e-02
-7.80054806e-02
 8.92121523e-02
 8.35053216e-02
-7.59265669e-02
-1.11910402e-01
 1.07053982e-02
 1.11818696e-01
 9.27648018e-02
-1.39554974e-02
-1.03909422e-01
-1.22324582e-01
-8.67611920e-02
-2.89215503e-02
 2.94596903e-02
 7.46365058e-02
 9.85109693e-02
 1.06647402e-01
 1.08143789e-01
 1.07120937e-01
 1.03867248e-01
 9.02897818e-02
 5.65058489e-02
 2.72068585e-03
-5.80166653e-02
-1.07834599e-01
-1.22734710e-01
-7.04490949e-02
 3.89352799e-02
 1.16691632e-01
 7.73261849e-02
-5.28264971e-02
-1.21793880e-01
-4.78434287e-03
 1.21537211e-01
 1.20639262e-02
-1.11549384e-01
 1.82667383e-02
 1.07597295e-01
-9.10250227e-02
-2.76801068e-02
 1.09673793e-01
-1.06180619e-01
 4.42776721e-02
 2.68909346e-02
-7.12976372e-02
 7.77877547e-02
-5.97506586e-02
 3.34649485e-02
 4.42481022e-02
-2.24636770e-02
 1.78949116e-02
-1.42822715e-02
 1.01334052e-02
-5.07059242e-03
 9.53276614e-04
 2.04097086e-03
-2.72133324e-03
 2.42941166e-03
-2.08473828e-03
-1.77329781e-04
 6.32637378e-05
-6.22840817e-04
 6.94503836e-05
-1.90774141e-05
 1.61094377e-06
 5.18834107e-04
 7.24662887e-05
-6.60476912e-05
-1.20637048e-04
 7.50980595e-05
-2.01869059e-04
-1.58973586e-04
 3.12468495e-04
 4.12210719e-05
 1.74410606e-05
 1.33137129e-04
 1.44053279e-04
-1.13526020e-05
-3.57025559e-04
 7.00011645e-04
 7.59361459e-05
-5.55012802e-04
 4.04356325e-04
-3.31550811e-04
 2.33807837e-04
-3.31749230e-05
-2.13410275e-04
 7.45009026e-04
 3.60437714e-04
 3.88020294e-04
 6.57673057e-05
-3.62100320e-04
-6.48969675e-05
-1.01791491e-04
-5.42740209e-04
-1.09484892e-04
 2.05043039e-04
 3.23030358e-05
 4.62285269e-05
-1.63856233e-04
-2.81020310e-05
 2.54767777e-04
 7.42359315e-05
-2.11418803e-04
-3.38368239e-04
-2.67729067e-04
-1.48480000e-04
-1.44887123e-04
-9.16724545e-05
-8.52830623e-05
-4.27086092e-04
-1.39535230e-05
 5.63666652e-04
 1.59477153e-04
 4.89907897e-05
-1.17492299e-04
-3.33265561e-04
 3.91545628e-04
 2.92038606e-04
-4.69893507e-04
-3.21542267e-04
 2.81480768e-05
 2.81407817e-04
 1.71317672e-04
-3.26398225e-04
 1.06510259e-04
 2.82684511e-04
-8.15328108e-05
 2.02850217e-04
-3.51713494e-04
 4.57952765e-05
 6.34367867e-04
-4.65767656e-04
-4.88243615e-04
-2.28481056e-04
 7.90744262e-05
 1.01066143e-03
 2.85945932e-04
-1.56757854e-04
-4.18472997e-05
-2.61216828e-04
 9.76703312e-05
-4.07701404e-04
-3.94943139e-04
-1.61186035e-04
-2.19936739e-04
-5.94879819e-05
-8.32213669e-05
-9.72675561e-05
 3.57689976e-05
 1.20516750e-04
-4.12079082e-04
-6.18177360e-04
-2.97362279e-04
-7.74354099e-05
-2.27970033e-04
-4.23581062e-04
-1.36942950e-04
 3.43154242e-04
 3.18775694e-04
-6.34970263e-05
 2.20051657e-04
 2.44400233e-05
-5.60742324e-04
-5.13311991e-06
 7.72099271e-05
-2.92002274e-06
 7.90116977e-05
-2.29404699e-04
 2.09226880e-05
 2.06258317e-04
 1.50611772e-04
-7.05230838e-05
-4.35747482e-05
 4.33111297e-04
 3.77722728e-04
 4.29273369e-04
 2.66078609e-04
 8.87363075e-05
 2.89447018e-04
 1.62280304e-04
 9.26085195e-05
 3.63002542e-04
 3.32786835e-04
-1.97101681e-04
 7.34287974e-05
 5.09070876e-04
 2.85822079e-04
-3.70576485e-04
 7.26292783e-05
 7.87682819e-04
 3.35318706e-05
 8.71612801e-05
 5.46628837e-05
-1.39143405e-04
 3.09114656e-04
 2.14194286e-04
-7.83275783e-05
-1.14665955e-04
 2.37241418e-04
 5.93870991e-06
-2.44724665e-04
 2.99695499e-05
-3.53820986e-04
 4.93782796e-06
 9.58888782e-05
 3.30296859e-04
 1.95782860e-04
-7.43746228e-04
 3.81446501e-04
 2.63753354e-04
-6.85834663e-05
 4.87119432e-04
 1.32091553e-04
-4.28889390e-05
-4.15650024e-04
 7.27893017e-05
 4.55517643e-04
 1.04889063e-04
 4.15292470e-04
 1.37309317e-04
 6.95157637e-06
-9.11267068e-05
 2.60261540e-05
-3.34114392e-04
-7.11236541e-04
 3.77949466e-04
-2.92272239e-04
-3.83989995e-04
 6.50060320e-04
-3.51862023e-04
-4.42238236e-04
 1.86443815e-04
-6.23859228e-06
-1.15395037e-04
-3.67732743e-04
 8.22741431e-06
 1.15868458e-04
 6.48927337e-05
-2.21675518e-04
-3.09353073e-04
