-5.52255156e-05
 2.69964623e-05
 1.47239907e-04
-3.03058416e-04
-4.20481903e-05
 1.29839917e-04
-4.59748939e-04
-1.91781811e-04
 1.76999622e-04
-3.34731286e-04
 8.04161151e-05
-2.16163546e-05
-4.18133436e-04
 2.89757596e-04
-1.49772305e-04
 9.54229278e-05
-4.03827490e-05
-4.92523033e-04
 5.14455477e-04
 2.69336082e-04
 1.59515242e-04
 6.11975211e-04
 4.98203148e-04
-2.39398850e-05
-2.60226035e-04
 9.33983043e-05
-2.46594073e-04
-4.54387772e-05
-3.18919966e-05
-3.56436296e-04
-1.62938631e-04
-7.34077566e-05
 1.04937997e-04
 1.28571781e-04
-6.71713202e-05
 2.51209236e-05
 1.82886188e-04
-3.82200550e-04
-3.26052414e-04
-3.53834163e-04
-8.71148623e-04
 5.85919813e-05
-4.91780042e-04
 1.30391997e-03
 2.85601989e-03
-2.33544989e-03
-5.75109774e-04
 3.13678328e-03
-1.57605062e-03
-2.64592731e-03
 1.77788823e-03
 2.73451438e-03
-1.69147759e-03
-3.46216360e-03
-1.84667470e-05
 2.85550591e-03
 3.63739574e-03
 5.97881283e-04
-2.65891452e-03
-3.22459872e-03
-2.85627701e-03
-9.76709837e-04
-3.41569261e-04
 1.32378863e-03
 3.03697987e-03
 2.74669576e-03
 2.63072757e-03
 2.59210948e-03
 2.77965257e-03
 2.00653159e-03
 5.71250029e-04
-7.03388722e-04
-2.23623909e-03
-3.58091571e-03
-2.66703195e-03
-1.04492673e-03
 1.47301650e-03
 3.85608318e-03
 1.90492670e-03
-1.81849193e-03
-2.99622348e-03
 1.09744134e-03
 3.96321707e-03
-3.39804523e-04
-2.82786801e-03
 1.24894466e-03
 2.59831666e-03
-3.08504173e-03
-4.37505491e-04
 2.27241075e-03
-3.25498640e-03
 1.72963555e-03
 2.26794072e-04
-9.78116711e-04
 1.53235966e-03
-1.63739398e-03
 1.19492339e-03
-2.21124857e-04
 4.21118172e-04
 8.55727794e-04
-6.08721970e-04
 3.58697462e-04
 1.29530962e-04
 1.07986446e-04
-7.97245867e-05
 2.53046873e-04
-5.32212910e-04
-7.64760720e-05
 1.23878006e-04
 3.21367335e-03
 3.79931328e-03
-5.25103536e-03
 4.25314697e-05
 6.56004138e-03
-3.71555702e-03
-4.03449786e-03
 4.91276325e-03
 4.41374589e-03
-4.89823053e-03
-6.70404138e-03
 4.27046847e-04
 5.56768297e-03
 5.14599377e-03
-5.27589615e-04
-5.72523412e-03
-6.97881501e-03
-4.49963796e-03
-1.38300270e-03
 1.50313654e-03
 4.28262346e-03
 5.32459964e-03
 6.07497884e-03
 5.99544867e-03
 5.77587130e-03
 5.93624502e-03
 4.88394810e-03
 3.03348314e-03
 1.08470713e-04
-2.76506237e-03
-5.88253055e-03
-7.58815738e-03
-4.43218830e-03
 2.58373269e-03
 7.13008730e-03
 4.62965297e-03
-2.97836896e-03
-6.89755223e-03
 9.57659007e-05
 6.95360121e-03
 6.36028510e-04
-6.31194618e-03
 1.24471977e-03
 6.23408560e-03
-5.37909750e-03
-1.05177931e-03
 6.68910960e-03
-6.03941662e-03
 2.60460161e-03
 1.57437159e-03
-2.99082553e-03
 3.67338514e-03
-2.80061773e-03
 1.81505545e-04
-2.54324256e-03
-1.61994175e-03
 5.70613947e-04
-1.01516850e-03
 3.99399629e-04
-7.07318106e-04
 6.00536316e-04
-6.78332998e-05
 1.61047671e-04
 4.11728883e-04
-8.92290192e-06
-3.35583954e-04
 1.03203554e-04
 2.54102254e-04
-3.69152088e-04
 2.33336633e-04
 5.04730838e-04
 4.58440629e-04
-5.56925586e-06
 8.68457269e-05
 3.32400648e-04
-9.29241656e-05
-1.84899075e-04
 2.15213412e-06
 2.15161292e-04
-3.39552614e-04
-2.27921067e-04
 3.32428275e-04
 1.22091394e-04
 1.33982021e-04
-4.69338972e-04
-6.99727887e-04
 3.24988107e-04
 7.28198497e-04
 4.62777302e-04
 1.31182547e-04
-2.21647368e-05
-1.80577318e-04
-1.58653543e-04
-1.47783941e-04
-2.63901663e-04
 1.24081752e-04
-1.34565167e-04
-5.44426985e-04
-1.39418973e-04
-1.26135300e-05
 6.58152929e-05
-5.09906086e-05
-5.71728222e-04
-2.74320273e-04
 2.15033210e-04
 4.17211540e-04
 6.28221883e-04
 1.75222534e-04
 4.69745911e-05
 2.45468802e-04
-2.00093392e-04
 3.21447686e-04
 3.03392595e-04
-3.73984612e-04
 5.22212004e-05
-1.27968237e-04
 1.30380569e-04
 6.35138471e-04
 3.37444210e-04
 2.18402559e-04
 2.22316239e-04
-8.70046405e-05
-1.49771271e-04
 4.98734367e-05
 4.90916693e-05
-2.22153281e-04
-2.66542633e-04
 1.61361121e-04
-3.57508003e-05
 3.54519856e-04
-9.47126143e-05
-6.17681373e-04
 2.29374507e-04
-2.66662813e-04
-1.74344603e-04
 5.99771397e-07
-4.07011648e-04
 2.37330781e-04
 4.28148756e-04
 1.48521189e-04
 2.03820853e-04
 5.50146773e-05
-1.80793539e-05
-1.57436332e-04
 3.68583192e-04
 9.64643416e-04
 3.96473350e-04
 6.50521031e-04
 4.21466138e-04
 1.59975407e-04
 1.20980039e-04
-3.60940880e-04
 1.21064248e-04
 1.81276760e-04
-1.29918664e-04
-2.81534180e-04
-3.41380049e-04
-3.21311285e-05
-8.81074893e-05
-1.96707367e-04
-8.53786686e-05
-4.10217926e-04
-1.52239263e-04
-1.60555948e-04
 6.17180114e-04
 6.62870372e-04
-5.70987781e-04
 3.86705980e-04
 1.90241461e-04
-5.86088440e-04
-3.35225863e-04
 1.22653200e-05
-2.13060058e-04
-4.44281765e-04
 1.85717081e-04
 1.84200537e-04
 2.57534745e-04
 1.15770145e-04
 1.14870771e-04
 1.40650986e-04
-1.99175542e-04
 1.38920961e-04
 1.12567894e-04
 2.12631765e-04
 7.62608915e-05
-1.74302406e-04
 1.42928251e-04
 4.27927442e-04
 1.57328790e-04
-3.22504680e-04
-3.60820310e-04
-3.58755412e-04
-2.18566566e-04
 7.22454992e-05
-2.00913385e-04
-2.00207480e-04
 1.78657793e-04
-4.39018837e-04
-1.16063293e-04
 1.25024710e-04
 1.58046146e-04
 1.57314902e-04
-1.03676030e-04
 2.06822541e-04
-1.46801791e-04
 4.73536571e-05
 5.18349287e-05
-9.95484228e-05
-4.04984919e-05
-2.99792294e-05
 1.91260551e-04
-1.36234351e-04
-1.92164375e-04
-4.52640948e-05
-2.44223499e-04
 1.58128332e-05
 2.70938245e-04
 4.99587728e-05
-1.41506486e-04
-2.58408476e-04
 2.35493946e-04
-1.08269974e-04
 1.52506143e-04
 6.20206028e-04
 4.17130181e-05
 1.55888402e-04
-5.49865367e-04
-2.98120770e-04
 1.75691941e-04
-2.76162878e-04
-1.70336290e-04
 2.34748251e-04
 1.74871912e-04
-2.24654895e-04
-1.62908899e-04
-1.51075982e-04
-3.60487424e-04
