-8.59783507e-05
 9.07465423e-05
 9.71285804e-06
-6.21029930e-04
-7.48855395e-04
-5.48527400e-05
 2.83619005e-04
 6.73603111e-05
 1.38347015e-04
 3.21074838e-04
 1.90334054e-04
-3.29260242e-04
 2.62506832e-04
 1.98998307e-04
-8.73558932e-04
-7.79566300e-04
-3.24311492e-04
 1.09262364e-05
 7.39655549e-06
 2.72283719e-04
 1.57679372e-04
-2.59510006e-04
-4.74316159e-04
-5.67333255e-04
 9.68227395e-05
 7.76048909e-05
 2.87060397e-04
 3.99301378e-04
-4.38481510e-04
-3.34699127e-04
 8.09944765e-05
 1.34305362e-04
-4.23769525e-04
-3.77930032e-04
 1.55666133e-04
 1.24076070e-04
-1.49420433e-04
-5.73642952e-04
-4.04079481e-04
-3.79184995e-04
 5.29970709e-05
-2.76690344e-04
-4.34559123e-04
 4.60821446e-05
-2.78668701e-04
 2.00579841e-04
 2.19224936e-04
 8.28886514e-05
 1.61603559e-04
-1.12906210e-04
-6.02207133e-04
 2.93623096e-04
-1.56926356e-03
-2.92378179e-03
-2.67316792e-04
-1.36567863e-04
 2.10318817e-04
-1.23947214e-04
-8.14374413e-04
 1.70353865e-05
-1.52761181e-04
-2.66084820e-04
 2.31647877e-04
 3.47368696e-04
-2.69882769e-05
-1.07395352e-04
 2.85841247e-04
-7.76489713e-05
-2.37882910e-04
-2.40133144e-04
 1.46729623e-05
 1.35732648e-04
-3.61488751e-05
 6.60440499e-04
-1.47388938e-04
-5.54417574e-04
-1.68459668e-04
 1.30087767e-04
-1.69860670e-04
-8.76025582e-04
-1.42434738e-04
-3.70199654e-04
-6.35221190e-04
-2.90908246e-04
-5.38788920e-04
-3.24003498e-04
 1.96591856e-04
 6.57168642e-05
-1.80095677e-04
 4.64085296e-04
 2.15833120e-04
-2.87203962e-04
-3.20568590e-05
 1.02970498e-04
 3.56321432e-04
 5.17610058e-04
-2.59380014e-04
-1.11595303e-03
 2.63783443e-04
-2.06398467e-05
-6.50971108e-04
 3.00420898e-04
 1.59565447e-04
 1.69541744e-04
-9.15306896e-04
 9.45905177e-04
-2.93553090e-03
-5.04537683e-03
 2.64530555e-04
-3.43900888e-04
-7.07241369e-05
 5.42486617e-04
-7.37165232e-05
-5.57346430e-05
 1.61520236e-04
-4.22879403e-04
 7.52195712e-04
-9.63033743e-04
 3.47804996e-03
 6.16403177e-03
-8.01287564e-04
 1.08080231e-04
 6.07702951e-05
 5.91030782e-04
 5.72616482e-04
-2.07951712e-04
 9.23795043e-04
-2.77368742e-04
 5.13196563e-05
 3.45772700e-04
 9.97925983e-05
 2.97257726e-04
 1.51361715e-04
 4.41036600e-04
 5.44245987e-04
-3.42412791e-04
-2.82419210e-04
-5.01140047e-05
-2.49797685e-04
-1.25520877e-04
-4.21158902e-04
-1.59565373e-04
-1.44640540e-04
 1.21602636e-04
-4.29116485e-04
-8.62928119e-04
 7.15523468e-04
 1.43552129e-04
 4.64994128e-05
 2.68917901e-04
-1.64251612e-05
 3.25918943e-04
 2.44996972e-04
 3.36185079e-04
-2.78829670e-04
-5.37119390e-04
 7.45821353e-05
-8.75078406e-05
-1.54080360e-04
-8.26598495e-05
-1.78131592e-04
-9.74349631e-05
-5.54631277e-04
-3.34165010e-04
-5.99789633e-04
-1.85002757e-04
-4.31220570e-04
-2.41018785e-04
-3.29728249e-04
-1.13787961e-03
 1.15614442e-03
-2.35405936e-03
 5.39748616e-03
 8.43206113e-03
-1.98861889e-03
 1.41219029e-04
-1.26106688e-04
-1.54347205e-04
-2.40305011e-04
-6.75109712e-04
 2.58145840e-04
-7.01598701e-04
 1.38415238e-04
-1.22577719e-04
 1.24945614e-04
-3.38545194e-04
-7.40333195e-04
 2.84022371e-04
 6.45798903e-04
 2.28758355e-04
 3.12710330e-04
 3.79529757e-04
-5.00953983e-04
-3.37678629e-04
 4.58653473e-04
-9.27063663e-05
 1.19390412e-04
 1.29882059e-04
-5.39202657e-04
 1.63258003e-04
-2.99887416e-04
-5.83183031e-04
 9.59643545e-05
 3.37570326e-05
 6.95892485e-05
 1.32800438e-04
-6.84835252e-05
 4.22120082e-04
 2.99780097e-04
 7.09720232e-05
 4.82744264e-04
 2.18044050e-04
 3.17312185e-04
 5.51796832e-05
-6.55794245e-05
-7.28437971e-05
-2.81748820e-04
-2.33677932e-04
 2.32796688e-04
 1.03755839e-03
 9.31854540e-04
 1.41680158e-04
-1.11649333e-04
-7.75065485e-05
 8.20722861e-05
 4.61971778e-05
-1.91702550e-04
-1.00262710e-04
-3.32751240e-04
-1.31347317e-04
-3.10639198e-04
-2.19527142e-04
 4.26134591e-04
 2.43056008e-05
 5.53503574e-04
 6.61238787e-04
-1.42170049e-04
 1.39959833e-05
-3.16921372e-04
-2.92826723e-04
 2.22775426e-04
 1.60808636e-04
 4.20025227e-04
 2.17807677e-04
-1.10436714e-04
-2.46936141e-04
-4.34359812e-04
-3.32297472e-04
-1.89009683e-04
 2.09371834e-04
 1.55914630e-04
 5.05062826e-04
 8.11648432e-04
-2.13358994e-04
-2.01230079e-04
 1.07367748e-04
-3.03088842e-04
-3.73362646e-04
-2.54301641e-05
 1.18476113e-04
-6.04998281e-04
-2.11729890e-04
-1.79922083e-04
-6.64931927e-04
-9.95229776e-06
-7.22455024e-05
 2.09822201e-04
-1.56132879e-05
-1.59957154e-04
 2.89360555e-04
 1.48199764e-04
 3.14959019e-05
-8.48036111e-05
 4.94037903e-04
 5.78671163e-05
-3.11743122e-05
-2.42152782e-05
-6.97056047e-05
 4.62841345e-05
-1.41831616e-04
 3.55954823e-04
-1.21720278e-04
 4.42973313e-04
 2.84904612e-04
-3.70806477e-04
-2.44234445e-04
 5.10224066e-05
 2.49305132e-04
-3.71607090e-04
-9.46640075e-05
 5.31991708e-05
 4.87542258e-04
 8.27314261e-05
-9.86449216e-05
 7.08185838e-04
 3.48192115e-04
 1.48437336e-04
 3.35620043e-04
 4.04319299e-04
 4.58167967e-04
 1.56383047e-04
-2.94965777e-05
-1.39767200e-05
-1.58248882e-04
 4.98724325e-04
 2.61830134e-04
-3.51581065e-04
 8.22306229e-05
 5.83322754e-04
 4.08809242e-04
-4.29971242e-04
-1.66597598e-04
-4.71372325e-05
-3.31176187e-04
-1.04142137e-04
 3.10541729e-04
 1.88947291e-05
 2.25412281e-04
 4.26041695e-04
-2.68054038e-04
-2.87167645e-04
-3.51012291e-04
-2.30043250e-04
-1.61809140e-04
-6.37469439e-05
 1.71994049e-04
 5.02251560e-04
-1.61039204e-06
-1.87291641e-04
-3.43888031e-04
-7.39110281e-04
 7.01085495e-05
-9.54347616e-05
-2.48441675e-04
-1.59346751e-04
-6.84178248e-04
-2.23304171e-04
-3.78265736e-04
-3.03363555e-04
 8.94610003e-05
-3.39088527e-04
 2.54767241e-04
-4.25570896e-05
-2.55607762e-04
 1.19259719e-04
 2.79447443e-04
