-9.08372711e-05
-4.17283366e-06
 1.99087733e-04
-1.65882448e-04
 9.80220657e-05
 4.05978886e-04
 1.98424667e-04
-1.86276323e-04
-3.96248766e-04
 1.29922224e-05
-4.64233790e-05
 1.75352013e-04
 6.81007336e-04
 2.51775147e-05
-1.14034044e-04
-1.83270743e-05
 3.64240484e-05
 5.97682996e-04
-3.34543455e-04
-2.81600521e-04
 7.33759011e-04
 9.35850808e-05
-1.53697498e-04
 3.16131324e-05
 9.83844813e-05
 1.67572101e-04
-1.89220284e-04
-1.47685096e-04
 1.23625962e-04
-1.65983100e-04
 1.81316698e-04
 6.48036920e-04
 9.31406451e-05
 2.81089735e-04
 5.98429683e-04
-4.44083712e-04
-1.08968355e-04
 4.02800686e-04
 1.36413397e-04
 5.30448266e-04
 3.16684043e-04
 5.25537724e-05
-6.53899999e-05
-4.59815351e-05
 3.36361620e-04
 3.24562716e-04
 3.89783563e-04
 3.25323390e-04
 1.86996895e-04
 3.96837080e-05
-2.25408481e-04
-5.34346742e-04
-1.27239071e-04
 2.27035418e-04
-2.28556018e-04
 3.83007897e-04
 2.61017465e-04
-1.57229060e-04
 6.84734338e-06
-2.09583726e-05
 6.01757705e-05
-7.53229336e-05
-7.27913254e-04
 1.08601036e-04
 1.39012351e-03
-1.04061854e-03
 2.23032618e-03
-3.69457713e-04
 1.40399583e-03
-2.53141272e-03
 5.49813742e-04
 1.31645963e-03
-1.21703645e-03
 4.17699893e-02
-2.25398339e-02
-3.24042293e-02
 6.05703924e-02
-1.32886257e-02
-5.18659569e-02
 3.54056598e-02
 4.43160153e-02
-3.59378633e-02
-5.43781762e-02
 1.52314482e-02
 5.85375266e-02
 2.90700849e-02
-3.19338636e-02
-6.30144629e-02
-4.48710169e-02
-4.24738483e-03
 3.26539498e-02
 5.48272958e-02
 6.15825335e-02
 5.77979926e-02
 4.84293961e-02
 4.15343592e-02
 3.90007742e-02
 3.97376497e-02
 4.51299707e-02
 5.35579499e-02
 6.07736639e-02
 5.94536707e-02
 4.45545766e-02
 1.44548433e-02
-2.61321959e-02
-5.96202983e-02
-5.28412073e-02
 5.87564729e-04
 5.20019296e-02
 4.45997632e-02
-2.44561993e-02
-6.05090595e-02
 8.59317699e-03
 5.67471801e-02
-1.42709939e-02
-5.10589723e-02
 3.84346311e-02
 2.80146767e-02
-6.24209845e-02
 3.88996465e-02
 5.47635824e-03
-3.97087459e-02
 4.80282526e-02
-3.47639891e-02
 1.18949764e-02
 8.38727041e-03
-2.50065546e-02
 2.46670002e-02
-1.12766543e-02
 5.63666029e-03
 6.40515488e-04
-4.92483721e-03
 5.56357019e-03
-4.78397760e-03
 4.81376881e-03
-6.71564598e-03
 3.84081127e-03
 1.93327516e-03
-2.55558130e-03
 7.72260589e-02
-5.49080327e-02
-5.14214444e-02
 1.22009622e-01
-4.40963206e-02
-9.36925685e-02
 8.45513208e-02
 7.49030427e-02
-8.67093571e-02
-9.69320249e-02
 4.99099997e-02
 1.17111739e-01
 3.99004233e-02
-8.08292353e-02
-1.25393735e-01
-7.25991242e-02
 1.51873195e-02
 8.28779270e-02
 1.16648715e-01
 1.20154570e-01
 1.02490011e-01
 7.93246227e-02
 6.25819399e-02
 5.55573584e-02
 5.82025286e-02
 6.95761828e-02
 8.95194216e-02
 1.12379838e-01
 1.22259650e-01
 1.04894293e-01
 5.54709506e-02
-2.45239334e-02
-1.05214762e-01
-1.17914702e-01
-2.87600760e-02
 8.82713992e-02
 1.05992381e-01
-1.94747788e-02
-1.24259556e-01
-1.33075300e-02
 1.15406649e-01
 6.39797534e-04
-1.10819565e-01
 4.90506458e-02
 8.35255079e-02
-1.21310288e-01
 4.96985863e-02
 4.32890159e-02
-9.58131942e-02
 9.29771901e-02
-5.09702733e-02
 7.94706747e-04
 3.57322765e-02
-6.09738382e-02
 4.12309738e-02
-1.28564836e-02
 5.06344673e-03
 9.68682352e-04
-5.66101004e-03
 7.35775971e-03
-7.11465471e-03
 5.10051307e-03
-1.67487604e-03
 8.22775758e-04
 6.76693055e-04
-9.44172890e-05
 5.14505783e-04
 1.35528325e-04
-2.97894107e-05
-1.14355178e-04
-1.20591210e-05
-4.40911313e-05
-2.23759713e-04
 3.86704775e-05
 1.63928651e-04
-3.42877122e-05
 2.30509422e-04
 3.13788896e-04
-1.29053188e-04
 1.80812510e-04
-2.08095334e-04
-7.13755546e-04
-3.47359557e-04
-1.73289427e-04
 1.29651225e-04
-2.59687657e-05
-2.83583188e-04
 1.43224346e-04
 5.52713289e-04
-1.49823969e-05
-2.34920648e-04
 3.45468613e-04
-6.92851600e-06
 3.44700590e-04
 7.22651714e-05
-2.37497025e-04
 2.62722327e-04
-4.18279381e-04
-1.66069615e-04
-9.36642959e-05
-6.18430380e-04
 1.02911477e-04
-1.47531973e-04
-5.43524050e-04
-4.82610493e-04
-5.80000692e-04
 7.53439893e-04
 1.28324237e-04
-6.22644893e-04
-4.90897091e-05
-2.93466551e-05
 6.46556776e-04
 2.35447670e-04
-8.44327491e-05
 1.76078984e-04
 4.59473444e-05
-2.47112101e-04
-1.50775924e-04
 3.99462512e-04
-2.91805346e-05
-2.16326839e-04
-7.08335010e-05
-4.33283988e-05
 3.80365278e-04
 2.96397012e-04
-1.28532453e-04
-1.68921223e-04
 2.83744442e-04
 4.73746833e-04
-1.98649854e-04
-1.10832671e-04
 2.41730136e-04
-1.59185270e-04
-3.62073701e-04
 8.81442045e-05
 3.34352295e-04
-2.02079549e-04
-2.00372446e-04
-1.91175577e-04
 2.68420226e-04
 3.16124438e-04
-3.54675363e-04
 4.44130753e-04
-2.65372458e-05
-2.00189369e-04
 1.99828631e-04
-1.32823323e-04
 4.72343101e-04
 2.41967127e-04
 3.62293518e-06
-2.00701000e-04
-1.96485028e-04
 5.57519608e-04
 1.33844670e-04
-1.56535817e-04
 1.82244531e-04
-1.70326425e-04
-3.11561663e-04
-2.32461195e-04
 3.78652609e-04
 3.48766839e-04
-2.54162423e-04
 3.13336214e-04
 3.83366154e-04
 3.48642018e-05
 1.62557306e-04
-2.03599291e-04
-1.57937273e-04
 1.55200862e-04
-8.54340344e-05
-2.90285749e-04
-4.07662033e-04
 2.36948931e-05
 6.52786963e-05
 3.01880078e-04
 3.56787356e-04
 2.29337734e-04
 1.23686812e-04
-3.24513579e-04
-2.11129246e-04
-3.53755598e-05
-3.11505169e-04
-2.98705236e-04
-1.45588910e-04
-4.90006538e-04
 9.41361816e-05
 9.31470381e-05
-7.44294046e-05
-4.08117537e-04
-5.04893495e-04
 2.98157484e-04
 8.47029082e-05
-3.40179153e-04
-2.75005088e-04
-1.07962844e-04
-4.26506091e-04
-2.86683441e-04
 2.90500153e-04
 2.87145716e-04
-2.79055465e-04
-4.23896971e-04
 6.23723657e-05
 2.46779953e-04
 1.12336604e-04
-4.84718644e-04
-4.21334006e-04
 2.74558692e-04
