 5.70808254e-05
 1.85022152e-05
 2.57001459e-04
 2.37208156e-04
 1.18749822e-04
-1.63999814e-04
-8.13781528e-05
-1.85453738e-04
 3.09553113e-04
 6.11818068e-04
-7.27109342e-04
-1.48571197e-04
 3.06883063e-04
-1.69577047e-04
 7.91116516e-05
 1.82603029e-04
 3.70815527e-04
 2.55291469e-04
-2.03275437e-05
-9.36969338e-05
-2.22409143e-05
 9.20798402e-05
-4.04520559e-04
-1.43232705e-04
 2.30771890e-04
 5.14120570e-04
 1.81983107e-04
-2.05829733e-04
 4.50720189e-04
-6.89648242e-05
 4.79483058e-04
 5.18599643e-04
-3.35559161e-04
-2.75945515e-04
 1.03534406e-04
 4.70138558e-04
-1.59410168e-04
-3.71744378e-04
-2.08614910e-04
-2.44618551e-04
-3.65990663e-04
-2.36122761e-05
 2.43162888e-04
 5.87920704e-05
 6.94760062e-05
 1.23860049e-04
 1.27156466e-04
-9.67771687e-05
-1.27848559e-05
 3.24417039e-04
 2.79460903e-04
-2.43732520e-04
-2.59315654e-04
-3.01425037e-04
-9.73389446e-05
 1.08029860e-04
-4.32841406e-04
-7.68758872e-05
-1.02933004e-04
-7.79042792e-05
 2.20499817e-04
-1.13447847e-04
 2.82930099e-04
 5.83137907e-05
-4.47334265e-04
-1.27068323e-04
 1.63193435e-04
 2.90538457e-04
 1.09964860e-04
 1.36709012e-04
-2.08557717e-05
 3.53643168e-05
-2.56935043e-04
-2.99580657e-04
-9.56963029e-05
-3.77081530e-04
 3.90632061e-04
-1.17545858e-04
-6.53149821e-04
-1.17592291e-04
-9.21351022e-05
 3.85642987e-04
 2.86436315e-04
-4.42412173e-04
-3.52481520e-04
 6.44918440e-06
 4.09161703e-06
-1.98953730e-04
-6.80579423e-04
-6.41086755e-04
-1.47500632e-05
 4.56027653e-04
 6.83685789e-05
-3.17086290e-04
 5.47878829e-04
 6.84000755e-04
 4.41981808e-04
 5.88230730e-04
 2.12893777e-04
-3.44453501e-04
-6.62770366e-05
 8.07646651e-04
-1.63913278e-04
-4.74846067e-04
 3.30817584e-04
-1.07061194e-05
-3.54977213e-04
-3.06117126e-04
-5.03745305e-04
-6.10616818e-04
-1.53098450e-04
-2.56218169e-04
 2.52529331e-04
 8.29296879e-05
-1.45818378e-04
 8.16567478e-06
-4.87315269e-04
 2.65149852e-04
-6.32108312e-07
-3.29042047e-04
-1.69277529e-04
-4.82807610e-04
 3.87704753e-04
 1.75520667e-04
-3.24790310e-04
 7.84480528e-05
-7.59592528e-05
 2.26154819e-04
 8.48153954e-05
-4.29167249e-04
-2.78521146e-04
-2.47119572e-04
-3.67533524e-04
 7.69522867e-05
 1.52955969e-04
 2.19979455e-04
 1.43630453e-04
-3.04012314e-04
-1.54823302e-06
 5.88477283e-05
 1.65163972e-04
 4.72339704e-04
 6.67743690e-04
-1.95637715e-04
-1.66329432e-04
 2.07137221e-04
-1.87073749e-04
-3.91793362e-04
-3.40294157e-04
-1.04197096e-04
-2.70007899e-04
 7.96454235e-05
-1.42896562e-04
 7.50104745e-05
 3.68988233e-04
 2.91282095e-04
 8.09110911e-05
-1.92732243e-04
-2.92445294e-04
-3.47489863e-04
 5.12071765e-05
 7.17498395e-05
-3.42105844e-04
-4.82595710e-04
-6.56136142e-05
-1.56486456e-04
-8.91625788e-05
 1.01942093e-04
 7.47548820e-05
 2.16137368e-04
-4.94395118e-05
 5.67619430e-05
 8.02294660e-05
 5.65386186e-05
 3.42445675e-04
 4.61743969e-05
 1.34231363e-04
 1.97496786e-04
 2.03437658e-04
 2.71646111e-04
 2.61131945e-04
 3.48711238e-04
 7.70800239e-05
 3.30867182e-04
 1.21107710e-04
-3.82017654e-04
-6.43958519e-05
 8.98671168e-05
 3.09778393e-04
 2.72453999e-06
 1.78602574e-04
 2.06551043e-04
-5.21717138e-04
-4.03462996e-04
-6.09873690e-05
 4.74932607e-04
-2.04151922e-04
-4.68891787e-04
-3.33671229e-04
 4.10986345e-04
 4.35558251e-04
-4.40198619e-04
 5.82285168e-04
-1.09017448e-06
-7.41260210e-04
-2.87237430e-04
 3.97890055e-04
 6.33200248e-04
-9.55509236e-05
-2.50530523e-04
 2.19985009e-04
-1.64874857e-04
-2.70956925e-04
 1.91635724e-03
-1.73318447e-03
-1.91207385e-03
 3.56195452e-03
-5.07025361e-04
-2.19870014e-03
 1.91759096e-03
 2.47136740e-03
-1.91587681e-03
-3.57745067e-03
 8.13592490e-04
 2.92375861e-03
 1.82517599e-03
-1.40350360e-03
-3.47774526e-03
-2.13857959e-03
-3.08177624e-05
 1.81845116e-03
 2.97744195e-03
 3.09953656e-03
 2.80139464e-03
 2.86773619e-03
 2.41584289e-03
 1.86451919e-03
 2.22534594e-03
 2.83045499e-03
 3.03270060e-03
 3.22364656e-03
 3.45341151e-03
 2.54285683e-03
 5.64014361e-04
-1.82914623e-03
-3.65280362e-03
-3.02809070e-03
 7.91519124e-05
 3.05386925e-03
 2.43627341e-03
-1.64486938e-03
-3.42828563e-03
 1.79081484e-04
 3.28542914e-03
-2.29777438e-04
-2.79650260e-03
 2.36436910e-03
 1.41852638e-03
-3.27126029e-03
 2.70008103e-03
 7.91924428e-06
-2.38596505e-03
 2.30850218e-03
-2.27623556e-03
 1.08585488e-03
 3.53272889e-04
-6.33849610e-04
 3.06851568e-03
-6.24925534e-04
 2.54621272e-04
 8.43552312e-04
-2.33166039e-05
 3.72495033e-04
-2.56900390e-05
 1.37985685e-04
-2.59555171e-04
-3.35080134e-05
 7.83610405e-04
-1.80782913e-03
 5.82191692e-04
-3.19185512e-03
-2.98934241e-03
 6.60642736e-03
-2.75723812e-03
-5.53705318e-03
 4.80431054e-03
 3.76158251e-03
-4.14669393e-03
-5.18711432e-03
 2.64334267e-03
 6.92463581e-03
 2.20874343e-03
-4.87193463e-03
-7.66232652e-03
-4.43308895e-03
 8.28808435e-04
 4.13142827e-03
 7.02663967e-03
 7.49843463e-03
 5.24740635e-03
 4.05153446e-03
 3.65943112e-03
 3.18456821e-03
 2.82940994e-03
 3.47170447e-03
 4.61683275e-03
 5.88885281e-03
 6.64282464e-03
 6.24358780e-03
 3.69251462e-03
-9.63084689e-04
-5.85350667e-03
-6.65781191e-03
-1.96476723e-03
 3.97988356e-03
 5.58621618e-03
-1.12197778e-03
-6.81444764e-03
-5.89215849e-04
 6.19243387e-03
-4.71281649e-04
-6.34043781e-03
 2.68178933e-03
 4.64519588e-03
-7.09116498e-03
 2.36426123e-03
 2.26368383e-03
-5.64653870e-03
 5.27510681e-03
-2.89346698e-03
 9.18793325e-04
 1.00496736e-03
-9.09328010e-04
 7.17098824e-03
-1.58573122e-03
 1.44455176e-04
 6.53192661e-04
 2.19389779e-04
 9.23066841e-04
-3.80093915e-04
 4.38375505e-04
-2.05095725e-04
 3.54739468e-04
-1.47892370e-04
-6.25863670e-05
 8.88276402e-05
