 5.45082990e-06
 8.53739576e-05
-5.41280396e-05
 2.33904911e-04
 2.46172024e-04
-3.25454127e-04
-8.66384065e-05
-2.72021039e-04
-3.30247266e-04
 5.91496148e-06
 1.21459908e-04
 3.87821389e-05
-2.31676851e-04
 1.59191117e-04
-1.05704536e-04
 1.55834336e-04
 2.26547684e-04
-5.01746823e-04
-6.97593923e-06
-2.84152544e-04
-7.43485950e-04
-2.43607137e-04
-1.71181013e-04
 2.22849756e-04
 8.96989521e-05
-3.32789401e-04
 2.80619888e-04
 7.88377857e-04
 3.67872266e-04
 2.63773921e-04
 3.48030949e-04
 1.97939973e-04
 6.44613322e-04
-3.55957607e-04
-1.13733188e-04
 4.31487934e-04
-9.09453110e-04
-6.45655274e-05
 8.04450486e-05
-2.30638266e-04
 2.58719402e-04
-3.34874801e-04
-2.38084430e-04
 3.97757045e-05
-9.60701759e-05
-5.75397424e-04
-2.06674084e-04
 6.54537053e-04
-5.83964743e-05
-1.72659504e-04
-2.75517309e-04
-3.14640472e-04
 3.37247995e-04
-2.31391876e-04
-3.23921110e-04
-7.52461479e-05
-1.58512679e-04
 2.11397017e-05
-3.72760376e-04
-6.62437468e-04
-4.01868259e-04
 1.77867805e-04
 9.40570496e-05
-4.98593828e-04
-1.90580459e-05
 3.33887985e-04
-2.06832585e-04
-6.57898363e-06
-4.04982934e-06
-4.27988452e-04
-1.13151971e-04
-3.34823895e-04
-3.85967132e-04
 3.37604228e-05
 4.19392611e-05
-2.20686312e-04
-3.21657557e-04
-5.63051485e-04
-4.00038779e-04
 4.60014130e-05
 6.70182527e-05
 9.25904681e-05
 3.39622390e-04
 7.36030650e-05
 1.53101816e-04
 1.60376826e-04
-6.15738923e-04
 1.45197468e-04
 3.50154707e-04
 7.30005547e-05
 1.24829451e-04
-9.50905709e-05
 1.86627285e-04
 2.07653255e-04
 2.10925375e-04
-2.28469359e-05
-7.88942838e-05
-2.35961459e-04
-3.70635656e-04
-3.14567767e-05
-1.62687484e-05
 1.36149336e-04
-4.68149674e-04
 6.96673865e-06
 6.71117470e-04
-3.66838835e-04
 1.16791940e-04
 1.44003390e-04
-1.64653200e-04
 3.52636268e-04
-4.11660711e-05
-2.51328515e-04
 1.26064706e-04
-9.56588412e-05
-6.00631310e-04
 2.64770323e-05
 4.58765849e-04
 2.55305334e-05
-2.76678947e-05
 2.87861405e-04
 5.12327774e-05
-2.63876844e-04
 2.09506366e-04
 5.39273856e-05
 1.23547241e-04
 1.01518284e-04
-1.76670653e-04
 3.41759598e-04
-5.89593893e-05
 1.32774832e-04
-3.88686964e-05
-9.16393856e-05
 1.49265473e-04
-1.86252217e-04
 3.65262061e-05
-5.46927030e-04
 4.16450321e-06
 1.01977160e-04
-3.30255366e-04
-2.55675268e-04
-1.83873937e-04
 3.75946239e-04
 1.16810687e-04
 2.53875630e-04
 5.23978729e-04
 1.32527256e-04
-1.67334790e-04
 4.21578681e-04
 2.24112655e-04
-7.46809830e-04
-1.77685984e-04
 5.42996471e-04
 1.22590850e-04
 3.73320659e-04
 5.54417023e-04
 2.17008354e-04
 1.22651065e-04
-2.83348633e-04
-3.49775854e-05
 1.41100051e-04
 1.43233980e-04
 1.13675553e-04
-2.52390374e-04
 4.67101485e-04
 5.75912567e-04
-1.43758688e-04
 3.10973943e-04
 2.11889802e-04
 1.91153278e-04
-5.26463185e-04
 2.93846447e-04
 1.25237540e-04
-9.12910076e-04
 2.21746025e-03
-1.47562733e-03
-2.24115631e-03
 2.96686182e-03
-6.32791112e-04
-2.54991557e-03
 1.85630290e-03
 2.10406499e-03
-2.13702045e-03
-3.16682042e-03
 9.46584763e-04
 3.59608232e-03
 1.16780261e-03
-2.01783503e-03
-3.71143771e-03
-2.87622110e-03
-4.31106607e-04
 1.50980316e-03
 2.92599549e-03
 3.00618621e-03
 3.01560069e-03
 3.09621310e-03
 2.75940066e-03
 2.66558944e-03
 1.94811035e-03
 1.94480566e-03
 2.81497980e-03
 3.37701003e-03
 3.85314311e-03
 2.81811017e-03
 8.92244875e-04
-1.55654066e-03
-3.29961586e-03
-2.84348774e-03
-5.10397494e-05
 3.66831520e-03
 2.89727134e-03
-1.36271795e-03
-3.20438932e-03
 7.73286289e-04
 3.57413486e-03
-1.19178130e-03
-2.79526336e-03
 2.49758637e-03
 9.54567481e-04
-3.58069014e-03
 2.12467364e-03
-3.21119976e-04
-2.60747198e-03
 2.58154013e-03
-1.81516988e-03
 4.56883039e-04
 9.01260548e-04
-1.32953559e-03
 9.81144599e-04
-2.44897831e-04
 4.36661515e-04
 5.01598673e-04
-1.45965095e-04
 3.18431283e-04
-3.93422961e-04
-1.00613103e-04
-1.68821917e-04
 6.94017650e-05
 9.38976039e-05
 3.30988764e-05
 4.09210432e-03
-2.68259369e-03
-2.70039341e-03
 6.05926949e-03
-2.78585786e-03
-5.28131591e-03
 4.79429293e-03
 4.32130249e-03
-4.75459011e-03
-5.29416110e-03
 2.98179962e-03
 6.51602645e-03
 1.98519924e-03
-3.92377796e-03
-6.38495446e-03
-4.27764069e-03
 5.48325602e-04
 5.02841059e-03
 7.04812171e-03
 6.89553059e-03
 5.56632503e-03
 4.30457967e-03
 3.37100324e-03
 2.79845826e-03
 2.84716144e-03
 3.17509374e-03
 4.73414950e-03
 6.13852745e-03
 7.41178529e-03
 6.42515397e-03
 2.87153946e-03
-1.06473472e-03
-5.82819579e-03
-6.65838539e-03
-1.23239263e-03
 5.09896185e-03
 5.96839708e-03
-1.25927356e-03
-6.66065696e-03
 5.43939950e-05
 6.46748390e-03
 3.87686529e-04
-5.75660485e-03
 2.86389469e-03
 5.64325815e-03
-6.21520422e-03
 2.93783550e-03
 2.80968592e-03
-6.13035852e-03
 4.83788619e-03
-2.06721077e-03
-3.23063889e-04
 2.85008707e-03
-4.08486095e-03
-4.98816113e-04
-9.50714759e-04
-1.49835716e-04
-1.83107621e-04
 3.28736676e-04
 8.44765684e-04
-1.10300575e-04
-1.12481437e-04
-5.12471968e-05
 4.23387628e-04
 1.70840681e-04
 8.14791081e-05
-2.33400385e-04
 9.02246458e-06
-8.00569766e-05
-3.34884521e-04
 2.81672202e-05
-1.04877394e-04
-2.34328608e-04
 3.72447517e-04
 8.20483375e-04
 5.91792635e-04
-3.16677577e-04
-2.32000295e-04
 5.72407393e-04
 9.48863882e-05
 3.17692483e-04
 1.46824228e-04
-7.44937439e-04
 1.27635278e-04
 3.45277075e-04
-4.88906434e-04
 1.25923947e-04
 7.55528679e-04
 2.43623891e-04
-2.36854548e-04
 2.51076122e-04
 1.12473438e-04
-3.05685244e-04
 2.23402439e-06
 3.01638914e-04
-2.25390507e-04
-2.54765701e-04
 1.39440164e-04
 3.82599559e-05
 3.71782368e-04
 1.04965601e-04
 3.45288881e-04
 5.66057465e-05
-1.28439018e-04
 3.35771844e-04
 2.03319207e-04
 4.60230674e-04
