 3.72731537e-05
 1.67899464e-04
 1.41635183e-04
-2.32841047e-04
-1.46708141e-04
-1.74795556e-04
 1.40635611e-04
 5.00219734e-04
 5.42212458e-05
 2.70931771e-04
-3.83049596e-04
-4.91295909e-04
 1.90269706e-04
 1.87573628e-04
 1.87244587e-04
 2.26846456e-04
-2.03909473e-04
-5.65376876e-05
 2.70549390e-04
 1.99948891e-04
 2.14868990e-04
-6.09246109e-04
 1.84683780e-04
 4.10766222e-04
 4.80735805e-05
 5.56068312e-04
-4.98010305e-05
-1.73673554e-04
-4.21474576e-04
 1.35257337e-04
 6.28086570e-04
 1.69528138e-04
 4.10567537e-04
-1.56984099e-04
-2.24849350e-04
 2.96215568e-04
 1.80235702e-04
 1.77533599e-04
-2.39126711e-04
-1.56544426e-04
 4.14322980e-04
-1.30259371e-04
-1.51233034e-04
 2.29321200e-04
-1.73774552e-04
-5.85564978e-04
-3.90082680e-04
-1.32118352e-04
-4.25886290e-04
-1.73994457e-04
 2.14455619e-04
 1.84880194e-04
-5.00170535e-04
 1.03890099e-04
 1.30132594e-03
-1.48066043e-03
 1.36323012e-03
-8.27537295e-04
 1.26404916e-03
-1.96584304e-03
 1.22285730e-03
 1.02417543e-03
-8.15264575e-04
 4.29270099e-02
-2.23053086e-02
-3.29640354e-02
 6.03275046e-02
-1.39115745e-02
-5.22015150e-02
 3.58388834e-02
 4.40157329e-02
-3.66872802e-02
-5.46894930e-02
 1.58282861e-02
 5.93225405e-02
 2.89232237e-02
-3.23574515e-02
-6.28158145e-02
-4.48136595e-02
-3.94657236e-03
 3.22664636e-02
 5.48298825e-02
 6.30531153e-02
 5.84239435e-02
 4.93118768e-02
 4.26200249e-02
 3.93582145e-02
 3.96229992e-02
 4.54949430e-02
 5.42531608e-02
 6.14158997e-02
 6.00034233e-02
 4.49535564e-02
 1.55186818e-02
-2.60437215e-02
-5.94605634e-02
-5.30171334e-02
 2.02194816e-04
 5.23728679e-02
 4.47397673e-02
-2.42279960e-02
-6.12064946e-02
 8.73827112e-03
 5.72292601e-02
-1.48040297e-02
-5.11579983e-02
 3.89614282e-02
 2.75378648e-02
-6.27092042e-02
 3.95988740e-02
 5.11546756e-03
-3.93805359e-02
 4.88954220e-02
-3.47119183e-02
 1.17065412e-02
 7.98820061e-03
-2.50081525e-02
 2.50775789e-02
-1.13436815e-02
 5.69454320e-03
 3.16565457e-04
-6.04054368e-03
 5.36425164e-03
-4.61072536e-03
 5.26134647e-03
-6.03472082e-03
 3.44000387e-03
 1.13945187e-03
-1.97964745e-03
 7.82170102e-02
-5.51769393e-02
-5.12867027e-02
 1.22071676e-01
-4.56565147e-02
-9.44518498e-02
 8.49685893e-02
 7.50649587e-02
-8.74694474e-02
-9.79777146e-02
 5.04290991e-02
 1.17830398e-01
 3.99964359e-02
-8.13859534e-02
-1.25498840e-01
-7.23446462e-02
 1.51260516e-02
 8.32225478e-02
 1.17177971e-01
 1.21532928e-01
 1.03030808e-01
 7.93205612e-02
 6.30885031e-02
 5.59591204e-02
 5.81811856e-02
 6.91878193e-02
 9.02396925e-02
 1.12980802e-01
 1.22777654e-01
 1.06214519e-01
 5.61173026e-02
-2.44323002e-02
-1.05418652e-01
-1.18485160e-01
-2.89124292e-02
 8.85484925e-02
 1.05999696e-01
-1.93917989e-02
-1.25185212e-01
-1.44128767e-02
 1.15760733e-01
 7.93998331e-04
-1.11195063e-01
 4.95584053e-02
 8.42954177e-02
-1.22107618e-01
 4.93637185e-02
 4.29971721e-02
-9.70374206e-02
 9.32539282e-02
-5.13709945e-02
 2.18354166e-04
 3.63743004e-02
-6.14558513e-02
 3.96067173e-02
-1.34169372e-02
 5.22779038e-03
 5.12084703e-04
-5.26480804e-03
 7.57044145e-03
-6.93450194e-03
 4.58678622e-03
-3.06773306e-03
 1.02743145e-03
 4.39247864e-04
-6.78601638e-04
 6.53315910e-04
-1.08514488e-04
-4.74002535e-04
-6.63941220e-04
-4.51743551e-04
-4.27008788e-04
 1.05414952e-04
-1.46133335e-05
-9.19172803e-04
-6.48369443e-05
-6.98984850e-05
-5.86057695e-04
-4.46474575e-06
 3.37810761e-04
 1.08982016e-04
-1.35582537e-05
 6.45783630e-05
 8.67788810e-05
-3.58980277e-05
-1.26419963e-04
 1.58516107e-04
-2.27158417e-04
 5.81173022e-05
 3.07574189e-04
-3.37259559e-04
 2.37963343e-04
 7.38684999e-05
 3.77934876e-04
 4.39752657e-04
 1.30892051e-04
 4.95777170e-04
 7.11693090e-05
-1.30958267e-04
-4.21689594e-04
 7.30035843e-05
 3.21554160e-04
 1.69587394e-06
 2.94781677e-04
-1.87479253e-04
-2.76757144e-04
-2.28725113e-07
 1.12820228e-04
-4.02712702e-04
-3.28168361e-04
 9.20568734e-04
-3.38636144e-06
-1.19323960e-04
 5.66821932e-04
-2.05388475e-04
-1.99127053e-04
 5.41901494e-05
-5.34782550e-06
-7.71692399e-05
 1.69928208e-04
 1.90631365e-04
-4.38489026e-05
-5.43632994e-04
-4.21577721e-04
 4.12847282e-04
 6.78810418e-04
 4.46421594e-04
-3.60512765e-04
 9.45710258e-05
-7.36375129e-05
-4.88104009e-04
 1.98254690e-04
 1.95928180e-04
 2.58444799e-04
 2.34227937e-04
-1.70987743e-04
-3.39966660e-04
 4.24612688e-04
 3.28114957e-04
 7.34864715e-05
 1.14955221e-05
 5.39930142e-05
-2.52880441e-04
-3.80087862e-04
 5.22709336e-04
 1.39294866e-04
 5.80203492e-04
 9.39264258e-04
-2.21616638e-05
-1.52914732e-04
-2.65136163e-06
-2.69587419e-05
 9.95893829e-05
-2.36795859e-04
-3.23015941e-04
 3.00119870e-05
 2.08304552e-04
 4.15684170e-04
 4.48027495e-04
-5.05427266e-04
-4.17781680e-04
 1.07047794e-04
-7.10852064e-04
-4.57498178e-05
 3.81318708e-04
-1.81318202e-04
-6.46381534e-04
-4.02675467e-04
-2.52355893e-04
-9.27829016e-04
-3.34123970e-04
 1.40638911e-04
 5.53858869e-05
-2.63925949e-04
-4.40474096e-04
-2.13510469e-04
-4.74977269e-04
-2.75307531e-04
 1.10902894e-04
-2.68467495e-05
-2.04150710e-04
 5.59493801e-05
 5.61669734e-05
-2.43235950e-04
-2.16207477e-05
 4.78439671e-04
-3.11468425e-05
-1.82470647e-04
 2.90311294e-04
-2.21064971e-04
 6.24726768e-04
 5.65211598e-04
-4.00885368e-04
-2.68902051e-04
-6.51092800e-05
 4.74436591e-04
 2.63211947e-04
 1.49876990e-04
-1.08340611e-04
-1.35260200e-04
-4.30968565e-04
-4.63169787e-04
 1.50209235e-04
-7.55871412e-04
-4.08978805e-04
-4.04024829e-05
 7.96848091e-05
 4.56647772e-04
 1.49999083e-04
 6.99613829e-05
-7.03015843e-04
-2.47568727e-04
 2.69822998e-04
 2.63141306e-05
-1.56608094e-04
-1.96167740e-04
 3.11057817e-04
