-1.84451478e-04
 2.92866820e-04
 7.98628899e-04
-2.80691989e-04
-3.31378327e-04
 1.72130453e-04
 2.07190633e-04
 4.76367572e-05
-3.05971090e-04
-2.69232339e-04
-1.63883898e-04
-2.07111472e-04
-2.21813816e-05
-1.57557137e-04
-2.01652966e-04
 1.91914065e-04
 4.27329427e-04
 4.68593839e-04
 9.58776879e-05
-5.25786788e-05
 4.13531906e-04
 3.64958924e-04
 3.35115012e-05
 1.87936418e-04
-8.73077221e-05
-3.57869732e-04
 2.81694866e-05
-1.57019109e-04
-3.92165151e-04
 1.41931460e-04
-1.33406801e-04
-3.89440819e-04
 1.58686443e-04
 2.88010732e-04
-4.83280552e-04
-1.01545538e-04
 2.35891372e-04
-2.30723389e-04
 2.57168768e-05
-1.97861439e-04
-2.22803880e-04
-3.46564710e-04
 9.54544609e-05
 4.03473796e-04
-2.46665135e-04
-3.83837835e-05
 6.25949881e-05
-1.98157929e-04
-1.04063493e-04
-8.17507228e-05
 2.19784415e-04
 4.98442952e-04
-2.32022261e-04
-3.86175527e-04
-1.17304213e-04
-2.39461060e-04
 2.40280284e-04
 1.83743614e-04
-1.84912810e-05
 3.11388441e-04
 1.53200789e-04
-8.17126094e-06
 1.06574219e-04
 1.98451859e-04
-7.85306423e-05
-1.69359028e-04
 5.54493884e-04
-2.09470185e-04
-3.84717307e-04
 1.03581476e-04
-4.27439044e-04
-9.87232515e-05
 8.05363378e-05
 8.28658485e-05
 2.91668579e-04
 3.71317654e-04
 1.40601310e-04
 4.84797360e-04
 3.67144215e-04
 7.07147416e-06
 6.17064825e-05
-6.99214739e-05
-3.14813890e-04
-4.43621826e-04
 2.73291443e-05
-2.29339416e-04
-6.87099232e-04
-2.72361929e-04
 1.85030444e-05
-1.01424898e-04
-1.36022410e-04
 1.02197474e-04
-1.90573478e-04
-7.54824238e-04
 9.55329057e-05
 1.79159134e-04
-1.34782592e-04
 4.43070489e-04
 1.85225524e-04
-2.10373583e-05
 5.22832380e-04
 3.85064751e-04
 2.76703538e-04
 9.38376006e-05
-1.83659875e-04
 2.86892211e-06
-3.91312449e-04
-3.36273506e-05
-8.05065903e-06
-1.61946547e-04
-5.91061997e-05
-4.55486793e-04
-2.31142788e-04
 2.88069425e-04
 2.85786865e-04
-3.54026764e-05
 2.27339899e-04
 1.22828331e-04
 3.56068253e-04
 4.89193577e-04
-1.49686973e-04
 2.53581308e-06
-1.97467198e-04
-2.06149225e-04
 2.69918535e-04
-2.91880424e-04
 1.27789991e-04
 7.40769974e-04
 2.15740480e-04
 1.86472486e-04
 1.66245210e-04
-4.15540905e-04
-2.85876668e-04
-1.32901566e-03
 4.41466155e-04
 3.86299453e-04
-1.44348940e-03
 1.44783701e-03
-2.10626808e-04
 2.45446279e-03
-4.43848079e-03
 4.82773143e-03
-6.38891552e-03
 1.17088255e-02
 4.21262533e-02
-4.52157969e-02
-9.91588405e-03
 6.02100236e-02
-2.84966196e-02
-4.52846849e-02
 3.75854391e-02
 4.82198783e-02
-2.92654207e-02
-5.88514330e-02
-5.02138937e-03
 5.15423870e-02
 5.24816975e-02
 4.12915878e-03
-4.37670845e-02
-6.12113351e-02
-5.03203745e-02
-2.57508972e-02
 2.05997785e-03
 2.61477999e-02
 3.98047534e-02
 4.54777647e-02
 4.65062316e-02
 4.60547213e-02
 4.38002552e-02
 3.33784679e-02
 1.43668227e-02
-1.12031746e-02
-3.95232630e-02
-5.86478790e-02
-5.58747765e-02
-2.13985777e-02
 3.28510272e-02
 5.99005069e-02
 2.66043724e-02
-3.86920210e-02
-5.57284034e-02
 1.40863701e-02
 5.95791604e-02
-9.90486577e-03
-5.32111546e-02
 2.39135783e-02
 4.45129989e-02
-5.49396259e-02
 4.18410351e-03
 4.55059026e-02
-5.60424319e-02
 3.47958564e-02
-1.03020435e-03
-2.60953026e-02
 3.68966496e-02
-3.36086670e-02
 2.53946523e-02
 1.57747274e-02
-8.72646476e-03
 5.07297243e-03
-4.81994893e-03
 5.56441711e-03
-6.25679669e-03
 3.90235252e-03
-3.78143089e-04
 2.96103495e-03
-7.37865148e-03
 9.44536877e-03
-1.36081905e-02
 3.60201201e-02
 7.78521316e-02
-9.95162938e-02
-2.10150002e-03
 1.14251455e-01
-7.27251345e-02
-7.76683898e-02
 8.77845163e-02
 8.26586317e-02
-7.59355044e-02
-1.10767093e-01
 1.09671959e-02
 1.11192015e-01
 9.21132964e-02
-1.42567764e-02
-1.02751941e-01
-1.21068124e-01
-8.66752216e-02
-2.91558097e-02
 2.93985750e-02
 7.37790743e-02
 9.74260896e-02
 1.05958921e-01
 1.07250125e-01
 1.06714431e-01
 1.03648599e-01
 8.97333824e-02
 5.63780343e-02
 2.88889004e-03
-5.72009903e-02
-1.07291095e-01
-1.21883457e-01
-6.92084958e-02
 3.85918551e-02
 1.16695377e-01
 7.73428598e-02
-5.24282533e-02
-1.20409421e-01
-4.62082896e-03
 1.20849488e-01
 1.16866790e-02
-1.10282294e-01
 1.86282913e-02
 1.06161509e-01
-9.08652127e-02
-2.80404770e-02
 1.09090438e-01
-1.04957526e-01
 4.38922746e-02
 2.68901452e-02
-7.08538888e-02
 7.70279312e-02
-5.96933322e-02
 3.42230609e-02
 4.53219173e-02
-2.29277233e-02
 1.78251465e-02
-1.36235969e-02
 1.01160632e-02
-4.85918009e-03
 7.61061442e-04
 1.60535756e-03
-2.95435477e-03
 2.63982413e-03
-1.57958791e-03
 3.48393327e-05
 6.76618004e-04
 7.05944627e-05
-6.04722438e-04
 2.78473447e-04
 4.77179244e-04
-3.79245832e-04
 8.03302562e-06
 2.45385446e-04
-5.00184445e-04
-4.57008861e-04
 3.80645822e-04
 2.17662563e-04
-5.58249528e-04
-2.94963474e-04
 4.45116938e-04
 2.66122498e-04
-6.26148922e-04
-9.68617668e-05
 3.45687288e-04
 3.60332135e-04
 5.31255800e-04
-4.25840765e-04
-1.16530823e-04
-1.83599216e-04
-6.67114912e-04
 4.30970382e-04
 2.79515288e-05
-5.89563541e-04
 1.40849424e-04
 3.02459772e-04
-1.85637082e-04
 1.79098489e-04
 3.36723229e-04
 5.31756647e-05
 1.59710144e-05
-2.56763511e-04
 4.38244810e-04
 8.85989282e-06
-4.05893099e-04
 1.40446395e-04
-5.48012031e-04
-9.41819538e-06
-1.12406842e-04
-1.19922066e-04
 6.50432923e-04
-2.19101666e-04
-1.58281943e-05
 2.41335274e-04
 2.05201419e-04
 3.25187336e-04
-2.46169487e-04
-1.09006571e-04
 1.21732031e-04
 6.49625695e-04
 3.27339253e-04
-2.79254892e-04
-1.10785527e-04
 2.99902531e-04
 2.66750282e-04
-5.16598667e-04
 3.46399095e-04
 3.10913716e-04
 2.52077029e-04
 4.26306002e-04
-1.52483871e-04
 1.19402590e-04
 5.61688926e-04
 3.92347340e-06
-6.48071671e-04
 7.36784257e-04
 3.77374763e-04
