-3.32199173e-06
-6.57537351e-05
 3.58852970e-04
 2.37856472e-04
-2.58081574e-04
-4.70666669e-04
-1.96096173e-04
-4.24884264e-05
 4.02142857e-05
 2.17574233e-04
-3.13655311e-04
 4.77297057e-05
 7.07532535e-04
 3.65027174e-04
 3.89456420e-04
 1.35886985e-04
-1.73310634e-04
-1.92181361e-05
-8.99975490e-05
 4.49055814e-04
 5.10839101e-04
 1.59189450e-04
-9.09804779e-05
-1.66327207e-04
 1.31868860e-04
 2.04423026e-04
 4.08454975e-04
 9.53706835e-05
-1.19438340e-04
-4.33693876e-06
 4.55692358e-04
 1.86039468e-04
-5.68665334e-04
-1.70902150e-04
 1.78714567e-04
 2.01991178e-04
-2.88738828e-04
 6.60639865e-04
 8.95318240e-05
-4.63121402e-04
 3.19074300e-05
-5.05278211e-04
 5.86264501e-04
 6.63258020e-05
-6.51708034e-05
 1.63421905e-04
-2.42296329e-04
 2.33573689e-04
 2.01778671e-04
-1.97607029e-05
-6.98621330e-04
-2.77172881e-04
-2.92636617e-04
 6.51383367e-05
 1.68618022e-04
-4.57202867e-04
 4.59019399e-04
-2.35098838e-04
-7.33727842e-04
-2.52920889e-04
-3.52637258e-04
-4.07547858e-04
-2.48797866e-04
-2.78851620e-04
-4.17528820e-04
-2.61621681e-05
-3.54165506e-04
-1.19041983e-04
-1.53171175e-05
-8.64354249e-05
 3.63399059e-04
 2.20655073e-04
 5.18011559e-04
-1.43470802e-04
-5.76771119e-04
 1.68166030e-04
 1.23007005e-05
-1.11794721e-04
 2.63703334e-04
-1.24952228e-04
-7.27752800e-05
 1.28740049e-04
 3.41899702e-06
 2.51300738e-04
-1.43541344e-04
-7.52756784e-04
-5.19318707e-04
-1.27212764e-04
-1.26401789e-04
 4.34775766e-05
 1.11329185e-04
 5.92101586e-05
-5.61123656e-04
-1.40647309e-04
 1.79453103e-04
-7.80871907e-04
-1.29118084e-04
 1.80585870e-05
-2.49348997e-04
 7.20059000e-05
 1.95827234e-05
-1.01214319e-04
-4.32384601e-05
-6.41097115e-05
-5.16544579e-04
-3.15316543e-04
-8.81928563e-05
-1.57303218e-04
 6.42352517e-05
-5.36535365e-04
-3.31114973e-04
 3.72250798e-04
 1.01108436e-04
 2.15923140e-04
-1.83551884e-04
 6.23450519e-04
 7.56370214e-04
-3.14326906e-04
 1.91348585e-04
-3.72656729e-05
-2.30507706e-04
 2.75900954e-05
-4.62832967e-04
-8.03226865e-04
-3.79934020e-04
-3.10116276e-04
-2.31122424e-04
 2.15086271e-04
 2.72521624e-04
-8.55873840e-05
-3.93293964e-04
-7.45169502e-04
-4.22844791e-04
-1.71888818e-05
 6.97068692e-06
 2.44835474e-04
-3.19546980e-04
-5.04555520e-05
 2.35424767e-05
-6.23440862e-04
 4.40976411e-04
 9.55177863e-04
-1.29788782e-03
-1.65372507e-03
 4.65672751e-04
 5.61832692e-04
-3.88918270e-04
-2.09021044e-04
 2.68026154e-04
 2.83921248e-04
-1.71278559e-04
-1.76208792e-04
-2.89707408e-05
-3.27828081e-04
-2.31732290e-04
-4.42025607e-04
-1.43679944e-04
 2.04704606e-04
 2.57300748e-04
 3.10059169e-07
-3.10591164e-04
-3.97902295e-04
-2.96129401e-04
 2.24655601e-05
 8.96554910e-05
 1.30922175e-04
-1.06161972e-04
-1.28672009e-04
-4.24502962e-05
 3.33233479e-04
 6.34007811e-04
 2.21352757e-04
 2.56184364e-05
-2.21918348e-04
-8.70400806e-05
 5.77474957e-04
 5.39491550e-04
 5.15924475e-05
-4.05438397e-04
-1.15946657e-04
 1.72083393e-04
-1.09279530e-04
 1.79136720e-04
 3.23133861e-04
-2.76152252e-04
-2.10148843e-04
 1.25869281e-04
 1.35209601e-04
-4.22027094e-04
-1.15740614e-04
 4.45818995e-04
-2.51087295e-04
-1.92389625e-04
-5.56806444e-05
 2.33884822e-04
 1.50675663e-04
-5.50304254e-04
 3.25266722e-04
 3.37308806e-04
-3.07791636e-04
 1.95587291e-04
 4.13389227e-04
-5.22168054e-04
-5.45792213e-04
-1.07079723e-04
-4.41710371e-04
 6.39931918e-05
-7.10150855e-04
 1.60824060e-03
 2.65445904e-03
-3.99901742e-04
-4.36650195e-04
 2.59427509e-04
 5.07455277e-04
 6.77114416e-06
 9.46949237e-05
 3.21400882e-04
 4.32529345e-05
 5.90234555e-04
-1.97910831e-04
-6.39289519e-04
 2.91446699e-04
-1.44740022e-04
-1.95506747e-05
 1.97932830e-05
-5.48121355e-04
-1.14365571e-04
-3.23737812e-04
 2.49479398e-04
 2.19507555e-04
-4.57810168e-04
 4.13470343e-04
 3.40633884e-04
 3.14311629e-04
 3.80380915e-04
-2.02844449e-04
-1.98206549e-04
-4.34707877e-04
 1.05634404e-04
 4.89114617e-04
 1.06571311e-04
 1.36193505e-04
-2.14410482e-04
-7.61836169e-05
 3.81434252e-04
-1.94413200e-05
 3.02437787e-04
 1.15799864e-04
-4.09717867e-04
 1.69141940e-05
-4.60985614e-04
-4.92726545e-04
 5.58953629e-05
-3.91949210e-04
 8.14724794e-06
 2.00596660e-04
-6.41431022e-04
 1.82713674e-04
-5.04468266e-04
-6.31106881e-05
 4.90880725e-05
 8.87843458e-04
-8.30949006e-04
-4.73074147e-03
-5.48968995e-04
 2.48125427e-05
-4.61143741e-04
 3.21629017e-04
-7.92428769e-04
-5.62033642e-05
-5.67317928e-05
 1.64207773e-05
 2.18623995e-04
 1.26317320e-04
-1.21867309e-04
 1.27662125e-04
-3.01731198e-05
-2.79736542e-04
-2.24525058e-05
-1.46823703e-04
 2.12562779e-04
 4.88553536e-04
-3.81423287e-04
-5.43638243e-04
-3.26975066e-05
 1.39643815e-04
 5.55587676e-04
 1.65793343e-04
-5.36144705e-04
 1.39984274e-04
-2.40261430e-05
-5.50493831e-04
-8.77042886e-05
-4.85233766e-04
 7.79285774e-05
 2.38599810e-04
-2.28832153e-04
-1.03269620e-04
 3.42954201e-04
 6.77098967e-04
 3.63496373e-05
-1.18733097e-04
 1.56586162e-04
-1.84164676e-04
-1.24750777e-04
 1.95978064e-04
-5.55688021e-05
 2.74252745e-04
-1.15587487e-04
 2.51092456e-04
 6.02143239e-04
-1.38621280e-04
 1.87678794e-04
-2.96460794e-05
 1.21619184e-04
 1.93951137e-04
-4.20876537e-04
-7.59997176e-04
-5.23245168e-04
 4.14861647e-04
 1.13434552e-04
-4.07299010e-04
-2.05536265e-04
 1.72770858e-04
 3.12932895e-04
-2.57319040e-04
 1.43431372e-05
 2.06247669e-04
-9.33430220e-05
 3.04370670e-04
 8.18524728e-05
-1.90356363e-05
 1.47354179e-04
-1.97470774e-04
 3.13265157e-04
 2.18361523e-04
-2.43697428e-04
 2.49622097e-04
 8.49321347e-05
-2.47606821e-04
 1.25224764e-04
 4.56655784e-04
 1.95997040e-04
-1.73533914e-04
-1.54112057e-04
 6.26205979e-05
