-5.10839791e-06
 6.19616832e-04
 7.26861915e-04
 2.35872432e-05
-2.93125809e-04
-3.13918827e-04
-5.89515232e-04
-1.27081181e-04
 1.33566233e-04
-2.87049791e-04
 8.93577794e-05
-1.07132001e-04
-5.92148757e-04
-3.94069319e-04
 2.18297530e-04
-1.96105947e-04
-8.09450141e-05
 5.47968497e-04
-1.22531068e-04
-3.04302279e-04
-2.18505919e-04
 2.44454176e-04
-7.99547496e-06
-3.22106445e-04
 3.72638798e-04
 2.20374969e-04
-2.08266789e-04
-4.96122278e-04
-3.43846257e-04
-1.91199909e-04
-2.10073905e-04
-2.93044720e-04
-4.47416713e-04
-3.27815510e-05
 1.32648717e-04
 4.20025481e-04
 5.88346170e-04
-1.11927881e-04
-3.58763166e-04
 1.64486054e-04
 1.32094915e-05
 3.06068354e-04
 2.79198632e-04
-5.40747447e-04
 3.49668541e-04
 7.31908787e-04
-1.68644883e-04
-7.01701248e-04
-9.66287974e-04
 2.28832247e-05
 7.74850151e-04
 4.34330679e-04
 1.83425742e-04
 3.51161196e-05
 3.17595517e-05
-2.88502857e-04
 5.60797567e-05
 3.49391455e-04
-1.53549543e-04
-7.99093641e-05
 5.26371008e-04
 4.23885182e-04
-2.57678806e-04
-4.91956174e-04
-4.04285530e-04
-2.72067349e-04
-5.57297265e-04
-3.08015337e-04
-3.19046277e-04
-2.92307756e-04
 2.84589937e-04
 4.00732958e-04
 5.37998509e-04
 6.42837802e-07
-1.15001472e-04
-3.55795251e-04
-4.24852424e-04
 4.44629953e-04
-4.79300495e-04
-5.81212661e-04
 9.87675490e-04
-4.45024911e-04
 1.12109704e-03
 2.24640197e-03
-2.86307174e-04
 4.64303681e-05
-1.82380971e-04
 2.16996087e-04
 2.00419943e-04
-4.65156170e-04
 3.34008990e-04
 4.78954156e-04
 1.84873106e-04
 5.11062626e-04
 2.27575537e-05
-4.10856719e-04
 2.15231483e-04
 3.00753221e-04
 7.24218394e-04
 4.57606948e-05
-3.05918943e-04
 1.19895153e-04
-2.33281757e-04
 2.32664052e-05
 1.64472849e-04
 6.97021779e-05
 2.49310840e-04
 2.71269516e-04
 3.40039283e-04
 1.69364438e-04
-3.17885314e-04
-2.41565077e-04
-1.49366519e-04
 4.28899900e-04
 3.49717675e-04
-2.57615770e-04
 3.52246271e-04
 3.37466748e-04
 3.02454314e-04
 4.84141782e-05
-2.55001086e-05
 2.12462384e-04
 7.25711625e-06
 4.62160973e-04
-1.62428614e-05
-1.28625456e-04
-2.95266871e-04
-1.68003617e-04
-3.86012116e-05
 1.41730892e-04
 1.75035388e-04
 7.86040482e-05
 6.04012365e-04
-8.02049592e-04
 5.41706642e-04
-9.01126961e-04
 2.37633797e-03
 4.95056107e-03
-1.75421085e-04
 4.57184743e-04
 1.33404960e-04
 1.85736053e-04
 4.47817531e-04
-2.82547698e-04
-4.00678775e-04
-5.58740146e-05
-5.12864406e-04
 1.16943053e-03
-3.46734906e-03
-6.23679541e-03
 7.47884707e-04
 7.17055700e-04
 3.41660561e-04
-9.09210753e-05
-9.51870853e-05
 1.56487895e-04
-8.55822478e-04
 1.37199313e-04
-3.49531329e-04
-4.83541238e-04
-8.60578011e-05
 2.85038066e-04
 1.17116627e-04
-2.57145443e-04
 1.30796214e-04
 3.28365780e-04
 1.21304168e-04
-8.69983915e-04
-3.13104822e-04
 8.78784281e-06
-5.44143290e-04
-5.70919152e-05
-2.02254816e-04
-5.50995196e-04
-8.30367539e-04
-5.51866866e-04
-1.38406501e-04
-1.36511474e-04
 3.69751589e-04
-6.95642308e-05
-7.32033488e-04
-4.81804346e-04
-2.67737587e-04
-2.17472615e-04
 3.04671804e-04
-8.43309569e-05
-6.53042265e-04
 7.00147305e-05
-4.47588797e-04
-6.10076335e-04
-4.30426617e-04
-1.93941315e-04
 4.58950065e-04
-2.23648784e-05
 4.62252308e-04
-6.02966978e-04
-4.98865008e-04
 5.08243629e-04
-4.29823318e-04
 2.54560884e-04
-1.05649549e-03
 1.77086123e-03
-4.55584340e-03
-7.61388756e-03
 1.44384451e-03
-6.45415061e-04
-1.10840900e-04
 4.87417537e-04
-2.07389387e-04
 2.58595192e-04
-4.61889147e-04
-3.49594918e-05
-2.31678734e-04
 2.72101607e-04
-2.59996645e-04
-1.47450336e-04
 2.80246990e-05
-5.25844369e-04
 1.39875120e-04
 1.33930422e-04
-5.32939556e-04
-1.43079661e-04
-1.31234453e-04
-2.09828154e-04
-1.72274732e-04
-3.17197530e-04
 2.39718545e-04
 6.89161575e-04
-6.52338146e-05
 5.84107603e-05
 1.57700699e-04
 2.39728080e-04
 4.57092464e-04
-4.36277162e-04
 5.47815796e-05
 2.55648422e-04
-5.26385219e-04
-2.52373499e-04
 2.16093185e-04
 1.05937089e-04
 2.25860994e-04
 6.11117004e-04
-1.64374899e-04
-6.90988778e-04
-1.26319110e-04
-3.31364223e-04
-4.00833096e-04
-2.03155422e-04
-3.89471592e-04
-2.77687679e-04
-4.70451125e-04
-5.55904605e-04
 4.59167260e-04
 7.18391984e-04
-6.02646593e-04
-3.31254163e-04
-1.11225514e-04
-3.68092665e-04
-2.51605303e-04
-4.48195660e-04
 3.11688732e-04
-1.62294424e-04
-2.27520975e-04
 6.29486050e-05
-1.26490983e-04
 2.57957545e-04
-1.98604927e-05
-6.12118282e-04
-3.15358856e-04
 3.64762138e-04
 4.80484432e-04
 2.77943429e-04
-1.62997049e-04
 8.06808521e-05
-3.75811573e-04
-7.23669749e-04
 8.19397247e-05
-2.75242969e-04
-4.24495112e-04
 1.30836530e-04
-1.12012525e-04
-2.37957193e-05
 4.97931068e-04
-1.14464411e-04
-2.64395727e-04
 9.63117692e-05
 5.77455416e-05
 3.61468700e-04
 3.18052477e-04
 1.65597233e-05
-1.35315866e-04
-1.43827839e-05
-4.76845567e-04
-3.70277168e-05
 2.04703359e-04
-2.26870524e-04
 1.55211263e-05
-7.08318988e-04
-4.26789067e-05
 2.98665656e-04
 1.09247324e-04
-1.61598794e-04
-5.64968260e-04
-4.49742349e-05
 1.79266044e-04
 2.97428293e-04
-8.05512320e-05
-9.83822441e-05
-2.52966015e-04
-5.87208847e-06
-4.32559195e-05
-9.23070977e-05
 2.89042639e-04
-1.49855681e-04
 1.02947453e-04
 1.40865755e-05
-4.97056549e-04
-2.05435348e-05
-5.66868636e-04
-3.87978218e-04
 5.33236833e-04
-5.83113372e-05
 7.58689478e-05
 2.16624479e-04
 2.78038758e-05
-1.92407832e-04
-2.01504150e-04
 5.19819965e-04
 3.44666694e-04
 3.53123642e-04
 3.64006767e-04
-2.44748574e-04
-7.31648782e-05
-1.23767736e-06
-1.83918054e-04
-6.29994368e-05
 8.04447533e-05
 5.85269446e-05
 4.71199227e-05
-2.40602577e-04
-2.97589359e-04
-1.13006149e-04
 2.77434782e-04
 2.65105730e-04
-3.45571728e-04
-1.83706299e-04
