 1.02021935e-04
 3.72249571e-04
-9.83408305e-04
 6.50914560e-06
 1.10829300e-03
-2.22394764e-03
 9.14547884e-04
-2.96129385e-04
 1.78054690e-03
-2.91486123e-03
 1.09374514e-03
 1.37709816e-03
-1.61428968e-03
 4.17662565e-02
-2.24883412e-02
-3.25248950e-02
 6.03409616e-02
-1.35844687e-02
-5.14978148e-02
 3.56302536e-02
 4.33102988e-02
-3.62421998e-02
-5.42758605e-02
 1.57511571e-02
 5.88630969e-02
 2.88886591e-02
-3.09415688e-02
-6.24143349e-02
-4.50611762e-02
-4.17421879e-03
 3.26507782e-02
 5.47309673e-02
 6.15605721e-02
 5.76638103e-02
 4.86732174e-02
 4.15947091e-02
 3.87782000e-02
 3.97312831e-02
 4.49015932e-02
 5.36056306e-02
 6.11967943e-02
 6.02161717e-02
 4.52067897e-02
 1.45997680e-02
-2.65115819e-02
-5.88233975e-02
-5.20976181e-02
 5.41089459e-04
 5.25684766e-02
 4.48251151e-02
-2.44196407e-02
-6.10494922e-02
 8.47390884e-03
 5.65422656e-02
-1.46840523e-02
-5.05192704e-02
 3.82103944e-02
 2.71972262e-02
-6.24425355e-02
 3.88125138e-02
 5.54141281e-03
-3.91237220e-02
 4.85420481e-02
-3.39463547e-02
 1.20524824e-02
 8.51547255e-03
-2.49135160e-02
 2.47793418e-02
-1.14068162e-02
 4.76813011e-03
 8.29925497e-04
-4.74870352e-03
 5.66514955e-03
-4.19717616e-03
 5.24861245e-03
-6.85868941e-03
 3.78102094e-03
 1.82566913e-03
-2.52185610e-03
 7.76522685e-02
-5.53866656e-02
-5.10593227e-02
 1.22228714e-01
-4.49147853e-02
-9.33135650e-02
 8.41943834e-02
 7.45752266e-02
-8.64819512e-02
-9.79787029e-02
 5.02084751e-02
 1.17356570e-01
 3.93272193e-02
-8.05545855e-02
-1.24916929e-01
-7.20691168e-02
 1.50527862e-02
 8.27748991e-02
 1.17094908e-01
 1.20357050e-01
 1.02763213e-01
 7.95491442e-02
 6.30988108e-02
 5.60114524e-02
 5.76034403e-02
 6.94416969e-02
 9.00756334e-02
 1.12716250e-01
 1.22406170e-01
 1.05119068e-01
 5.56605003e-02
-2.42490089e-02
-1.05821010e-01
-1.19130796e-01
-2.87121527e-02
 8.79554772e-02
 1.05247813e-01
-1.94163757e-02
-1.24797504e-01
-1.37070790e-02
 1.15416937e-01
 3.71186655e-04
-1.10284840e-01
 4.98047467e-02
 8.37181394e-02
-1.21799602e-01
 4.95007720e-02
 4.30878554e-02
-9.60680499e-02
 9.34815602e-02
-5.08653389e-02
 7.59538699e-04
 3.52122052e-02
-6.11173076e-02
 4.06051140e-02
-1.37015747e-02
 5.16177278e-03
 6.88840879e-04
-5.20739058e-03
 7.34489527e-03
-7.11762710e-03
 4.94028821e-03
-2.67083444e-03
 5.98678845e-04
 3.61256979e-04
-2.59063091e-04
 6.50878136e-04
-1.53667362e-04
-1.83513043e-04
 5.72425800e-04
 5.94349638e-04
-1.41171351e-04
-3.36286397e-04
-2.07836133e-04
-9.59030899e-05
 2.32384607e-04
-1.60200577e-04
-2.17183220e-04
 1.10429053e-04
 1.30886408e-04
 5.91211835e-05
 2.62726322e-04
 1.79589274e-04
 3.31678754e-05
 3.66627845e-04
-2.61606347e-04
-5.01289599e-04
-8.93706374e-05
-2.66740710e-04
-3.43222610e-04
-1.96342829e-04
-1.43232413e-04
 3.69204147e-04
 5.17406074e-04
 3.46061195e-04
 1.72190871e-04
-3.31491985e-04
-3.19522680e-05
 2.51773329e-04
 2.87520782e-04
 2.08712763e-04
-1.27020905e-04
 4.15687021e-04
 6.43103144e-04
-1.65358413e-04
-4.72674624e-04
 1.30306236e-04
 1.07153373e-04
-2.88690445e-04
-6.37605914e-04
-7.05466069e-04
 1.63880124e-04
-9.52545624e-06
-1.97855859e-04
-1.56312639e-04
-1.41327567e-04
 4.15039217e-04
 7.45463167e-05
-4.54369755e-04
-1.43799608e-04
 6.63890875e-05
-1.11334259e-04
-1.16562481e-04
-3.62791209e-04
 3.62383059e-04
 5.90108032e-04
-1.22342011e-04
-2.08816694e-04
-3.06719307e-04
-1.72356888e-04
-1.99136933e-04
 3.41907662e-05
 1.63551237e-04
-3.57651248e-04
-4.59618147e-04
-5.98684143e-04
 1.17709418e-04
 3.97276396e-04
-1.63746226e-04
-6.92571362e-04
-1.36727321e-05
 1.97392584e-04
-9.40434187e-04
 2.63346422e-04
-7.46047200e-07
-6.45035641e-04
-6.14898891e-05
-1.43502917e-05
 2.21080893e-04
-9.96113124e-06
-4.89882439e-05
 3.66087706e-04
-2.13679608e-04
-2.26919790e-04
 5.02643960e-04
 3.05148780e-04
-1.43977749e-04
 1.30773659e-05
 5.87617634e-05
-5.34416764e-04
-3.18597771e-05
-7.52674558e-05
 1.94877969e-05
 2.49777106e-04
 4.97448428e-04
 3.11731518e-04
-5.52965538e-04
-5.22666337e-04
-4.73253951e-04
-3.69905695e-04
-3.66442170e-04
 1.60158018e-04
 3.87917510e-05
 1.33564770e-04
 3.74363796e-04
 1.98065915e-04
 2.11583277e-04
-3.12252838e-04
 1.92027580e-04
 3.81016305e-04
 9.78371521e-06
 2.45657985e-04
 1.30519011e-04
 5.35098738e-05
 2.96861316e-04
 7.44322464e-04
-6.57082334e-05
 1.74455788e-04
 5.14588469e-04
-3.60454610e-04
 8.65676837e-05
-9.71116373e-05
 2.01923233e-05
-2.27635197e-05
-3.12097882e-04
 1.73370824e-04
-1.41247700e-04
-1.07834017e-05
 1.00065395e-04
-2.31860784e-05
 1.01543674e-04
 1.75689554e-04
 5.57613544e-04
 9.61301036e-05
 2.94931309e-04
 4.09866163e-04
 5.72998066e-05
 4.55433684e-04
 6.96196964e-06
 4.07902192e-04
 4.61577612e-04
-3.34830054e-04
-5.70055377e-05
-4.36007756e-04
-1.54302533e-04
 3.99255115e-04
-1.06570683e-04
-1.24097982e-05
 2.26819699e-04
-5.73903102e-05
-2.19305981e-06
 1.12894048e-04
 9.84442871e-05
 1.24117675e-04
-9.49081338e-05
-1.67193525e-04
-2.50588078e-04
-2.43668669e-04
 9.51522484e-05
-3.72000842e-05
 1.01505690e-04
 5.06804961e-04
-2.37364647e-04
-1.32950709e-04
 4.83061242e-04
-2.36969825e-04
 1.56428587e-04
 4.06420643e-04
 1.48430155e-04
 4.91521199e-04
-2.65720842e-04
-2.14433719e-04
 1.02934948e-04
-3.47627550e-04
-4.79583494e-04
-4.81396871e-04
-3.71789246e-04
-4.10372601e-04
 5.20319778e-04
 3.44155332e-04
 6.98706128e-05
 1.74502058e-04
-3.17399048e-04
 6.10828169e-04
 2.51172485e-04
 2.41765924e-05
 3.31113039e-04
-4.53980647e-04
-8.05083066e-04
-1.05511589e-04
 5.96015032e-04
 3.96866159e-04
 6.21568244e-05
-2.87141959e-04
 8.31146047e-05
 1.10108267e-04
-2.12156179e-04
