 1.18981225e-03
 1.12918335e-03
-9.43876166e-04
 4.27319957e-02
-2.24772026e-02
-3.23490769e-02
 6.02286325e-02
-1.37542156e-02
-5.13914073e-02
 3.57758182e-02
 4.38828895e-02
-3.61899072e-02
-5.49726896e-02
 1.49713632e-02
 5.87920823e-02
 2.93905952e-02
-3.14678243e-02
-6.32500854e-02
-4.48376407e-02
-4.50054702e-03
 3.23671447e-02
 5.51298876e-02
 6.18647500e-02
 5.78603851e-02
 4.87430132e-02
 4.15145149e-02
 3.84670113e-02
 4.00295972e-02
 4.49338842e-02
 5.38480044e-02
 6.13873713e-02
 5.98624958e-02
 4.49362435e-02
 1.46578310e-02
-2.57820144e-02
-5.98754639e-02
-5.27043208e-02
 1.07919389e-03
 5.23856274e-02
 4.50540947e-02
-2.42203667e-02
-6.07803944e-02
 8.78847931e-03
 5.63507052e-02
-1.52479694e-02
-5.11880746e-02
 3.88700200e-02
 2.79934937e-02
-6.21920787e-02
 3.97090055e-02
 5.52069546e-03
-3.95226474e-02
 4.84031318e-02
-3.44355960e-02
 1.16187245e-02
 8.17098197e-03
-2.48262649e-02
 2.51297700e-02
-1.10565723e-02
 5.14916553e-03
 9.30348493e-04
-5.10969325e-03
 5.61977923e-03
-3.87344767e-03
 5.55143923e-03
-6.33493097e-03
 3.99285074e-03
 2.29153287e-03
-2.26528072e-03
 7.80494181e-02
-5.45331548e-02
-5.15089246e-02
 1.21931825e-01
-4.42927615e-02
-9.35397956e-02
 8.44360859e-02
 7.47923626e-02
-8.72560401e-02
-9.80294397e-02
 5.03145244e-02
 1.17644051e-01
 3.99868875e-02
-8.03115202e-02
-1.24938053e-01
-7.25049529e-02
 1.48044865e-02
 8.29663741e-02
 1.17007518e-01
 1.20922599e-01
 1.03409980e-01
 7.93627484e-02
 6.27799825e-02
 5.63306364e-02
 5.82081269e-02
 6.94698260e-02
 9.05175588e-02
 1.12944590e-01
 1.22588790e-01
 1.06388052e-01
 5.58696714e-02
-2.50289951e-02
-1.06042031e-01
-1.18754201e-01
-2.91246654e-02
 8.76481374e-02
 1.06392842e-01
-1.94906282e-02
-1.25282932e-01
-1.38508776e-02
 1.15221380e-01
 5.12501535e-04
-1.11022355e-01
 5.01159678e-02
 8.42380120e-02
-1.21928548e-01
 5.02100006e-02
 4.34930773e-02
-9.57662839e-02
 9.36079370e-02
-5.10758860e-02
 7.27451729e-04
 3.60783413e-02
-6.10046851e-02
 3.99904102e-02
-1.36561522e-02
 5.06295339e-03
 7.07802734e-04
-5.61773568e-03
 7.20011061e-03
-6.54679470e-03
 4.66313594e-03
-2.68205046e-03
 9.94079208e-04
 4.39049887e-04
-4.37305570e-04
 5.21837097e-05
 1.37524516e-04
 3.26224340e-04
 1.39104089e-04
-4.61314883e-06
 1.05285001e-04
-4.41204513e-06
-4.79063447e-04
-1.38515526e-04
 5.88362184e-04
 3.03970795e-04
-3.12830561e-04
-3.86673160e-04
 4.85039433e-04
 1.83271694e-04
-5.01678576e-04
 2.00899928e-04
 2.47036819e-05
-2.26804259e-04
-5.82471555e-05
-2.61864879e-04
-2.10466215e-04
-9.80883065e-05
-1.10969009e-04
 8.44989064e-05
-8.12954128e-05
-2.34573985e-04
-4.79233791e-04
 6.37871093e-05
 2.82629827e-04
-3.20855777e-04
 1.74331439e-05
 2.03909122e-04
 1.33410414e-04
-4.78416135e-04
-6.19605044e-04
-8.38581695e-05
 4.59376410e-05
 1.65405320e-04
-1.55014035e-04
 3.58003616e-04
 5.30828359e-04
-3.44918180e-04
 1.05632072e-04
 7.02729896e-05
 1.92525532e-04
 6.71191631e-04
 3.45776014e-04
 5.03111420e-04
 2.14316393e-04
-9.44940523e-05
 8.43425759e-05
 2.67608897e-04
 3.98149108e-05
 1.82889687e-04
 5.40306035e-04
-1.25088789e-04
-4.44860534e-04
 6.58507204e-06
 9.58880082e-05
-4.46263793e-04
-5.40034561e-04
-1.47672874e-04
-2.14897841e-04
-3.81924526e-04
-2.88180480e-04
-3.36015569e-05
 1.55476382e-04
 1.11394060e-04
-1.50315495e-04
-2.98191014e-04
 3.18771202e-04
-3.69563084e-04
-4.31658482e-04
 3.60475951e-04
-8.36642397e-05
 3.01361903e-04
-1.24365933e-04
-4.57874233e-04
-8.37228127e-05
 1.37547057e-04
 3.96603760e-04
-2.11125940e-04
-1.14885614e-04
 6.15027692e-04
 7.09100751e-04
-7.60404834e-05
-4.29623766e-04
 3.14600867e-04
 7.33484851e-05
-4.84289134e-04
-3.16320676e-04
-4.94602089e-05
-2.88918360e-04
-5.85292849e-05
 5.99833353e-04
 4.25189820e-04
-2.44661521e-05
-5.42592393e-05
-2.25936096e-04
-6.27679181e-04
-9.72586533e-05
-6.00516973e-05
-4.41595886e-04
 6.93306734e-05
 9.68031409e-05
-6.98621403e-05
 3.19473761e-04
-3.57096150e-04
 1.85111384e-04
 4.22369546e-04
-5.33027261e-04
 4.37009109e-04
 1.35107407e-04
-4.49467559e-04
 9.95679107e-05
-1.14021611e-04
-2.85380562e-04
 9.86017984e-05
-1.63821383e-04
-3.46250341e-04
 2.29391706e-04
 2.98471587e-04
 2.96090518e-04
 1.46452484e-04
 2.30820828e-04
-1.34592920e-04
-8.25361067e-04
-1.99570011e-04
-3.16489426e-05
-5.90991970e-04
-3.28110181e-04
 2.10153876e-04
 4.19321701e-04
 3.02330716e-04
 1.53862959e-04
-4.77550173e-05
 1.12167401e-04
 2.82282374e-04
-1.85227061e-05
-1.98172496e-04
-4.58726028e-04
 2.77959523e-04
-3.04147777e-04
-5.84789875e-04
 1.79301449e-04
-4.79623239e-04
-7.55347134e-04
-1.69130103e-04
 3.19075012e-05
-1.93633771e-04
-4.84142448e-05
 8.66620732e-05
 3.39680344e-04
 1.33786783e-04
 1.77182318e-05
 3.76521031e-04
 6.53490586e-04
 1.13718233e-04
 3.66549857e-05
-4.54506645e-05
 8.41307709e-05
 4.13521516e-04
 4.77974728e-04
 6.83051296e-05
-4.39674574e-04
 6.70230420e-04
 3.22878062e-04
 4.94665109e-04
 5.29468381e-04
-1.74254092e-04
 6.39738603e-04
 7.69433131e-05
-4.53321539e-05
-4.84954818e-06
-2.37412950e-04
 2.96272333e-04
 1.00805636e-05
-1.28765716e-04
-2.30443680e-05
 2.69029757e-04
-2.69202516e-05
-5.28964390e-04
-2.68681357e-05
 4.35935711e-04
 2.89223533e-04
 2.57018172e-04
 4.50390706e-04
-3.31859421e-04
-5.36396970e-04
-3.97237089e-04
 4.29271117e-05
 4.48880606e-04
 2.57620267e-04
 6.60207502e-04
 1.85873370e-04
 1.56502480e-04
-1.69318385e-04
-2.98045095e-04
 1.84729129e-04
-2.58346649e-04
 2.97551381e-04
 5.51364065e-04
 7.25576277e-05
-7.56399001e-05
-5.27437312e-05
-1.94686460e-04
-1.81849332e-04
 2.66701723e-04
 1.62730994e-04
-2.11806070e-04
