 2.47672789e-05
 1.02202082e-04
 3.91470865e-04
 1.79975532e-05
 9.34726606e-05
 2.15284101e-04
-2.86996857e-05
-4.26483775e-05
-3.64194845e-04
 3.17082099e-04
 1.19936653e-05
 7.08240278e-05
 1.87996607e-04
-8.09251041e-04
-5.55456771e-04
-4.79029194e-04
-7.67951872e-05
 9.65104034e-05
 2.31166255e-04
 4.61057374e-04
-2.15605578e-04
-1.31204173e-04
-2.47335789e-05
 4.22866396e-05
 2.59589819e-05
-6.74488102e-04
 6.02604598e-05
-4.50227843e-05
-6.16303394e-04
-1.98138294e-05
-3.29980497e-04
 1.72034881e-04
 3.76469413e-04
 1.22421684e-04
-9.42778391e-05
 2.56663701e-04
 7.17085870e-04
-1.07560288e-04
-3.12365119e-04
-3.56154262e-04
-1.17039137e-04
 4.61907736e-05
 3.68208217e-04
 7.83178721e-04
 3.37378630e-04
 1.88539638e-05
 2.37756248e-04
 1.59201860e-04
 4.62557335e-04
 6.04452140e-04
-2.03319235e-04
 2.13041207e-04
 1.51827544e-04
-8.87565473e-04
-4.23792802e-04
 4.23265286e-04
 2.14371822e-04
 1.56953956e-04
-5.64562346e-05
-2.65485030e-04
 3.52133058e-04
 6.73514256e-05
-1.86373423e-04
 4.67238420e-06
-6.35147399e-05
-7.48883253e-06
 4.06562737e-04
 1.57910710e-04
 4.55903355e-05
-1.57110274e-04
 7.58005157e-05
 5.79252120e-04
-7.42614732e-04
-3.58747215e-05
 1.06719523e-04
-1.66333649e-04
 3.24873437e-04
-2.72918481e-04
 1.61233611e-05
 1.65132560e-04
-6.88511105e-06
 2.95466266e-04
 7.15933439e-04
 1.38570490e-04
 4.06074724e-05
 7.15795683e-05
 1.45196524e-04
-9.88654945e-05
-8.29246465e-04
 5.40318903e-05
 2.11633830e-04
 4.51783921e-05
-2.10414794e-04
-3.79880100e-04
 1.35188639e-04
 1.09280464e-04
-7.93749039e-05
 7.70590113e-06
 2.77269560e-04
 4.82211890e-04
 3.66311178e-04
-1.46702957e-04
-1.09938374e-04
 2.96503219e-04
 2.88124542e-04
 2.09663771e-04
-6.04394298e-05
 2.17062850e-04
 7.44688498e-04
-2.68560433e-04
-8.38046058e-05
 1.01643444e-04
 2.04091689e-04
 5.27307280e-04
-5.90512811e-04
-2.75309615e-04
 2.54140172e-04
 1.99770321e-04
-6.62638544e-05
-1.94440425e-04
-1.18012278e-04
-3.02321184e-04
 2.71969899e-04
 2.75985766e-04
-3.91206332e-04
-3.88852083e-04
-3.16359646e-04
-2.45408722e-04
 6.90696641e-06
 1.03131392e-04
-2.12268736e-04
-5.06121212e-04
-2.10563055e-04
-1.60306988e-05
 1.83746691e-04
 1.28585206e-04
 2.13668381e-04
 1.78974863e-04
 5.14083999e-04
 1.83083974e-04
-8.02987869e-04
-3.69435039e-04
-4.98720136e-04
-2.92340590e-04
 2.00710586e-05
 2.03748613e-04
 2.44087333e-04
-2.75990464e-04
 7.19361330e-05
 1.70612519e-04
 9.18262226e-05
-1.74312976e-04
-2.60007785e-04
 2.03650172e-04
 3.76375286e-04
 1.12058638e-04
-4.43277235e-04
-6.46627489e-07
 2.56902733e-04
-1.07465254e-04
-4.60146083e-04
-4.95129445e-04
-6.50929754e-05
-2.85726316e-04
-4.35455079e-04
-7.75907114e-05
 1.43778284e-04
-4.45000573e-04
-3.91792188e-04
-2.40062795e-04
-4.22723961e-04
 4.10760181e-04
 2.49713172e-04
-8.56530023e-05
-6.26123266e-05
 1.24045985e-04
 4.84063283e-04
 2.39378856e-04
 2.54530974e-04
 2.19561256e-04
-7.71411220e-05
-8.00355625e-05
 5.56162193e-04
 5.85173183e-04
 2.39216351e-04
 3.50984299e-04
-5.86671318e-05
-2.57337197e-04
-7.13557776e-05
-8.08330014e-05
-1.14764595e-04
-4.64400222e-04
 1.04089560e-04
 7.10147315e-04
-1.25623838e-04
-1.83880199e-04
 1.37140020e-04
 2.64306532e-05
 1.13259043e-04
 8.47590157e-06
 1.26823611e-04
 3.83903339e-04
 1.54250169e-04
-9.50177922e-04
 1.47528476e-03
 4.94109609e-04
-1.50668985e-03
 1.24720597e-03
-8.37145842e-04
 1.73117245e-03
-4.55552558e-03
 4.46459665e-03
-7.63890112e-03
 1.21225750e-02
 4.26711965e-02
-4.53063083e-02
-9.73759747e-03
 5.95211492e-02
-2.89843389e-02
-4.45442738e-02
 3.78992728e-02
 4.79256424e-02
-2.90307583e-02
-5.87820506e-02
-5.08184332e-03
 5.14023031e-02
 5.24146380e-02
 4.36269030e-03
-4.35047557e-02
-6.06100424e-02
-5.11247466e-02
-2.57840912e-02
 3.07069249e-03
 2.54211593e-02
 3.91245701e-02
 4.48882638e-02
 4.62140096e-02
 4.59377400e-02
 4.29909769e-02
 3.35551782e-02
 1.48875406e-02
-1.18364653e-02
-3.93639289e-02
-5.84217891e-02
-5.60841580e-02
-2.11015726e-02
 3.34898173e-02
 6.04714777e-02
 2.60221781e-02
-3.81827503e-02
-5.58954765e-02
 1.36044756e-02
 5.98761540e-02
-1.00920536e-02
-5.26654159e-02
 2.37319249e-02
 4.43690755e-02
-5.51240910e-02
 3.50964122e-03
 4.51336728e-02
-5.62194787e-02
 3.45143415e-02
-1.06682950e-03
-2.60610852e-02
 3.68845961e-02
-3.35247351e-02
 2.51744613e-02
 1.55109906e-02
-9.00614157e-03
 5.43302289e-03
-4.86005556e-03
 5.40524058e-03
-5.94760778e-03
 3.88133680e-03
-1.19429979e-03
 2.29218974e-03
-6.93805134e-03
 8.88421129e-03
-1.25895338e-02
 3.72833999e-02
 7.69945866e-02
-9.90550672e-02
-1.72876414e-03
 1.14558768e-01
-7.29803119e-02
-7.83560868e-02
 8.86790045e-02
 8.31563551e-02
-7.52421923e-02
-1.10532016e-01
 1.06529030e-02
 1.11470359e-01
 9.11986421e-02
-1.43122522e-02
-1.02416526e-01
-1.21096271e-01
-8.65422879e-02
-2.96575998e-02
 2.92503669e-02
 7.36459142e-02
 9.75595096e-02
 1.05662249e-01
 1.06592681e-01
 1.06649312e-01
 1.03510699e-01
 8.88006852e-02
 5.54983320e-02
 3.62012324e-03
-5.67390530e-02
-1.06790411e-01
-1.21161135e-01
-6.93637135e-02
 3.86701628e-02
 1.16426516e-01
 7.68936212e-02
-5.27815460e-02
-1.20348789e-01
-4.10891054e-03
 1.20658046e-01
 1.07654631e-02
-1.10813476e-01
 1.83985202e-02
 1.06134210e-01
-9.05207601e-02
-2.81391008e-02
 1.09184124e-01
-1.04252932e-01
 4.36472908e-02
 2.66941122e-02
-7.06403570e-02
 7.70497908e-02
-5.94323015e-02
 3.24425818e-02
 4.39622212e-02
-2.24642240e-02
 1.77030053e-02
-1.45124617e-02
 9.24103867e-03
-4.85085778e-03
 7.11706219e-04
 1.91799172e-03
-2.87831139e-03
 2.09891034e-03
-2.14235570e-03
-3.29885535e-04
 3.19825129e-04
