-3.40477166e-05
 1.52455484e-04
 1.77914520e-04
-2.97043814e-04
-2.46672428e-04
-5.22832992e-04
-2.70752062e-04
 1.85734195e-04
 2.63520107e-04
 3.07775722e-04
 3.76877269e-04
 3.29812872e-04
 1.97482884e-04
-2.12040926e-04
-5.27111644e-04
-1.43932792e-04
-1.57116905e-04
 3.71327870e-04
 1.44763904e-04
-2.52770670e-04
-1.49542529e-04
-4.22300072e-04
-1.17251631e-04
 2.79459787e-04
 3.60025685e-04
 1.13826299e-04
-1.58148495e-04
 2.72053675e-04
 9.21699683e-05
-3.18972329e-04
 2.78000462e-04
-1.66161554e-04
-2.46906278e-04
 3.15306473e-04
 5.18039965e-04
 2.54881000e-04
 1.51178009e-04
 5.67817213e-04
-3.19829305e-04
-2.30026666e-04
-3.39215562e-05
-4.17495894e-04
 3.95788879e-04
 2.67213430e-04
-1.49746459e-04
 7.99393343e-05
 1.47944904e-04
-1.56072620e-04
-5.43509446e-04
-5.90584873e-05
 2.84557060e-04
 9.02116499e-05
 9.25582155e-05
 3.52908329e-06
-1.29459198e-04
-7.52345993e-04
-5.79948328e-04
-9.19112979e-05
-3.14622472e-04
-3.33076862e-04
-3.28957523e-04
 1.17719399e-04
 1.30368813e-04
 2.12305869e-04
 5.33551813e-04
 1.40047685e-04
 8.17788176e-05
 5.99548986e-04
 6.95161984e-04
 2.82011329e-05
-1.25791305e-04
 1.11748114e-04
 2.33685383e-05
 4.00095666e-05
 1.38421368e-04
-5.23054392e-05
-2.33927649e-04
-1.11839097e-04
-1.43899983e-04
 7.70632544e-05
 1.70687212e-04
-3.10273463e-04
-4.39741990e-04
 6.13176784e-06
 3.89729303e-04
-5.94288400e-05
 1.84840114e-04
 4.28931101e-04
 2.48572584e-04
 1.12563492e-04
-3.03877721e-04
-8.03279350e-05
 2.70952487e-05
-6.66022032e-05
-3.27240029e-04
-4.79338168e-04
-2.07673169e-04
 4.77301843e-04
 3.72921923e-04
-3.35943173e-04
-1.89991624e-04
-2.97661132e-04
 3.21853667e-04
 4.47341641e-04
 2.84417676e-04
 2.96432638e-04
-3.46309872e-05
 1.96568319e-04
-1.25335804e-04
 4.70820436e-04
-6.32382835e-04
-2.05048347e-04
-1.15293819e-03
-2.59837445e-03
 3.35013894e-04
 1.14934572e-04
-4.87147816e-04
-1.91276774e-04
-2.65020902e-04
-3.24181606e-05
 5.55111139e-05
 5.15083798e-05
-5.60760888e-05
-3.15111321e-04
-2.05298956e-04
-1.54374701e-04
-2.73347514e-04
-2.39213427e-04
 1.52860836e-04
 1.63504424e-04
-9.04377504e-04
 2.62175400e-04
 7.54831643e-04
-2.16753927e-04
 3.20529734e-04
 3.74216176e-04
-1.07217774e-04
-3.45543766e-04
-3.21584902e-04
 1.11954212e-04
 9.29943687e-05
-8.34764779e-04
-3.73654207e-04
-1.07888576e-04
-4.30757392e-04
 8.98428624e-05
 2.36170032e-04
 5.00679135e-04
 2.13635288e-04
 2.31964442e-04
 1.50306898e-04
-3.05142890e-04
 7.47070469e-05
 7.93425841e-05
-4.00429025e-04
 1.54527257e-04
 6.91707009e-04
-5.22167499e-04
 1.44689222e-04
-1.05634252e-04
-3.99263561e-04
 7.31972370e-04
 1.63322574e-04
 3.02729775e-04
-1.21571849e-03
 1.22578863e-03
-2.70496075e-03
-5.17394272e-03
 8.98196468e-04
-8.32420717e-05
 1.31373811e-06
 1.13247061e-04
-4.86227380e-04
-1.64009957e-04
 2.32015903e-05
-9.36984129e-05
 7.52483860e-04
-1.70799621e-03
 3.57630200e-03
 6.29138542e-03
-1.17834469e-03
 4.81569697e-04
 2.13492039e-04
 1.66605750e-04
 2.11758717e-04
-4.75941481e-04
 6.60115661e-04
 1.84560614e-05
 4.50958572e-05
 2.45169860e-04
-5.18893205e-05
-5.23224620e-04
 2.49166251e-04
 7.14135734e-05
 1.37798617e-04
-3.37511528e-05
-5.65224385e-04
 3.01375446e-04
 2.92917897e-04
 3.18135416e-04
 2.50168178e-04
 1.84505287e-04
 2.82925987e-04
 5.72301936e-04
 5.47181927e-04
-1.54695400e-04
 1.17728128e-04
-9.09934610e-05
-2.15351413e-04
 3.77217148e-04
-9.02567646e-05
-6.85830746e-05
 5.64482432e-04
-3.44723358e-04
-1.36342189e-05
 5.76218077e-04
 1.04412766e-04
-3.75064200e-05
-2.73543563e-04
 8.08831733e-04
 7.65985866e-04
-1.19442852e-04
-6.11163769e-04
-1.18010431e-04
 2.53160097e-04
-4.99720046e-04
-4.47917734e-04
 5.14235628e-04
 5.18056930e-04
-3.42366773e-04
 1.16182641e-03
-2.69279505e-03
 4.31356134e-03
 7.92230553e-03
-1.79594721e-03
 5.04504537e-05
 5.62079888e-05
-7.55968811e-05
 2.58355750e-04
-4.53535490e-05
 1.20432385e-04
-5.16516412e-04
 4.85837909e-04
-1.85168023e-04
-7.78325787e-05
 2.61297834e-04
 7.49699890e-05
-2.78279451e-04
-3.06391739e-04
 2.14270533e-04
 3.19666098e-04
-4.51992945e-05
-2.52818141e-04
-2.19725069e-04
 3.71349032e-05
 4.53518035e-04
 4.16489593e-04
 1.40649427e-04
 3.64210661e-04
 3.52643918e-04
 7.91151860e-05
 4.22148970e-05
 2.06933880e-04
 3.13029901e-04
-1.08704013e-04
-1.21361947e-04
-1.70873047e-04
-5.92462808e-05
 5.52942434e-04
 3.36472137e-04
 4.10199251e-04
 3.69403887e-04
 1.60881057e-04
 6.47168421e-05
 1.24493806e-04
-1.78522254e-04
-3.81619864e-04
 3.72930500e-04
 2.29978198e-04
 3.39550141e-04
-1.34677110e-04
-1.08433153e-04
-1.27843961e-04
-6.37189305e-04
-2.08962915e-04
-3.86616393e-04
 1.11364894e-04
 6.14513874e-04
 4.51247848e-04
 1.92253472e-05
-3.55448566e-04
-5.54196668e-04
 1.76583712e-05
 2.87263459e-04
 1.20899091e-04
 4.36561409e-04
 9.88628588e-05
 4.84519827e-04
 1.53485180e-04
-1.56936775e-04
 7.02073159e-04
-2.51855528e-05
 1.14484333e-04
 1.21003087e-04
 1.03751854e-05
 6.24734331e-04
-2.56157734e-04
 1.17177440e-04
 1.25909079e-05
-1.60816128e-04
-1.77070734e-04
-4.51878726e-04
 2.82846467e-04
-9.43699686e-05
-3.67012266e-04
-4.25364650e-04
-1.81809342e-04
-1.23081102e-04
-3.37746648e-04
-1.11757046e-04
 2.49365870e-04
 3.42723027e-04
-6.58510582e-04
 2.47621381e-06
 4.83575233e-04
-3.06754521e-04
 2.91776847e-04
-2.71654309e-04
-1.55704411e-04
 7.99649229e-05
-7.68168580e-05
-5.19213206e-04
-5.51449257e-04
 5.09011130e-04
 2.20215080e-05
 6.62455820e-04
-1.72192028e-04
-6.31332092e-04
 3.49370565e-04
-7.56244867e-05
-7.18986896e-05
-1.69734093e-04
 9.26359601e-05
-1.09143429e-04
-1.68779421e-04
-7.42269958e-05
