-7.21367533e-05
-1.98084030e-04
-3.17197089e-04
-4.22286941e-04
-4.09096605e-05
 1.62388530e-04
-1.77057363e-04
-2.41702200e-04
-7.08314687e-05
-2.15725291e-04
 3.11789453e-05
 1.10281363e-04
 2.07213585e-04
 5.36536435e-05
 1.51699964e-04
 3.12312571e-04
 2.26958465e-04
 2.20557211e-04
 3.50123891e-04
 3.12420596e-04
 1.32121538e-04
 5.35285764e-04
-6.85251054e-04
-2.24764969e-04
 5.68494645e-04
-3.93685303e-04
 2.67009916e-04
 1.34156387e-04
 1.87251225e-04
 4.45725760e-04
 2.40342047e-04
-1.43209580e-04
 3.91510407e-05
 2.93052474e-04
-2.30953119e-04
 4.17116562e-04
-3.33703914e-04
-5.60395983e-04
 8.91054056e-05
-2.73662251e-04
-2.35018329e-05
 4.47606293e-04
 2.31485983e-04
 1.69848571e-04
 1.45009200e-04
-2.79528244e-04
-1.92641717e-04
-2.32355616e-04
 4.62188814e-04
 3.94991184e-04
-2.34213178e-04
 6.97265561e-05
 2.84887917e-05
 4.91229215e-04
 3.28563176e-05
-5.02313613e-04
 6.01843436e-05
-7.34712045e-05
-1.66225599e-04
-1.12326438e-04
 3.48374566e-04
 2.20819651e-04
-1.00059023e-04
-1.35576912e-04
-2.52784726e-04
 6.32297297e-05
-1.24392584e-04
 2.70313224e-04
 3.87029821e-04
 2.78169404e-04
 5.90995343e-05
-8.53840509e-05
 5.10126968e-04
 4.76397794e-05
-1.33765950e-04
-1.55099299e-04
-2.06894363e-04
-3.77403120e-04
-1.75868176e-04
 1.18108817e-05
-3.29210242e-04
-1.31361523e-04
-5.22936352e-05
 3.46472426e-04
 3.28507338e-04
 3.26049951e-04
 5.22879676e-04
-4.67211257e-05
-2.65676339e-04
-1.81427758e-04
-1.55284549e-04
 1.96457287e-04
-1.97993984e-05
 6.89457870e-05
 7.84275335e-05
-5.95883510e-04
-1.32120348e-04
-3.27258516e-04
-2.82671503e-04
 2.08369733e-04
-3.33209075e-04
-1.59251627e-05
-1.49809345e-04
 1.07168181e-04
 3.73876569e-05
-3.74930281e-04
 2.26015012e-04
 6.56058626e-05
-3.01144937e-04
-8.64756420e-05
 3.22587090e-04
-3.63531785e-05
-5.42454582e-04
-4.42217751e-05
-2.02526905e-04
 1.30320298e-04
 4.85517867e-04
-5.11356372e-04
 2.24737004e-04
-9.48455286e-06
 1.99004354e-04
-4.95818321e-04
 1.58032924e-03
 2.97130397e-03
-4.23057057e-04
 6.10616172e-05
-4.82254825e-04
-5.29880672e-04
-3.94624457e-04
-1.67437726e-04
 5.30900969e-04
-5.04418399e-04
 3.22938959e-05
 3.12351586e-04
 2.59731204e-04
-2.39666254e-04
-5.03280929e-04
-3.25268302e-04
-2.81437246e-04
 2.10195754e-04
 3.17945993e-04
 5.08946502e-04
 4.64425806e-04
 4.98810568e-04
 3.12193955e-04
 7.88687213e-05
-6.31499175e-05
-4.85090198e-04
-4.35233006e-05
 3.00203161e-05
-3.31452012e-04
 1.56921410e-04
-2.90239432e-05
 5.17665769e-05
 4.13368355e-04
 5.09688799e-04
 6.62035804e-04
 3.57032942e-04
 1.54405669e-04
 6.20127428e-05
 9.90366472e-05
-3.62918206e-04
-4.37247939e-04
-6.39652572e-05
-3.57249223e-04
 1.08428190e-04
 3.12240041e-04
-2.00280446e-04
 6.10485834e-05
 9.20085870e-06
-1.61303128e-04
 1.33579174e-04
 6.75921870e-05
-1.39156008e-04
 9.38320579e-05
-1.18591663e-03
 2.11718527e-03
 3.21727893e-03
-3.99139356e-04
 6.67196840e-05
 1.73192947e-04
-2.44623731e-05
 1.91507490e-04
 1.72661789e-04
 6.39048919e-05
 6.33287517e-04
-5.08152035e-04
 1.21712823e-03
-3.81497396e-03
-5.89980155e-03
 1.01665718e-03
-4.63101731e-05
-8.75887993e-06
-9.51179749e-05
 4.32190098e-04
 5.76220387e-05
-5.21983026e-04
 7.21821052e-04
-4.59095051e-04
-1.71900017e-04
 7.63006803e-05
 1.02975457e-04
-4.49619845e-04
-6.24179022e-04
 6.41971601e-04
 1.62776999e-04
 1.20165405e-04
 4.04222523e-04
 1.20293835e-04
 2.24659045e-04
-1.54475268e-04
 2.75910778e-04
 2.03515204e-04
-6.67571177e-04
-2.17066726e-05
-3.01650656e-05
-3.42193282e-04
 3.76830160e-04
 2.42901473e-05
-7.08114921e-04
-8.19792859e-04
-1.24389653e-04
 2.50121826e-04
-1.30182655e-04
-1.73241134e-04
-1.69994985e-05
 2.61484119e-04
 4.39766256e-04
 1.15451097e-04
 3.55287448e-04
-1.21633264e-04
 4.34571725e-05
 4.61965765e-04
-4.09056818e-04
 1.04858491e-04
-4.44978431e-04
-1.15400657e-04
-1.63346162e-04
-5.91267398e-05
 4.43268040e-04
-8.69691398e-04
 1.72905351e-03
-3.89201584e-03
-4.85846080e-03
 1.17796751e-03
-1.25561794e-03
 1.75242925e-04
 2.52109048e-04
-4.16673083e-04
 7.23911863e-04
 8.98945801e-06
-1.72041332e-04
 3.13578916e-05
-1.53954131e-06
-1.28512975e-04
-2.46321148e-04
-4.19220747e-04
-2.84375595e-04
-3.89290493e-04
-1.87634425e-04
-1.35861317e-04
 5.12499612e-04
 2.47207677e-04
-2.51097114e-05
 5.87795508e-04
-1.89821899e-04
-2.20253063e-05
-9.53972212e-07
-1.79797387e-04
-4.54249408e-04
-1.94678887e-04
 4.90658619e-04
-8.60671725e-05
 7.66943244e-04
 4.13217801e-04
-2.85562095e-04
 3.86993380e-04
-1.62191367e-04
 3.74327683e-04
 5.71052339e-04
 6.95819768e-05
-3.35320885e-04
 5.07359554e-05
 2.52603226e-04
-5.16086683e-04
 7.98055194e-04
 4.68588738e-04
-1.87923086e-04
 3.65708180e-04
-1.36843291e-04
 2.14170801e-04
 1.52334537e-04
-4.66584194e-04
-3.31746104e-04
-1.08105710e-04
-9.29860284e-05
 2.65144744e-04
 1.60584244e-04
 4.83442208e-06
 6.37856123e-04
 2.16385463e-04
 3.95174959e-04
 2.46505115e-06
-3.25816273e-04
 6.57746087e-04
-2.67641318e-04
-3.34212875e-05
 7.41146562e-04
 2.46844036e-04
-8.55751914e-05
 1.33238166e-04
-1.35874791e-04
-6.24834790e-04
 9.96747640e-05
-4.99092349e-04
-2.82911133e-04
 2.14380061e-04
-5.90268123e-04
-5.57529193e-04
-3.53666947e-04
-6.16539960e-05
 1.77350871e-04
 4.10418309e-04
-1.59869674e-04
-4.06597430e-04
 1.25315423e-04
-3.36814438e-05
-1.90448466e-04
-3.35950945e-05
 4.86068572e-04
 3.27737576e-04
-4.06706703e-04
 8.61686115e-05
 1.25771291e-04
 3.63729435e-05
 2.73255990e-05
-1.92142725e-04
 2.48424605e-04
 3.14633791e-04
 8.62075686e-05
-3.17911572e-04
-3.03807235e-04
 3.41124807e-04
 5.98286653e-05
-6.07950788e-04
-9.56731649e-05
