-7.78854073e-05
-6.22624467e-05
 1.04974732e-04
 1.77887707e-04
 2.98058297e-04
-3.94887562e-05
-1.46171512e-04
-8.98392416e-05
 2.55246110e-04
-5.52599406e-05
 1.26754469e-04
 1.10162081e-04
-5.28338888e-04
-8.37408662e-05
 3.82391843e-04
-8.25898284e-05
-1.64655736e-04
 4.05543148e-04
-3.81041009e-04
-3.68494527e-04
-4.48373170e-05
 9.84098364e-06
 5.86461074e-04
 2.74149426e-04
-5.54526447e-05
-7.49679141e-05
-3.66716457e-04
 2.99880850e-04
-1.60262346e-04
-2.16770520e-04
 7.93199543e-04
-6.84571244e-05
 2.38719481e-04
 2.25023106e-04
-8.56562731e-05
 7.31372985e-04
 3.65388714e-04
-2.12759357e-04
 2.17231375e-04
 3.53303903e-04
-3.37738868e-04
 4.90086012e-05
 9.17372656e-04
 3.44010921e-04
-9.24776307e-06
 4.72633044e-05
 5.44188626e-06
 5.75001449e-04
 8.30847977e-04
 7.13750572e-05
 3.91220441e-05
 1.34642634e-04
-2.72092409e-04
-2.54312389e-04
-7.99768651e-05
-1.16016018e-04
 2.18570540e-05
 2.47379428e-04
-3.82533278e-04
 1.11523765e-04
-3.21871717e-04
-6.90066171e-04
 3.14330825e-05
-6.82933055e-04
 1.16249365e-04
 9.83686057e-04
-5.33997552e-05
-3.40626414e-04
-2.18952721e-04
-6.64853220e-04
-1.14849270e-04
 2.29260665e-04
-3.15360071e-05
-6.94834661e-05
-6.90493710e-05
-7.23057410e-05
-3.13669177e-04
 2.49242841e-04
-1.99445175e-04
 2.67849537e-04
 5.93667129e-04
-5.10846876e-04
 5.14233168e-05
 1.61926138e-04
-1.63005660e-05
-5.18900972e-04
 1.04004029e-04
 5.49106584e-04
-1.91799398e-04
 2.95740233e-05
-3.36336162e-04
 9.91171584e-05
 8.44652331e-04
 3.53250198e-04
 2.38228691e-04
 4.62248412e-04
 1.94026635e-04
 1.20465817e-04
-6.66790323e-05
-7.07247586e-04
-2.44862314e-04
 3.00198953e-04
 7.76806634e-05
 5.36843540e-04
 6.82878057e-05
-1.93103031e-04
 4.42918071e-04
 2.16638718e-04
 2.94722251e-04
-1.15286052e-04
 4.62668357e-05
 6.57029789e-05
-2.78811059e-05
 3.76115637e-04
 1.15308186e-04
-2.47498041e-04
-6.39953134e-05
 8.04638637e-05
-8.36903795e-04
-1.38014475e-04
 6.49663631e-05
-5.93736767e-04
 3.02161074e-05
 5.22850889e-05
 1.59768873e-05
 2.60175295e-04
-3.87795259e-04
 7.30505230e-05
 6.30002399e-04
-3.66347885e-04
 2.17899477e-04
 5.52992886e-04
-1.38023268e-04
-4.22288867e-04
-3.92056859e-04
 1.75591108e-04
 4.58023356e-04
 1.16767268e-04
-4.69497165e-04
 4.02084279e-04
 1.61580151e-04
-6.47980344e-04
 5.56899978e-04
 4.35199759e-04
 1.69364950e-04
 2.19905011e-04
-8.28385039e-05
-2.03800714e-04
-3.03010702e-04
 1.47532490e-04
 9.65224159e-05
 1.40515206e-04
 9.27986581e-05
-2.50791898e-04
-2.05389459e-04
-1.58780314e-04
-2.78334202e-04
-3.20091094e-05
 9.16122151e-05
 2.59842260e-04
-1.48530389e-05
-5.23148782e-04
-3.81469653e-05
-6.63079997e-04
-5.09295062e-04
 1.30334468e-04
-7.74900473e-05
 3.57428018e-04
-1.87103434e-06
-4.38739580e-05
 2.77470251e-05
-3.09403406e-04
 2.64600824e-04
 1.88295742e-04
-3.67566443e-04
-1.72248552e-04
 5.49600992e-05
 4.11876955e-04
 3.09855688e-04
 5.38558590e-05
 2.50415146e-04
 4.27058381e-04
 3.88339308e-04
-2.93799809e-04
 3.05237888e-05
 4.08246777e-04
-1.55591496e-05
-1.20213269e-04
 8.04261969e-05
 1.73622689e-04
 2.15679750e-04
 2.21678217e-05
-8.43264093e-05
 2.65509319e-04
 1.35760607e-04
 2.68583948e-04
 8.89927441e-05
 1.43597140e-05
 3.33944338e-04
-2.89889464e-04
-3.79202938e-04
-1.04943152e-05
-2.07626938e-04
 4.53379245e-05
 7.51720659e-04
 1.92907472e-04
-4.13409592e-04
-1.88498183e-04
 1.30451485e-04
 9.07682889e-04
-3.94756005e-04
 2.65331424e-04
-1.24018379e-03
-3.27452141e-03
-1.63989530e-04
 7.81085826e-05
-3.36828563e-04
 3.88136114e-05
 5.30071756e-04
 1.45119507e-04
-1.82494656e-04
 6.07944247e-04
-6.00786451e-05
-3.93726173e-04
 5.52011279e-04
 6.38172617e-04
-1.99808399e-04
-4.93226946e-04
-1.34990246e-04
-1.83379844e-05
 3.98651324e-05
-1.33261775e-04
-5.95275358e-04
-6.33442651e-04
-1.80039873e-04
 9.18556690e-05
-3.58915084e-04
-5.43112655e-05
-1.65008090e-04
-4.35325541e-04
 1.75723452e-04
-1.91045814e-05
-1.73976541e-04
 7.09404291e-06
-1.44004126e-04
-2.47391651e-04
-1.89019150e-04
-3.58306347e-04
-1.95619038e-04
 6.19828861e-04
 3.27199266e-04
-1.06072268e-04
-6.39106280e-05
-2.98648400e-04
-3.27859434e-05
 4.30775959e-04
 1.30084997e-04
-6.43286800e-04
-4.06835795e-05
 1.00117599e-04
-1.97954237e-05
 3.90437708e-04
 1.72080622e-04
 2.74224295e-04
-5.74318423e-04
 5.85033233e-04
-1.96993872e-03
-3.65736391e-03
 3.86581236e-04
 6.34971426e-05
-7.59251376e-04
 2.60232456e-04
 5.98880374e-04
 9.50685758e-05
 2.22423694e-04
-3.87383603e-04
 4.12607377e-04
-1.10664285e-03
 3.06021797e-03
 5.99172369e-03
-6.17104372e-04
 2.57872900e-04
 3.53723509e-04
-2.49944004e-04
-1.79447248e-04
-6.34467886e-04
 2.49623178e-04
-2.15920017e-04
 5.63059911e-05
 4.89455781e-05
-3.09670017e-04
-2.81237696e-04
 1.48552105e-04
 1.40022016e-04
-3.55798492e-04
-8.39721283e-04
-4.47552715e-04
-1.64846406e-04
 9.17355142e-05
 9.51968337e-05
-1.90196200e-04
 4.54494395e-04
 2.36262145e-04
-2.11846350e-04
 2.30795860e-05
-3.38694157e-04
 1.88847535e-04
-1.18381944e-04
-9.11030251e-04
-2.69856466e-04
-7.20176213e-04
-5.73786546e-04
 4.20862236e-04
 3.36837443e-04
 1.70076394e-04
 2.01509066e-04
 4.01669840e-05
 4.01379338e-04
 1.18788925e-04
-5.55441028e-05
 5.34737325e-05
-3.33719915e-04
-1.97404971e-04
 2.06962390e-04
 3.21152806e-04
 2.15523230e-05
-5.41932086e-04
-8.17307866e-05
-1.62645832e-04
 2.88573069e-04
 1.21871840e-03
-1.65954925e-03
 3.84609149e-03
 5.06946979e-03
-8.87517876e-04
 1.78690648e-04
-4.37823165e-04
 3.86518368e-04
 2.93633723e-05
-4.84122460e-04
 1.51062137e-04
 3.05486015e-04
 2.93544674e-04
-4.68450452e-04
 6.77813511e-05
-5.14283738e-05
