-9.11620540e-05
 9.61780770e-06
 4.12011179e-04
 3.28922349e-04
-1.42439364e-04
-1.28851683e-04
-2.31053503e-05
-7.78791761e-05
-1.20443740e-05
 1.91433372e-04
 5.12862109e-04
-2.12899635e-04
 2.28997462e-04
 3.40351421e-04
-2.60149432e-05
 3.62457074e-05
-5.89149785e-04
 2.38896583e-04
-2.02344973e-04
-2.24898216e-04
 3.20510072e-04
-1.53832841e-04
 2.83777444e-04
-1.14055932e-04
-8.01042861e-05
-1.41140392e-04
-1.00992530e-04
 1.46036770e-04
-1.14810755e-04
 5.92897303e-04
 1.63529593e-04
-2.93948334e-04
-7.90954886e-05
-2.63329022e-04
 5.07925592e-05
-2.82206459e-04
-4.03616774e-04
 2.84201995e-04
-3.19910558e-06
 2.06306969e-04
-1.40418406e-04
-4.40423869e-04
 1.07460161e-04
-2.53237555e-04
 1.96705837e-05
 5.13285435e-05
-2.25147726e-04
-5.46359237e-04
-6.33078014e-04
 3.43131898e-06
 4.83936472e-05
 3.41261659e-04
 4.52622290e-04
-4.45697436e-04
-5.46182409e-04
-7.52838337e-05
 3.24078939e-04
 1.94689694e-05
-3.29967582e-04
 1.07999789e-04
 2.52453298e-04
 1.02242462e-04
-1.23424111e-05
 1.47992326e-04
 3.82098571e-04
 1.89993166e-06
-4.28557165e-04
-3.26910086e-05
 1.48054765e-04
 2.11616924e-05
 1.52969894e-04
 8.96636190e-05
-2.58251069e-04
-3.32960200e-05
-2.29916759e-05
 1.22275301e-04
 3.40991422e-04
-3.90686862e-04
-2.95778060e-04
 4.67713372e-04
 1.99201307e-04
-5.41062255e-04
-1.38131321e-04
 2.09586557e-04
 1.45622431e-05
 5.50704893e-06
-1.99029541e-04
 2.73873394e-04
 2.07785319e-04
 2.43252940e-04
 5.30461036e-04
-1.03664405e-04
 3.13432792e-04
 4.07585254e-04
-2.55126508e-06
-3.76698619e-04
-4.95495218e-04
 3.02475767e-04
 2.50939747e-04
 3.75680960e-04
 1.40662182e-04
-3.30312794e-04
-1.26425928e-05
-4.08722329e-04
-1.21279495e-04
-3.65349283e-05
 3.44194183e-05
 7.63115130e-05
-1.47076056e-04
 5.03117958e-04
 2.14513790e-04
 1.05526264e-04
 5.87114406e-04
 5.53710942e-04
-4.27479560e-04
-7.52828119e-04
 3.58171746e-04
 2.13900910e-04
-6.67149858e-05
-6.64358816e-05
-4.52410279e-04
 2.56932948e-04
-5.63494493e-05
-4.44212593e-04
 1.08150826e-04
 1.86619254e-04
-2.52073226e-05
-5.27742848e-05
 5.62559427e-04
-2.23229280e-04
 2.59868683e-04
-1.48545901e-04
 6.32097036e-04
 2.13344423e-03
 6.10276826e-05
 2.87997653e-04
-1.35315891e-04
-1.06009656e-04
-9.69707976e-05
-8.88067220e-04
 7.74451407e-05
-7.51612553e-05
 6.38173940e-05
 2.09368036e-04
-2.77725784e-04
 3.34210794e-05
-1.81442117e-05
-2.73312466e-04
-4.98899221e-04
-4.77402822e-04
 6.21236866e-05
-1.27070875e-04
-2.71022007e-04
 3.76283882e-04
 5.24919149e-05
 1.50030104e-04
-1.10991534e-04
-6.34007917e-04
 7.18199024e-04
-1.08894963e-04
-3.60532685e-04
 5.87612797e-04
 6.23622014e-04
 6.06815011e-04
-2.37947297e-04
-4.10486231e-04
 4.25301435e-04
 5.01903073e-04
-6.64569911e-05
-4.50535279e-04
 1.76130489e-04
-6.54481999e-05
-7.58301131e-04
 1.60130962e-04
-1.66235073e-04
-1.25280146e-04
 2.82952687e-05
 6.29719000e-04
 6.26994411e-04
 9.95169195e-06
 2.03720872e-04
-4.00880044e-04
 4.24499071e-06
-5.89422683e-04
 4.54363933e-04
-6.01648018e-04
 1.85781018e-03
 4.79179849e-03
-8.62647539e-05
 7.17692148e-05
 3.84343988e-04
-7.21456508e-04
 2.69596984e-04
 1.20520142e-04
-2.14277945e-04
 2.46795212e-04
-2.52304659e-04
 7.02006116e-04
-1.73779229e-03
-3.50037361e-03
 5.63666753e-05
-1.01893016e-04
 4.82781668e-04
 9.57780758e-05
-1.02024025e-05
 1.00731399e-03
-2.38514431e-04
 2.02014518e-04
 1.91482023e-04
-6.05087004e-04
-4.05156086e-04
-1.18343989e-04
 2.24863457e-04
-3.11879949e-04
-3.14654479e-04
 4.43077419e-04
-3.09261028e-04
-3.56315974e-04
 4.81082137e-05
-6.11063062e-05
 3.32075670e-04
-6.82946464e-04
-4.58146666e-04
 3.39580929e-04
-7.58298203e-04
 1.93192071e-05
 1.19328713e-04
-1.20103813e-04
-1.07995259e-04
-6.48309878e-04
-2.81223424e-04
-3.47589139e-04
-3.04588846e-04
-6.61127200e-04
-4.35594238e-04
 2.09406712e-07
-5.27157688e-04
 1.32815998e-04
 4.61729408e-04
-3.40797466e-04
-4.32457163e-04
-4.49406367e-04
-2.18799575e-04
-1.94744343e-04
-2.81389860e-04
-6.94204425e-04
-3.55803404e-04
 7.99200010e-05
-3.19495324e-04
 6.43075463e-04
-1.01577882e-03
 2.40445780e-03
-4.79117136e-03
-9.52942600e-03
 1.20636355e-03
-6.07934867e-04
-1.40385659e-05
 7.87497220e-04
-1.02912503e-03
-4.89720369e-05
 1.07842436e-04
 3.57035644e-04
-1.33566228e-04
 2.70583701e-04
 1.46800500e-04
 6.25953945e-05
-5.32595813e-04
-3.81651917e-05
 5.11177617e-04
 3.92584645e-04
 5.47748059e-04
 2.80092711e-04
-3.65232226e-04
-2.41350136e-04
-1.31602635e-04
-4.21638379e-04
-3.27301464e-04
-3.72973755e-04
 2.11237222e-04
 1.78058203e-04
-5.95835609e-05
 1.27144501e-04
 3.05981166e-04
 1.68351052e-04
 4.10553909e-04
 4.39672350e-04
-4.41928525e-04
 1.52260067e-05
-3.88574262e-04
-4.69867947e-04
 9.36234760e-05
-4.07072002e-04
-5.90946796e-04
 6.29460531e-05
 4.65010131e-04
-2.42470730e-04
-1.16529139e-05
-2.36275666e-04
-1.07018576e-04
 5.34072536e-04
-3.72006440e-04
-1.42974078e-04
 8.47746025e-05
-2.40944383e-04
-2.73749570e-04
-4.00041749e-04
 1.26645196e-04
-9.54329721e-05
 3.64817928e-05
-2.85826713e-04
-6.46071731e-04
 5.26152238e-05
-1.38377839e-04
 1.16740474e-04
-1.02728750e-04
-4.96903100e-04
 1.10115331e-05
-5.04039346e-04
-1.56601893e-04
 1.80012329e-04
-5.65919145e-04
 7.83711802e-06
 1.76448712e-04
-5.25930543e-04
-9.63869817e-04
-3.28291939e-04
-1.44851304e-04
 1.11751339e-04
 1.44195699e-04
 2.04665733e-04
 2.28272310e-04
-2.25280877e-04
 2.01178952e-04
-5.13656352e-04
 3.78661800e-05
 4.58121164e-04
 3.90000727e-04
 6.13331057e-04
-1.16851991e-04
-1.91408686e-04
-5.90478145e-05
-6.94292283e-05
-3.50290643e-04
 2.67468601e-05
-1.44134510e-05
-1.93570839e-04
