-4.53011333e-06
-1.17125820e-05
 1.49203188e-04
 4.32212447e-04
 7.33023555e-05
-2.20564424e-04
 7.78377855e-05
-9.06020645e-05
-2.04827266e-04
 1.41560144e-04
-2.01042562e-04
-2.26948588e-04
-1.24372411e-04
 9.46187983e-05
 3.70465780e-04
 1.54551652e-04
 1.76786506e-04
 1.90038331e-05
-3.26011553e-04
-2.55028685e-04
-3.16424530e-04
 3.45653847e-05
 2.80650422e-04
-2.55243391e-04
-1.63166018e-04
-1.17331415e-04
-3.17112155e-04
 1.39097077e-04
 2.54674237e-04
-3.46987338e-04
 1.12496184e-04
 3.18651517e-04
-1.22064035e-04
 1.29418618e-04
 1.93891180e-04
-4.40330292e-04
-1.73938171e-04
 4.68322841e-04
 1.59983515e-04
-6.77751902e-04
-5.11968682e-04
 2.60234367e-04
-1.51394517e-04
-1.10085492e-04
 5.14508178e-04
 2.27244678e-04
-6.24707075e-04
 5.29214879e-05
 1.43388536e-04
-4.52460969e-04
 3.59456701e-04
 3.58189565e-04
 1.74726009e-04
 1.44947125e-04
 2.44078096e-04
-2.73800661e-04
-3.75305737e-04
 4.81935607e-04
-5.20422863e-04
-3.91863678e-04
 3.84032735e-05
-2.00137320e-05
 1.18754791e-04
-1.70459953e-04
-1.52575509e-04
-1.73965643e-04
-7.91156156e-05
-5.03955562e-04
-1.30134664e-04
-1.39969311e-04
-1.35192390e-04
 6.46473973e-05
 1.49656455e-04
 4.54828989e-04
-6.75630302e-05
-3.48644985e-05
 2.45988728e-04
 4.13532577e-05
 3.59945526e-05
 2.82151631e-04
-1.51695974e-04
 8.03895495e-05
 9.06161327e-05
 3.77321553e-04
 6.51355707e-04
-3.29103966e-04
 1.63757700e-04
 4.52360624e-04
 3.40437740e-04
-1.36994454e-04
-5.87061250e-04
-2.86827015e-04
 5.43012059e-05
 9.92023341e-05
 1.78163135e-04
 2.43901447e-04
-6.26054614e-04
-4.72417363e-04
-4.28381148e-05
-1.76769020e-04
-2.54807391e-04
 5.81064212e-05
 3.12849285e-04
-1.14649268e-03
 9.52858218e-04
 1.57647464e-04
-1.71514534e-03
 1.82353657e-03
-2.32839092e-04
 1.96393197e-03
-4.36306898e-03
 5.27766512e-03
-6.60779665e-03
 1.18010124e-02
 4.23557271e-02
-4.59995743e-02
-1.03149564e-02
 6.05523840e-02
-2.88344787e-02
-4.55048757e-02
 3.85053899e-02
 4.83252637e-02
-2.94635268e-02
-5.84301378e-02
-4.81251294e-03
 5.15634924e-02
 5.20369192e-02
 3.94173888e-03
-4.40875726e-02
-6.15236615e-02
-5.09972506e-02
-2.61854155e-02
 2.35977524e-03
 2.59116587e-02
 4.03345780e-02
 4.57429048e-02
 4.69441332e-02
 4.66340361e-02
 4.36570316e-02
 3.43034808e-02
 1.45166133e-02
-1.24952158e-02
-4.04597414e-02
-5.92846660e-02
-5.64740762e-02
-2.14710618e-02
 3.28694095e-02
 5.99826923e-02
 2.71966712e-02
-3.88626144e-02
-5.63334803e-02
 1.43605533e-02
 6.03955302e-02
-9.81515380e-03
-5.39547757e-02
 2.35422297e-02
 4.43775216e-02
-5.51417742e-02
 4.04223881e-03
 4.53779006e-02
-5.64621014e-02
 3.52090220e-02
-7.88538353e-04
-2.68692643e-02
 3.66325149e-02
-3.34230499e-02
 2.52881981e-02
 1.54478082e-02
-8.78180792e-03
 4.82500039e-03
-4.68429831e-03
 5.70892970e-03
-6.04045856e-03
 4.18995031e-03
-1.54745332e-03
 2.15389812e-03
-7.26473454e-03
 9.45368729e-03
-1.28450449e-02
 3.67996980e-02
 7.80533388e-02
-9.98692924e-02
-2.08178681e-03
 1.15102131e-01
-7.29325036e-02
-7.82320221e-02
 8.84879112e-02
 8.32110592e-02
-7.59698157e-02
-1.11561800e-01
 1.07596227e-02
 1.11950991e-01
 9.19439153e-02
-1.45649193e-02
-1.03319135e-01
-1.21189710e-01
-8.69044306e-02
-2.96910894e-02
 2.97358811e-02
 7.46785930e-02
 9.82015180e-02
 1.06332266e-01
 1.08195626e-01
 1.07304842e-01
 1.03742222e-01
 8.98830284e-02
 5.67956196e-02
 3.50796121e-03
-5.71868816e-02
-1.07027455e-01
-1.21755786e-01
-6.94856150e-02
 3.89022760e-02
 1.16633608e-01
 7.69041449e-02
-5.27484572e-02
-1.20936346e-01
-4.35324519e-03
 1.21282112e-01
 1.17376141e-02
-1.11307412e-01
 1.80016312e-02
 1.07254132e-01
-9.13869649e-02
-2.78358454e-02
 1.10390293e-01
-1.04828310e-01
 4.43657062e-02
 2.68472207e-02
-7.09656922e-02
 7.75802891e-02
-5.95198890e-02
 3.41366351e-02
 4.48098708e-02
-2.29319919e-02
 1.82299396e-02
-1.40866011e-02
 1.00332167e-02
-4.35930447e-03
 1.33321822e-03
 1.75791938e-03
-2.63772739e-03
 2.84671773e-03
-2.17732724e-03
-7.86240455e-05
 4.66604208e-04
 4.05251098e-04
 3.31285041e-04
-5.33563862e-04
-2.03414435e-05
 2.34851262e-04
-3.53159951e-04
-2.85593321e-04
-3.00689726e-04
 3.91802622e-04
 3.44305861e-04
 9.27946425e-06
-9.20213152e-05
-1.23934833e-04
 1.13554821e-04
-4.60410032e-04
-1.75584338e-04
-2.65811393e-05
-3.46675541e-04
-3.35512981e-05
 1.39310765e-04
 4.41663268e-04
 4.74510600e-04
-4.95256012e-04
-5.96133327e-04
 2.64251620e-04
-6.50861951e-05
 2.06486824e-04
-3.46646360e-04
-6.99049045e-04
-3.04926582e-05
-4.73779079e-04
-2.54350799e-04
 2.27551218e-04
-1.82905671e-04
-3.22893326e-05
 5.09898766e-04
 2.38084879e-04
 2.56658238e-04
 9.15244706e-05
-3.54422819e-04
-2.92971491e-04
 1.02724089e-04
 2.94599350e-05
-1.92890345e-06
 9.10369368e-06
-1.17007955e-05
 5.77303094e-05
 1.49411509e-04
 2.48881936e-04
 2.28413621e-04
 1.19413080e-05
-4.11960540e-04
 8.19218974e-05
 1.17491030e-05
-1.97474877e-04
 1.58593251e-07
 5.02105500e-05
 2.27748362e-04
 1.62444178e-04
 2.82262823e-04
 1.92609222e-04
 1.23221155e-04
-1.91229841e-04
-4.36131506e-04
 2.64480877e-04
 2.70564896e-04
-1.00174811e-05
 1.40329207e-04
 5.52104410e-04
 2.20982988e-06
-4.11306078e-04
-1.60729508e-04
-1.64870949e-04
 3.27745371e-04
-6.02588069e-05
-1.69209036e-04
 7.57460763e-05
 4.38156041e-05
-4.10399750e-04
-1.35498791e-04
 6.00730048e-04
-1.21599325e-04
-1.47905754e-04
-1.74003523e-04
 4.17492756e-05
 9.04499063e-05
-3.17445721e-04
 3.86590998e-04
 2.48572536e-04
-1.56545506e-04
-1.05792896e-04
 1.47304006e-04
-9.24807558e-05
-4.17969950e-05
 2.54444494e-05
-2.89684791e-04
 2.01624137e-04
 2.16776121e-04
-6.64280736e-04
-2.83323799e-04
