 5.21905862e-05
 6.33256089e-04
 1.52892581e-04
 1.01007453e-04
 1.18955046e-04
 2.85576528e-04
 1.30659448e-04
 1.42075227e-04
 5.29035575e-04
-3.22963348e-04
-3.14908767e-04
 1.70629159e-04
-5.53257785e-05
-5.38927994e-04
-1.74088190e-04
 3.73373323e-04
 1.72674954e-04
-3.12113416e-04
-2.78013738e-04
-1.83632813e-04
-2.07032261e-04
 9.86757658e-05
-1.00432478e-04
-9.94642677e-05
-2.71061609e-04
-1.46696973e-05
-2.50956902e-04
-1.01000623e-03
-2.48061951e-04
 2.61398662e-04
-5.02107083e-06
-1.03790917e-04
-3.35112086e-04
-6.13777799e-04
-1.17469901e-04
 2.06846883e-04
 1.36027418e-04
 8.53539356e-05
 2.59746624e-04
 6.78138192e-05
-1.84230663e-04
-8.18075099e-05
-1.55749320e-04
-1.79764195e-04
-9.98223152e-05
-3.38754273e-05
-6.54537409e-04
-1.26736752e-04
 4.41515667e-05
-2.31080576e-04
 3.26738592e-04
-1.19259454e-04
 2.99201992e-04
 1.04375082e-04
-9.82954565e-05
 4.50359586e-04
 5.52868182e-04
 8.61520247e-04
 9.16141525e-05
 1.27454236e-04
-8.00773125e-05
-2.36619000e-04
 4.50441241e-06
-4.12308511e-04
 9.92682400e-05
 5.84861504e-04
 5.50561834e-04
-1.62959885e-04
 3.34420199e-04
 7.31315046e-05
-1.61948412e-04
 6.64651307e-04
 3.39612343e-04
 7.56145372e-04
 1.46976055e-04
-4.58317456e-04
-5.06954858e-04
-3.88337337e-04
-3.10451357e-04
 1.44944347e-04
 4.16395519e-04
-5.00202574e-04
 3.14367297e-04
 5.85344760e-04
 3.59804210e-05
-1.75216977e-04
-1.48557701e-04
-6.13721836e-04
-3.18653076e-04
 5.76213899e-04
-1.16005327e-05
 2.16926719e-04
-1.21613252e-05
 4.65249571e-04
 3.85476135e-04
-1.63925063e-04
 6.13889801e-05
-3.83716708e-04
-1.27550017e-05
-1.91447736e-04
 9.09256905e-05
 2.66798613e-04
 2.73984009e-05
 1.29133153e-04
-5.88639092e-05
 5.23004193e-04
 4.37856776e-05
-6.93222287e-04
 1.67347666e-04
 4.93299025e-04
 7.81986316e-05
-1.70174810e-04
-2.81668518e-04
-2.60091817e-04
 1.88279410e-04
 1.63347587e-04
-2.13915527e-04
-1.16374667e-04
 4.74329595e-05
-4.01611186e-05
 1.25593023e-04
-2.08966798e-04
-9.17612137e-04
-1.87285703e-04
 1.87530555e-05
 1.21133641e-04
 7.22688972e-04
 1.31875941e-04
 3.19361454e-04
 7.34183962e-04
-3.77888132e-05
-1.46945348e-04
-1.57056129e-04
-5.23216818e-04
-1.13681723e-04
 1.39323623e-05
-1.93289701e-04
-9.36882021e-06
 3.35039471e-05
-1.36214526e-04
-3.31653174e-05
 1.93625788e-04
-8.35384624e-05
-2.23409994e-04
-5.36206785e-05
-4.79222491e-04
-9.01399572e-05
 4.92172998e-04
-3.54161110e-04
-2.53622569e-04
 3.76427717e-04
-1.57293030e-04
-1.58298227e-04
-1.35314200e-04
-3.27758556e-04
 1.71864294e-04
 2.54274306e-04
 4.20179199e-04
-3.17665113e-04
-5.17631520e-04
 6.43261689e-05
 1.63393613e-04
-5.92052324e-05
-2.93044939e-04
 5.17490420e-04
-3.23004474e-04
-4.05634800e-04
 4.87756718e-04
-3.83330555e-04
-4.86646451e-04
 1.10226167e-04
 3.05963162e-04
 1.35600845e-04
-2.71517451e-04
 1.32469801e-04
 3.42230256e-04
 4.29883956e-05
 1.47837104e-04
-5.05149206e-05
 2.43538986e-04
 5.79638295e-04
 2.26913341e-05
-2.04220505e-04
-1.66386277e-04
 7.13132417e-05
 3.47715209e-05
-2.11807774e-05
 1.69645652e-04
-1.83615413e-05
-1.18557137e-04
 1.93246505e-04
 4.24952277e-04
-9.11469522e-04
 2.18200456e-05
 1.37483207e-03
-2.15964620e-03
 1.37927272e-03
-2.58539274e-04
 1.49956364e-03
-2.30108208e-03
 7.93941618e-04
 1.40908493e-03
-1.40844508e-03
 4.17551946e-02
-2.19447293e-02
-3.24261976e-02
 6.02877079e-02
-1.36113486e-02
-5.11846869e-02
 3.59187908e-02
 4.36460710e-02
-3.61564593e-02
-5.46959107e-02
 1.55511683e-02
 5.82311995e-02
 2.83985540e-02
-3.13031701e-02
-6.25361241e-02
-4.45517001e-02
-4.08649097e-03
 3.26447415e-02
 5.53501577e-02
 6.22503899e-02
 5.76146377e-02
 4.86085808e-02
 4.13720772e-02
 3.82070123e-02
 3.94217239e-02
 4.45906393e-02
 5.32459143e-02
 6.07334559e-02
 5.99190374e-02
 4.42911626e-02
 1.47980523e-02
-2.59662259e-02
-6.02911902e-02
-5.23310352e-02
 2.40816099e-04
 5.23791087e-02
 4.51047095e-02
-2.49305082e-02
-6.06695560e-02
 8.81691220e-03
 5.68825861e-02
-1.50122412e-02
-5.08122472e-02
 3.91774431e-02
 2.77897784e-02
-6.19267828e-02
 3.96007814e-02
 5.76113790e-03
-3.96359576e-02
 4.82476254e-02
-3.41924822e-02
 1.14552783e-02
 8.36726914e-03
-2.43965774e-02
 2.53010324e-02
-1.13322797e-02
 5.22949479e-03
 6.23406133e-04
-5.74374646e-03
 5.21985969e-03
-4.92720317e-03
 4.61697789e-03
-7.19457843e-03
 3.87652411e-03
 1.55160116e-03
-1.71743967e-03
 7.95817249e-02
-5.52681141e-02
-5.12073029e-02
 1.21951298e-01
-4.53024702e-02
-9.36065791e-02
 8.41895009e-02
 7.41781093e-02
-8.73030318e-02
-9.80642778e-02
 5.00555541e-02
 1.16518950e-01
 3.89606846e-02
-8.05431796e-02
-1.24897087e-01
-7.17221216e-02
 1.48726455e-02
 8.25433074e-02
 1.16735474e-01
 1.20359649e-01
 1.02891427e-01
 7.95585139e-02
 6.30168496e-02
 5.57516293e-02
 5.78899081e-02
 6.93529697e-02
 8.96566932e-02
 1.12889561e-01
 1.21773960e-01
 1.04694596e-01
 5.56735997e-02
-2.48351393e-02
-1.04852045e-01
-1.18000879e-01
-2.89974474e-02
 8.85848411e-02
 1.06008984e-01
-1.94684330e-02
-1.24602728e-01
-1.40502002e-02
 1.15574270e-01
 6.72780053e-04
-1.10392797e-01
 4.95652524e-02
 8.35704497e-02
-1.21150221e-01
 4.94226779e-02
 4.31072348e-02
-9.62298171e-02
 9.30816921e-02
-5.02535895e-02
 9.32643106e-04
 3.60206503e-02
-6.18756465e-02
 3.89387088e-02
-1.31564743e-02
 5.63211950e-03
 1.31121038e-03
-5.42021247e-03
 6.97917436e-03
-6.31855846e-03
 4.28290476e-03
-2.84889866e-03
 1.31251584e-03
 3.47110738e-04
-2.57927442e-04
-1.83971983e-04
-2.45484074e-04
 3.05719169e-04
-1.07985258e-04
-3.41887274e-04
-2.74825805e-04
-1.75061448e-04
-3.11740241e-04
 4.91712610e-04
 6.48351811e-04
-1.96088850e-04
