-9.15393857e-05
 3.72956614e-04
 2.93220328e-04
-1.64825737e-04
 2.08943180e-04
 3.02046001e-05
 1.69555812e-04
-1.12307093e-04
-1.72500083e-04
 1.45633204e-04
 3.97145352e-04
 9.83228489e-04
 1.58798000e-04
-4.18055584e-05
 4.75042201e-04
 3.39899439e-04
 2.27805019e-04
 2.51548080e-04
 1.98581915e-05
 3.83551196e-05
 2.27229053e-04
 1.59187699e-04
 1.60543176e-05
 1.61425159e-04
 4.03872286e-04
-1.04379912e-04
-2.16024408e-05
 2.62368722e-04
 1.32488524e-04
 1.57291147e-04
-6.73020631e-05
-1.10240299e-04
 7.49231029e-06
-4.80581140e-05
-4.12336618e-05
 3.60436103e-04
 3.26961154e-04
 5.45034870e-05
 4.59512344e-04
 3.06447688e-04
 1.27568327e-04
 1.00099944e-04
 3.31129015e-04
-2.82070407e-04
-4.54758932e-04
 2.63840323e-04
-2.79964585e-05
 2.97078738e-04
 6.51609210e-06
-1.94797178e-04
-8.91376540e-05
-1.57498567e-04
-1.19785852e-04
-2.35539582e-04
 8.17740667e-05
 1.75168119e-04
 3.45458049e-04
 4.11462717e-04
 2.54597801e-04
-1.95213554e-04
 1.44643567e-05
 2.03095071e-04
-1.96251182e-04
 1.43713917e-04
 1.26027198e-04
-4.83041709e-04
-3.83402604e-04
 1.87571013e-04
 2.27172520e-04
 2.53014797e-04
 2.87466354e-04
 3.49960382e-04
-2.12424365e-04
-2.80150827e-04
 3.37781672e-05
-6.85303305e-05
-6.07513487e-04
-2.43562100e-04
 8.44795568e-04
 4.38829815e-05
-1.19941449e-04
-2.84248679e-04
-3.87213922e-04
 4.36086572e-04
 2.17616525e-04
 4.95329088e-04
 1.83363246e-04
-6.22549835e-04
-4.28582143e-04
-1.29389848e-04
 3.07660997e-04
-1.56677469e-04
-3.57806325e-05
 2.34548272e-04
-2.11453262e-04
-2.44283374e-04
-6.60419350e-05
 2.74307894e-04
 8.05062446e-05
-2.66903542e-04
-2.24819129e-04
 2.43874221e-04
 8.35232403e-05
 1.64069042e-04
 4.18237127e-04
-3.05041501e-04
 3.62165182e-05
-2.31616989e-04
-2.67732014e-04
 6.21235760e-05
-4.91228965e-04
-2.60694012e-04
 3.56647763e-04
 4.76703100e-04
-2.71659886e-04
 2.28473871e-04
 5.54327377e-04
-5.50479843e-04
 4.41465159e-05
 5.77741390e-04
-1.86031455e-04
 2.94898596e-05
 3.98399511e-05
-3.27254059e-04
-1.87428858e-04
-3.81090880e-04
-4.35538707e-04
-2.91315014e-04
-5.83330586e-04
-2.44661719e-05
-2.26417665e-04
-4.47315571e-04
 3.19196971e-04
-3.08819248e-04
-4.20963931e-05
 2.80584604e-05
 2.66424200e-04
 4.67033969e-05
-8.38463878e-04
 3.39882255e-04
 1.14728098e-04
-1.16925912e-04
-7.13379775e-04
-5.74697230e-05
 1.80515159e-03
-1.78154287e-03
 1.09646575e-03
-3.94904568e-04
 1.46847208e-03
-2.09690569e-03
 7.36281072e-04
 8.29136335e-04
-1.42938040e-03
 4.20646473e-02
-2.26496669e-02
-3.29130860e-02
 6.06383978e-02
-1.41555789e-02
-5.20635553e-02
 3.53153407e-02
 4.33186890e-02
-3.61266881e-02
-5.41198612e-02
 1.55494882e-02
 5.80478844e-02
 2.90083500e-02
-3.17983359e-02
-6.31923001e-02
-4.50118571e-02
-3.96965327e-03
 3.27787950e-02
 5.40796065e-02
 6.20617823e-02
 5.78746401e-02
 4.81122655e-02
 4.15338913e-02
 3.83464403e-02
 3.98006192e-02
 4.51068273e-02
 5.30536225e-02
 6.09047005e-02
 6.02124669e-02
 4.47757413e-02
 1.42582660e-02
-2.67032858e-02
-5.91377582e-02
-5.20617526e-02
 2.79609152e-04
 5.25400575e-02
 4.45768708e-02
-2.48973125e-02
-6.01970553e-02
 9.05694713e-03
 5.68665663e-02
-1.47855483e-02
-5.11214335e-02
 3.93481136e-02
 2.81314522e-02
-6.24233645e-02
 3.92664128e-02
 5.28366602e-03
-3.95236019e-02
 4.79754736e-02
-3.46055007e-02
 1.15553045e-02
 8.01644590e-03
-2.47496502e-02
 2.47355579e-02
-1.07324028e-02
 5.83146915e-03
 5.72896627e-04
-5.23769176e-03
 5.91168840e-03
-4.34584634e-03
 5.35918218e-03
-6.20944168e-03
 3.78311630e-03
 1.82604162e-03
-2.31132667e-03
 7.79210933e-02
-5.55259042e-02
-5.07712067e-02
 1.22488940e-01
-4.46562213e-02
-9.30598993e-02
 8.36806353e-02
 7.45526644e-02
-8.65658697e-02
-9.81137266e-02
 5.02248461e-02
 1.17180496e-01
 3.97954339e-02
-8.03721437e-02
-1.24906465e-01
-7.19166689e-02
 1.48835876e-02
 8.26093242e-02
 1.16868245e-01
 1.19957640e-01
 1.02381492e-01
 7.94020970e-02
 6.21634050e-02
 5.51464612e-02
 5.71209754e-02
 6.91378381e-02
 8.97269589e-02
 1.12141485e-01
 1.22514337e-01
 1.05415547e-01
 5.62815172e-02
-2.41391094e-02
-1.05336190e-01
-1.18158390e-01
-2.86246499e-02
 8.84368980e-02
 1.06013605e-01
-1.86682762e-02
-1.24565957e-01
-1.36691748e-02
 1.15343529e-01
 7.23843103e-05
-1.10131645e-01
 4.95402678e-02
 8.36672824e-02
-1.21415406e-01
 4.92548782e-02
 4.35743811e-02
-9.55316867e-02
 9.31906556e-02
-5.08922246e-02
 3.90095403e-04
 3.56256927e-02
-6.17263960e-02
 3.97054618e-02
-1.28401023e-02
 5.08895482e-03
 1.10142670e-03
-4.53780330e-03
 7.56960102e-03
-6.73452755e-03
 4.57351157e-03
-2.41564360e-03
 1.70607779e-03
 1.15494442e-03
-6.95846592e-04
 2.80154495e-04
 6.39332274e-04
 1.71149986e-04
 7.99760661e-05
 1.15737792e-05
-2.93950474e-04
-4.67057271e-04
 1.77511958e-04
-3.79805382e-04
-1.89124691e-04
 3.82511617e-04
-3.42035777e-04
-2.28907170e-04
 1.62851373e-04
 5.63586424e-05
-2.73676786e-04
 4.43770745e-04
 4.97707747e-04
 3.97739868e-04
-1.09329010e-04
-1.47467006e-04
 9.70559222e-05
 6.47696803e-05
 3.99802677e-04
 3.16931408e-04
 5.32787447e-04
 2.78848892e-04
 3.07815273e-04
 1.34076682e-04
 3.16567583e-05
 2.23112321e-04
 1.07946776e-04
-1.76695241e-04
-2.21160267e-04
-1.69441021e-04
-1.55034812e-04
-9.26092578e-05
 6.55029859e-05
 4.72417627e-04
-2.49163035e-04
-2.92451272e-04
-4.91697801e-04
-4.55311225e-04
 1.94983343e-05
-8.21299473e-05
 3.86205131e-04
-3.00326214e-04
-2.90146290e-05
 3.32103843e-04
-2.01138895e-04
-7.26918369e-05
 6.99556969e-05
-3.15886302e-05
 3.86729882e-05
-1.67147999e-04
-6.02489641e-05
-1.12112407e-04
-4.33728898e-04
-4.70069453e-05
-2.35258063e-04
-1.11395928e-04
