-4.13990299e-05
-2.20273007e-04
 3.35945023e-04
-4.69052275e-04
-6.07074148e-04
 4.19676447e-04
 1.32471602e-04
 8.24448841e-05
 5.36757129e-05
-2.73863041e-04
 6.45221064e-05
 2.03747970e-04
-1.62640855e-04
 3.61802189e-04
 6.16494723e-04
 2.67042787e-06
-6.13007300e-05
-2.73432589e-05
-4.77329956e-04
-4.05952681e-05
 3.43416262e-04
 2.19885053e-04
 1.15922677e-04
 8.06969568e-05
 3.12843133e-04
 7.48853615e-05
 4.44276362e-04
 5.79209557e-04
 1.76575487e-04
 3.69001572e-04
 3.91781060e-04
 3.95865144e-04
-3.13732193e-05
-4.42540495e-04
-1.74705024e-05
-3.12354916e-04
-5.63296985e-04
 3.45523772e-04
 4.47741157e-04
 2.86859620e-04
 3.88988590e-04
-1.68158055e-04
-3.58699003e-04
-2.44965868e-04
-3.14326951e-04
-2.31626319e-05
 3.48626313e-04
 1.32347288e-04
-4.93935220e-04
-6.72566936e-04
 3.27393212e-04
 5.04120538e-04
 1.94121624e-04
 3.22743498e-04
-2.79102105e-04
-1.33250065e-05
-3.17189000e-05
-2.76452350e-04
 2.78304071e-04
-3.98597535e-04
 4.77779936e-07
 5.70324290e-04
 8.60474052e-05
 1.94079173e-04
-3.00774114e-04
-1.84709809e-04
 6.12335773e-04
 2.51290587e-04
-4.57796149e-04
-1.09773425e-04
-9.30105109e-05
-9.17037534e-05
-4.73224627e-05
-4.14725608e-04
 9.26411881e-05
 3.05453685e-04
 1.63650931e-04
-1.97209148e-04
-9.39752745e-04
-7.63723232e-04
-2.36310231e-04
-9.13082647e-05
 1.75758677e-04
 7.07424562e-05
-2.26348052e-04
 7.37044998e-05
 2.47349510e-04
-5.71024849e-05
 4.31856836e-05
-1.30137029e-04
-7.69811860e-05
 5.60985722e-04
-7.94425545e-04
-1.11166078e-03
-8.00717278e-05
-1.11953669e-04
 2.53137282e-05
 1.38757412e-04
 3.90137759e-04
-1.50098829e-04
 1.80768580e-04
 2.49730626e-04
-3.78133232e-04
 2.70322918e-04
 4.79359002e-05
-5.33999068e-04
-5.01974938e-04
 5.49491254e-04
 2.69892946e-04
-4.72392462e-04
 3.35931267e-04
 1.95837869e-04
 1.09677360e-04
-4.97418464e-05
-5.30368388e-04
 7.61755437e-05
 1.23989946e-04
 1.15966066e-04
-1.62670106e-04
-3.75182171e-04
 4.22932881e-04
 1.92033648e-05
 1.64571075e-04
 4.93843990e-04
 5.55652381e-04
 7.24620619e-04
-1.18005717e-05
-2.68670761e-04
 1.81173812e-04
-4.48130411e-05
-1.82028095e-04
 5.49289948e-04
 2.06867693e-04
-2.38579805e-04
-2.14688136e-04
-1.35355268e-04
 1.87056701e-05
 3.26873833e-05
-2.25660260e-04
-4.67258960e-05
 1.07054499e-04
-1.37036681e-04
 3.98310153e-04
 2.30262557e-04
 3.17435880e-04
-6.46325441e-04
 9.30890201e-04
 2.65334030e-03
-1.31771772e-04
-9.26096350e-04
-2.86479809e-04
 3.00316292e-05
 3.99962196e-04
 2.89104804e-04
-1.61877741e-04
 7.26201605e-04
-1.38858848e-04
 7.41616261e-04
-1.38784836e-03
-3.62283732e-03
 7.24395517e-04
 3.41548930e-04
-6.54167875e-05
-2.45717613e-04
-2.13901031e-04
 2.56646747e-04
-5.81920849e-04
 2.24532146e-04
 1.90513469e-04
 2.01442193e-04
-6.67746854e-06
-4.45121517e-04
-5.66558551e-04
-1.58065144e-04
-1.22055006e-04
 5.22836289e-05
 7.02249280e-04
-9.26129695e-05
-1.31870531e-04
-2.43229780e-05
 3.63847294e-04
 3.86607903e-04
-3.72946580e-04
-4.42718360e-07
-1.71306923e-04
-4.47870332e-04
-3.93608552e-04
 3.18905810e-04
 2.58267090e-05
-9.06707497e-04
-4.14288464e-04
-1.73303834e-04
-7.82252354e-05
-4.87139842e-04
-7.17336979e-05
 1.61694952e-04
-3.94113899e-05
 4.74227684e-04
 1.10750429e-04
 3.35997608e-04
 3.97576915e-04
-1.75642940e-04
 9.53373479e-05
 2.97903054e-04
 3.40027534e-04
-4.43667418e-04
-2.72576790e-04
 2.87674675e-04
-1.01542561e-04
 6.16329687e-04
-1.17445795e-03
 2.21601939e-03
-3.97706571e-03
-9.21066238e-03
 8.79368996e-04
 6.59753543e-05
-3.46696358e-04
 2.20202169e-04
-5.55236071e-04
 3.02432193e-04
-2.88500650e-04
 1.63650090e-04
 7.07011293e-05
 3.74011832e-04
 1.51675213e-04
 3.19267659e-04
 1.29397304e-05
 1.02917692e-05
 2.10724925e-04
-4.08434296e-04
-3.35321670e-04
-2.04044790e-04
-1.75820759e-04
 1.92851411e-04
 1.37111985e-04
-8.06873162e-05
-3.89679579e-04
-5.34811642e-04
-1.42901106e-04
-1.26886273e-04
 7.08063881e-05
-7.89897771e-06
-1.36977697e-04
 1.67470500e-04
-1.46160122e-04
-3.60367896e-04
-6.84877109e-04
-6.27955446e-04
 1.61777247e-04
-4.45416598e-05
-3.04646522e-04
-4.14619608e-04
-3.89853374e-04
 1.16002521e-04
-3.49006991e-04
 1.09148659e-04
 1.31389305e-07
-2.38770981e-05
 3.46184839e-04
-1.33404373e-04
 1.68923626e-04
-2.28840286e-04
-5.17328750e-04
-3.77250881e-04
-1.41909315e-04
-2.63067485e-04
-4.82244235e-04
-1.03469004e-04
 1.86076172e-04
-5.77546393e-05
 3.66841141e-04
 6.05333705e-04
-4.01987269e-04
-2.51161351e-04
-4.08492149e-05
-1.67951364e-04
-1.54503794e-04
-2.21185528e-04
 2.81674735e-04
 4.77109926e-04
 1.00133387e-04
 9.44212231e-05
 9.31255561e-05
 2.73864764e-04
 5.69352976e-04
-3.63928911e-04
-3.10268129e-04
-2.85339181e-05
-7.44964479e-05
 3.16436700e-05
-1.77445892e-04
 4.82134304e-04
 4.60490125e-04
 8.79578127e-05
 1.26054453e-04
 4.20120007e-05
 1.35170700e-04
 2.00891707e-04
-2.58978872e-04
-3.45118092e-04
 5.01552889e-04
 6.42744737e-04
-2.49975342e-04
-2.07984406e-04
-2.74607689e-05
-4.08560623e-04
 1.23451165e-04
 7.78388064e-05
-1.27995659e-04
-2.79905692e-06
-3.12456467e-04
 1.78393093e-04
 5.86985615e-04
 5.80193250e-05
-4.80447396e-04
-5.43530968e-04
 1.38761917e-04
 4.30235061e-04
-2.62445631e-05
 3.78670035e-04
 5.05743060e-04
-1.26462513e-04
 1.33302129e-05
 3.06612378e-04
-3.23871406e-05
-9.51213724e-05
-3.39926550e-04
-6.84728745e-04
 4.22650255e-04
 6.36722705e-04
 1.08112482e-04
-5.05271574e-05
-2.42697484e-04
 1.11294952e-04
-5.08010268e-04
-3.24680888e-04
 4.14043532e-04
 7.12654897e-06
 1.74548963e-04
-9.79285092e-05
-5.58419249e-04
-9.20162822e-05
-2.90467271e-06
-3.61608266e-04
-1.81925659e-04
 2.84730130e-04
