 6.00140182e-05
-3.98358711e-04
-1.77353988e-05
 6.28142282e-04
-8.54213087e-05
-5.11719793e-04
-3.95944530e-04
 1.85778098e-04
-1.01048212e-04
-4.65752512e-04
-2.65191939e-04
-4.04542033e-05
 2.71141910e-04
-4.84400015e-04
-5.97015834e-04
-3.23920651e-05
 3.36779749e-04
 2.98508771e-04
 3.68014091e-04
 6.48415093e-04
-2.18737474e-04
-3.19695549e-04
 4.85559757e-04
 3.98968190e-04
 5.01000480e-05
-1.72810542e-04
 1.52537924e-04
 6.45541171e-04
-1.38851319e-04
-3.94649901e-05
 7.71072560e-05
-5.18924851e-04
 6.09643481e-04
 4.50221759e-04
-2.91189951e-04
 8.00960785e-05
-2.05161829e-04
-3.64821276e-04
 1.61872742e-05
 3.74590154e-04
-1.65306262e-04
 6.99963849e-05
 6.13945068e-04
 3.10947431e-05
 1.12040409e-04
-4.29306266e-04
-5.10887702e-04
 1.42067894e-04
-1.74405904e-05
 3.07283251e-04
 3.44188151e-04
 2.39857842e-04
 5.64843137e-04
-6.48493166e-04
 1.47316420e-03
-1.73347665e-05
-1.37621575e-03
 1.90479449e-03
-1.04534105e-03
 2.08783472e-03
-4.92608897e-03
 5.02514516e-03
-6.78408619e-03
 1.12160000e-02
 4.26462226e-02
-4.54724353e-02
-9.46886299e-03
 5.98254467e-02
-2.92387680e-02
-4.44864268e-02
 3.80333816e-02
 4.86343608e-02
-2.89149355e-02
-5.96416902e-02
-5.27629246e-03
 5.18035991e-02
 5.24073493e-02
 4.48976677e-03
-4.41484278e-02
-6.19062099e-02
-5.10487242e-02
-2.57048506e-02
 3.02270163e-03
 2.63092128e-02
 3.99618365e-02
 4.56546638e-02
 4.69334587e-02
 4.63432313e-02
 4.38596333e-02
 3.40681532e-02
 1.49908884e-02
-1.20107401e-02
-4.05401436e-02
-5.89027829e-02
-5.62770631e-02
-2.10724256e-02
 3.32701134e-02
 6.00874155e-02
 2.69832716e-02
-3.84174923e-02
-5.59716966e-02
 1.42856080e-02
 6.04127285e-02
-9.62863774e-03
-5.35497721e-02
 2.39399421e-02
 4.48386368e-02
-5.57643638e-02
 4.00242827e-03
 4.60497113e-02
-5.62800071e-02
 3.56785721e-02
-5.31067396e-04
-2.65408155e-02
 3.66191354e-02
-3.44412966e-02
 2.53977195e-02
 1.59101397e-02
-8.91286320e-03
 5.25063089e-03
-5.10312596e-03
 5.30769942e-03
-6.04867982e-03
 3.53558610e-03
-1.28353062e-03
 2.54163387e-03
-8.10419192e-03
 8.69073992e-03
-1.25578018e-02
 3.74524655e-02
 7.80410208e-02
-9.96976465e-02
-2.36049862e-03
 1.14933471e-01
-7.25087470e-02
-7.82271416e-02
 8.87727659e-02
 8.36974190e-02
-7.59767327e-02
-1.11401855e-01
 1.14552450e-02
 1.12223297e-01
 9.24415325e-02
-1.39422461e-02
-1.03310741e-01
-1.22344347e-01
-8.77158597e-02
-2.92868048e-02
 3.02416999e-02
 7.48886796e-02
 9.82061061e-02
 1.06354489e-01
 1.08016891e-01
 1.07311844e-01
 1.03963974e-01
 9.00660781e-02
 5.65824930e-02
 3.77012575e-03
-5.71335772e-02
-1.07476062e-01
-1.21693266e-01
-6.94113703e-02
 3.90430646e-02
 1.17304970e-01
 7.78052958e-02
-5.24518154e-02
-1.21028897e-01
-4.78515858e-03
 1.21293361e-01
 1.09995420e-02
-1.11618952e-01
 1.84012534e-02
 1.07123111e-01
-9.08130923e-02
-2.77502453e-02
 1.10107759e-01
-1.05894110e-01
 4.38265125e-02
 2.68204554e-02
-7.14941494e-02
 7.72436339e-02
-5.93303486e-02
 3.33694505e-02
 4.43193630e-02
-2.17717186e-02
 1.76087907e-02
-1.39099259e-02
 1.04562187e-02
-5.04021108e-03
 1.51144734e-04
 1.20686998e-03
-2.31609832e-03
 2.08918043e-03
-2.10898114e-03
-2.88210290e-04
-1.74222883e-04
 5.77014223e-04
 7.32004806e-04
-1.84611654e-04
 6.52030300e-05
 3.34673224e-04
-1.59481171e-04
 8.66127672e-05
-8.32394729e-05
 1.33098652e-04
 2.66952395e-04
 4.74217685e-04
 4.09947308e-04
 2.75719628e-04
 4.40551533e-04
-2.08809470e-04
-9.73192908e-05
 2.29730549e-04
-1.16024714e-04
-3.69622020e-04
-1.89195107e-04
-3.17553436e-04
-4.50524626e-04
-3.19153811e-05
 2.18423088e-04
 1.51153382e-04
 1.53314785e-04
 2.84596287e-04
 6.72770010e-05
 5.93452279e-04
 1.18626702e-04
-2.75565224e-05
 1.81890276e-04
-6.09509651e-04
-4.85886917e-04
-4.63888000e-04
 1.62964633e-04
 2.35052667e-04
-5.68584445e-05
 1.31543103e-04
 9.65919536e-05
-2.44223791e-04
-9.74732548e-05
 3.77566294e-04
 2.30887029e-04
 3.61821289e-04
 9.21139867e-05
 1.19238743e-07
 7.32808133e-06
-1.40208391e-04
 6.57562924e-04
 6.82550927e-04
 3.43136796e-04
-3.76103302e-05
-2.15486060e-04
-3.28528920e-05
-4.31813389e-04
-5.45207321e-04
-2.05337627e-04
 2.61895018e-04
-7.13067311e-05
-1.01680288e-04
-1.19410140e-04
 6.50974966e-05
-7.71910311e-06
-4.06756974e-04
-2.46217825e-04
 4.52532161e-05
 4.92087450e-04
-5.77696401e-05
 2.30563128e-04
 4.88414398e-04
 2.21714042e-04
 1.90519135e-04
 2.55926804e-04
 4.91350161e-04
-6.82607570e-05
 8.68797719e-05
 2.35344611e-04
-3.25613925e-04
-2.26483750e-04
-4.76789553e-06
 8.71710437e-06
-1.05266596e-04
 1.75729077e-04
 3.93024569e-04
 4.00923834e-04
 4.73684055e-04
 2.27095702e-04
 1.68548657e-04
-3.12860101e-04
-3.31934648e-04
 5.93048778e-04
 4.66015542e-04
 2.07216467e-05
-2.00008678e-04
-1.30305707e-04
 3.87775122e-04
 1.49531045e-04
 4.65674597e-05
 1.01787031e-04
 1.19135633e-05
-9.41052932e-05
 2.08070049e-05
 8.14243721e-05
-8.83241266e-05
 5.33270036e-05
 1.04417865e-04
 2.23303728e-04
 1.36601394e-04
 4.70005132e-05
-3.23863150e-04
-6.15559108e-04
 1.77025461e-04
 3.10047241e-04
-4.26819899e-04
-5.56152280e-04
-2.56372840e-04
-2.83292551e-04
-1.73178902e-04
 2.95676685e-04
 2.24838462e-04
 5.67560685e-04
 7.36751446e-05
-3.28959725e-04
 6.80429507e-05
-3.09345334e-05
-1.59427385e-04
-1.87160534e-04
 7.83952260e-05
-6.17447210e-04
-4.89823528e-04
 7.70019619e-05
-3.41767778e-04
-2.08859878e-04
 2.11237574e-04
 1.04240335e-04
-1.21734399e-06
 6.59966308e-05
 7.98116501e-05
 3.93387670e-04
-2.93031830e-06
-3.69284540e-04
-2.23504092e-04
-3.08219089e-04
-2.46922075e-04
-1.92289708e-04
 2.10628651e-05
 3.47795394e-05
-3.36863947e-04
 2.19068348e-04
