 2.64901226e-05
-1.55117835e-04
-4.03258938e-04
-4.71353439e-05
-2.23424242e-04
 3.42795650e-04
 4.33049446e-04
-4.82215805e-05
-7.56973195e-05
-5.06858306e-04
-3.22867147e-04
-1.47005792e-04
-2.78023536e-05
-7.14009687e-05
 2.95737531e-04
 9.16460899e-05
-1.39668736e-05
-1.64194595e-04
-8.77274019e-05
 2.79409654e-04
-6.53660687e-04
 1.85996431e-04
-1.06756345e-03
-1.58599461e-03
 3.47770391e-04
 2.01466601e-04
 1.99757859e-05
-7.98713583e-05
-9.71380783e-05
-1.97661432e-04
-1.47585751e-05
-1.23669294e-05
-2.49310123e-04
 3.18875575e-04
 2.16456436e-04
-1.81549679e-04
 8.32934903e-04
 2.99668536e-04
-2.09397728e-04
 2.87722684e-04
 2.08850494e-05
-1.28565564e-04
 5.82326220e-05
 4.91483730e-04
-5.30550118e-04
-1.02661991e-04
 1.49393622e-04
-6.23386518e-04
-2.80153861e-04
 2.15618103e-05
 3.44811637e-04
-4.68350744e-04
 2.23643649e-04
 1.00598691e-03
 3.46946445e-04
 4.82222543e-04
 2.02103524e-05
 5.04896634e-05
 1.12228258e-05
-3.31634941e-04
 3.22086090e-04
 3.09700380e-04
 3.60067361e-04
 1.20234735e-04
-2.16288680e-04
-1.87729896e-04
-5.74129324e-05
 2.52989434e-04
 3.51009205e-04
 2.44057346e-04
-1.40213579e-04
-1.37569494e-04
 2.43232938e-04
-2.54199394e-04
-2.08806366e-04
 3.39254513e-05
-7.49268296e-04
 2.54139803e-04
-6.99063863e-05
-2.55615436e-04
-1.05343618e-04
-1.09354003e-04
 5.14300364e-04
-6.17865566e-05
 7.15659509e-05
-1.18958436e-04
 6.55715865e-05
-5.57324049e-04
 1.92359651e-03
 2.18392500e-03
-5.16182024e-04
 5.49109788e-04
 1.45647660e-04
-5.79187346e-04
-2.65319754e-04
 5.61028641e-04
 1.30248885e-04
-4.40218134e-04
 5.77878394e-04
 3.61893200e-04
-6.08547279e-04
-3.28617607e-05
 4.83180523e-04
-6.92895642e-06
-4.46373759e-05
 1.74903936e-04
 1.80029366e-04
 1.88740174e-04
-2.05462443e-04
-2.61125882e-04
-2.95285234e-04
 1.35709068e-05
 1.21249629e-04
-2.84240555e-04
 2.70945573e-04
-4.21810128e-04
-7.68331408e-05
 1.16189128e-05
-6.15747401e-04
-1.26280745e-04
-6.12661612e-05
 3.60108941e-04
 3.07620962e-04
 4.54527850e-04
 2.36433244e-04
-5.51106724e-04
 2.21497547e-04
 5.29722401e-04
-5.91818052e-04
-2.54674863e-04
-6.39244143e-04
-5.11472354e-04
 4.79109219e-04
-1.74516177e-04
-1.30723459e-04
 3.86164155e-05
-1.48081676e-05
 5.25145622e-04
 2.59904153e-04
 1.95803526e-04
-7.40954801e-04
 5.16884362e-04
-9.99195617e-04
-4.13671822e-03
 5.18841261e-06
-1.51604477e-04
-5.80457801e-04
 4.29257330e-04
-1.09137756e-04
 3.27961607e-04
-3.12726822e-04
 7.03486949e-05
-5.59102354e-04
 1.05868415e-04
 9.86911468e-04
 3.44108870e-04
 3.49475328e-04
 3.14813715e-04
 5.41102377e-04
-1.47375355e-04
-5.95147888e-04
 4.12816475e-04
 5.84197622e-04
 9.02137645e-05
 7.16713706e-04
 4.43968801e-04
-1.75147643e-04
 3.36144756e-04
 2.10672158e-04
 2.21263327e-04
 2.16505393e-04
 1.80918007e-04
 2.66868846e-04
-6.27138179e-05
 1.07619337e-04
-3.02406369e-05
-1.79208954e-04
 1.35882661e-04
-1.51105642e-04
-3.22986337e-05
 1.95196229e-04
-1.44294282e-04
-1.59876822e-04
 4.02612617e-04
 5.11906219e-04
 4.60999473e-05
 4.87431083e-04
 7.80031662e-04
 5.05002097e-04
-2.51041277e-04
-6.37876437e-05
 5.44946965e-04
 2.01921981e-05
 1.98962371e-04
-3.19440204e-04
-5.52433266e-04
-9.20590042e-05
-2.17431715e-04
 3.11527916e-04
 1.27774403e-04
 9.87365648e-05
 1.23055487e-04
-2.22723989e-04
 6.22888236e-05
-3.86115059e-05
 1.92664304e-04
 3.71895645e-04
 4.00797380e-04
-1.09758735e-04
 1.74372084e-05
 2.97116047e-04
 2.98661104e-04
 5.43877283e-04
-2.01110757e-04
-5.81612683e-05
 4.15028590e-04
 6.78838625e-04
 1.06807078e-04
 1.49372957e-04
 4.16446262e-04
-2.39273701e-04
-3.83901314e-04
-3.23159942e-04
 2.15115498e-04
 6.60781200e-05
 1.15159666e-04
-6.91999872e-05
-2.20866069e-06
 6.70248313e-04
 3.48455533e-04
-1.41144820e-04
-2.95752913e-04
 3.11696996e-04
 2.58220032e-04
 1.54803326e-04
-3.16086008e-05
 2.86731337e-04
 7.83721299e-04
-8.35588688e-05
-1.99536617e-05
 1.50621863e-04
-1.55988809e-05
-1.58365673e-04
-3.08554679e-04
-3.94678467e-04
-6.21032422e-04
-4.94540112e-04
-3.55130254e-04
-1.40137786e-04
-4.88966727e-05
-1.27982724e-05
 3.59444171e-04
 3.05172573e-04
-1.68244823e-05
-3.85768253e-06
 3.28041337e-04
 6.88356154e-04
 4.13264156e-04
-2.98238579e-04
-4.75019569e-04
-1.56011952e-04
 5.62893123e-04
 5.44885736e-04
 7.91625548e-05
 2.37072404e-04
 1.38634069e-04
-1.16267312e-04
 2.65273698e-06
 3.19564527e-04
 4.02015792e-05
 3.30033085e-04
 4.54669568e-04
-2.06844598e-05
-5.10732556e-05
 1.29852090e-04
 6.26625182e-04
 2.65392629e-04
-8.30686394e-05
 1.52522366e-04
-9.71611383e-05
-1.01599412e-04
 4.43120626e-05
-3.79607028e-04
-4.36937276e-04
-3.81249396e-04
 1.48594410e-04
 3.08898496e-04
-3.71778412e-04
-1.53839234e-04
-1.76557946e-04
-3.01285057e-04
 2.96912000e-05
 3.09289195e-04
 1.96329620e-04
-1.28436638e-04
 6.90624398e-05
 3.18237084e-05
-6.11414471e-04
-6.88392383e-04
 4.54666381e-05
 2.09804721e-04
-1.43349548e-04
-4.78186977e-04
-2.95889819e-04
 2.40654781e-05
 3.17178053e-04
 3.72955688e-04
-3.64075659e-04
 3.68270303e-04
 3.06796392e-04
-6.10743693e-04
 1.40415480e-04
-3.80775372e-04
-5.29657951e-04
 5.48865904e-04
 7.25508853e-06
-9.10612028e-05
 1.33659345e-04
-4.14258539e-04
-2.25022429e-04
 5.00501775e-04
 2.53496768e-04
-2.66917142e-04
 2.28366814e-04
 2.05211277e-04
 1.43565571e-04
-4.25386458e-04
-6.00445349e-04
 8.39305759e-05
 8.62240480e-05
 2.94813959e-04
 2.76060197e-04
 4.39396616e-04
 3.66158408e-04
-1.05016448e-04
 4.31916077e-04
 1.81165618e-05
-3.32012807e-04
 3.36452255e-04
-3.96219269e-05
-2.34595027e-05
-2.66222151e-04
-2.69467498e-04
 3.46641370e-04
-2.76156176e-05
-3.27487097e-04
