-8.81389317e-05
-6.08351970e-05
 3.56093386e-04
-5.05302005e-04
 2.46822029e-05
 2.34916919e-04
-2.00482423e-04
 7.11914116e-04
-1.01729640e-04
-7.69593216e-04
-2.91008359e-04
-4.36966949e-04
-2.53694133e-04
 2.92753762e-04
-6.71817010e-05
-5.25614170e-04
-3.92703239e-04
-8.12921537e-05
-2.01150369e-04
 3.78750605e-05
 2.80128133e-04
 5.43185436e-05
 9.37480379e-05
-9.87490984e-05
-1.68368861e-04
 7.15224389e-05
 2.11693276e-04
-3.29011648e-04
 4.29884900e-05
 6.78121724e-04
 2.28896400e-04
-1.48875378e-04
 2.41402900e-04
 1.63967333e-04
 1.78128548e-04
-1.54016271e-05
 2.33628765e-05
 1.07342404e-03
-1.81093177e-04
-4.79467360e-04
 2.69920895e-04
-5.60074942e-04
-7.34600990e-04
 1.23322278e-05
 5.21004133e-04
-2.51221889e-04
-1.87589668e-04
 4.04392146e-04
 4.46008525e-04
-2.52442324e-04
-3.85890450e-04
 2.85433021e-04
 4.51803569e-05
 3.56312232e-04
-1.26880159e-04
-1.07997009e-04
 3.02290344e-04
 1.37953636e-04
 8.52866395e-05
-2.67800050e-04
 2.46137799e-04
 5.87192858e-05
 7.86288960e-05
 2.94088548e-05
-6.89347727e-04
-3.10871100e-04
 2.56094523e-05
-5.43983137e-05
 3.98751277e-04
 4.63702573e-04
-6.30326019e-05
 2.53592513e-05
 9.90945593e-06
 6.97623839e-04
 7.67392061e-04
 1.10237862e-04
 2.01133862e-04
 1.61661884e-04
 4.68397485e-04
 4.33665309e-04
-1.96494275e-04
 2.37594554e-06
-3.15479229e-05
-8.62545852e-04
-3.45920825e-04
 6.12171079e-05
 5.88772728e-06
 1.31171906e-04
 1.61473472e-04
-1.98932838e-04
-2.14858386e-04
 2.92363550e-04
-2.89594147e-05
-7.93664055e-05
-1.02453156e-04
 6.18038243e-05
-1.01311726e-04
-9.14498754e-05
-4.17632269e-05
 2.11136918e-04
-1.80564982e-04
-4.23011984e-04
 3.64027150e-04
-2.65395541e-05
 2.93401866e-05
-3.84277232e-05
 3.92882278e-04
 3.52004969e-04
-4.31729036e-04
-2.99023772e-04
-5.53982151e-04
-1.28836125e-04
 2.17562749e-04
-1.07470416e-04
-9.64946758e-05
 9.77961780e-05
 1.23098258e-04
-2.64691729e-04
-1.66908825e-04
-1.50369142e-04
-3.95251935e-05
 2.78241462e-04
-3.22026163e-04
 1.55342221e-05
-8.31047122e-05
-4.30191306e-04
-2.55229301e-04
-3.39950239e-04
 6.18382828e-04
 1.32606684e-04
-5.01299924e-04
 2.43336838e-04
-5.57903099e-04
-3.23609619e-04
 1.14338085e-03
-2.00274980e-03
 1.14044221e-03
 1.38195001e-04
 1.67388527e-03
-2.38031023e-03
 5.15933767e-04
 7.80135210e-04
-1.51507052e-03
 4.20588748e-02
-2.17024580e-02
-3.21055750e-02
 5.99604211e-02
-1.39291394e-02
-5.09693827e-02
 3.60396084e-02
 4.39472393e-02
-3.63652674e-02
-5.40315274e-02
 1.58428316e-02
 5.86565605e-02
 2.94145935e-02
-3.15174015e-02
-6.27099828e-02
-4.47503905e-02
-3.52921809e-03
 3.28313399e-02
 5.45681318e-02
 6.20285770e-02
 5.76742518e-02
 4.86371064e-02
 4.19402513e-02
 3.93261077e-02
 3.96234731e-02
 4.44305256e-02
 5.38567531e-02
 6.10565066e-02
 5.96094242e-02
 4.49018765e-02
 1.49042051e-02
-2.61765210e-02
-5.93141237e-02
-5.25722609e-02
 3.05861038e-04
 5.23374645e-02
 4.46080193e-02
-2.46637612e-02
-6.07819653e-02
 8.65174848e-03
 5.68155810e-02
-1.44547995e-02
-5.04642310e-02
 3.88934724e-02
 2.76241147e-02
-6.20761538e-02
 3.92600545e-02
 5.38098485e-03
-3.94050359e-02
 4.85335891e-02
-3.38213747e-02
 1.17020700e-02
 8.11954704e-03
-2.41872007e-02
 2.54617298e-02
-1.09226401e-02
 5.55172854e-03
 5.46937271e-04
-4.98634474e-03
 6.25583270e-03
-4.59595479e-03
 5.20872616e-03
-6.81776930e-03
 3.18437530e-03
 1.37250907e-03
-1.78574435e-03
 7.96077944e-02
-5.48107321e-02
-5.13134869e-02
 1.22146558e-01
-4.45806861e-02
-9.32822232e-02
 8.41500933e-02
 7.44081218e-02
-8.66499210e-02
-9.77252030e-02
 5.04217851e-02
 1.17606989e-01
 3.98893570e-02
-8.03313511e-02
-1.24764084e-01
-7.17831685e-02
 1.49262345e-02
 8.26973361e-02
 1.16851370e-01
 1.20581978e-01
 1.02277203e-01
 7.95731084e-02
 6.26537024e-02
 5.48088665e-02
 5.78794081e-02
 6.93705174e-02
 8.97768912e-02
 1.12524327e-01
 1.23091142e-01
 1.05842360e-01
 5.58329066e-02
-2.37540932e-02
-1.04860279e-01
-1.18185736e-01
-2.90947873e-02
 8.79616579e-02
 1.05726168e-01
-1.95010937e-02
-1.24542649e-01
-1.38527725e-02
 1.14814440e-01
 3.93253084e-04
-1.10484962e-01
 4.94699466e-02
 8.38440154e-02
-1.21640401e-01
 4.95096923e-02
 4.34611937e-02
-9.54816726e-02
 9.36803498e-02
-5.03934385e-02
 4.89093375e-04
 3.63452860e-02
-6.12694064e-02
 3.83077384e-02
-1.32291775e-02
 5.71598915e-03
 7.77932652e-04
-5.22932742e-03
 7.25200224e-03
-7.29629853e-03
 4.32515352e-03
-2.95352931e-03
 5.49505962e-04
 7.17049641e-04
-4.63676353e-04
 2.07023055e-04
-3.38234282e-05
-2.29840990e-04
-2.46326991e-04
 8.42644084e-05
-6.58056044e-05
-6.27804823e-04
 5.20809004e-05
-4.58122578e-04
-5.86832905e-04
-5.03492640e-04
-4.76513357e-04
 5.24861356e-04
-2.80968568e-04
-8.48643398e-05
 2.12338027e-04
-5.95820644e-04
 2.34477616e-04
-1.79624415e-04
-6.68749206e-04
-1.38972327e-04
 1.35708238e-04
 4.30155910e-04
-8.56486317e-05
-1.53575370e-04
-5.77080168e-04
-3.60730948e-04
 3.38621450e-04
-2.75154643e-04
-6.47603271e-04
-5.75841416e-04
 5.76533630e-05
 2.37757640e-04
-2.67891707e-04
-1.58175261e-05
 1.76909680e-04
 1.38928196e-04
-7.83318988e-05
-2.06451103e-04
-2.27825547e-05
 4.00431393e-04
 4.52497935e-04
 2.37526420e-04
-4.33978507e-05
 9.22518537e-06
 4.35126705e-04
-1.17233498e-04
 7.75735738e-05
 4.20423936e-04
 1.34413124e-04
-3.51686316e-04
-4.33319371e-04
 3.61251065e-04
 4.70006740e-04
 1.98223257e-04
 9.16559307e-05
 1.76778271e-04
-1.20634987e-04
-2.51053806e-04
-2.67681991e-04
-1.57311157e-04
 6.01489310e-04
 1.00691643e-04
-7.13364761e-04
-1.88246016e-04
-1.21472845e-04
-2.16815444e-04
 4.33527186e-05
-3.72515306e-05
-4.05172362e-04
-5.73353170e-04
