 9.28308111e-05
 8.13845440e-05
-8.84552538e-05
-1.86617845e-04
 1.30086565e-04
 9.48430044e-05
-2.31067557e-04
 7.43843133e-04
 4.37397434e-04
 2.48196454e-04
 2.63398175e-04
-5.00210595e-04
-3.25107631e-04
-3.54742444e-04
-4.48542580e-04
-6.94180897e-05
-1.60888855e-04
 3.63646690e-05
 2.23823276e-04
-6.07706067e-04
-7.51763699e-05
-1.02091984e-04
-7.40910646e-04
-7.25614042e-05
-2.57442225e-07
-1.04980995e-04
-3.71539571e-04
-3.85689785e-04
-6.49624596e-05
-1.41287320e-04
-1.17850243e-05
 2.66432004e-04
-6.90585513e-05
-2.42089446e-04
 2.81364568e-04
 1.57649083e-04
-5.26574102e-05
-1.68719307e-05
 7.34463899e-05
-8.45261548e-05
-1.56282684e-04
 3.51409804e-04
 4.59364179e-04
 6.32151071e-05
 1.78399448e-04
 4.49931012e-04
 2.48748575e-04
 1.53371874e-04
-2.34812531e-04
-3.93862363e-04
-1.18495195e-04
-1.78815755e-04
-4.28945065e-04
 1.59975854e-04
 5.34485298e-04
 9.08311591e-05
 3.26617544e-04
-6.61031832e-05
-5.22124108e-04
 3.30650029e-04
 1.14095640e-05
-2.60952430e-04
 1.37614257e-04
 6.17064231e-06
 2.40013871e-04
-2.34748512e-04
 1.13251602e-04
 3.19495569e-04
-2.77369528e-04
-3.16557578e-04
 4.59127610e-04
 6.07063535e-04
-6.59393878e-04
-4.26668685e-04
 1.43314039e-04
 6.72654874e-04
 4.96181113e-04
-1.85235141e-04
-7.68887223e-05
 8.92548436e-05
 1.03817200e-04
-7.97498147e-05
-2.26125384e-05
 2.89631456e-04
 7.88935640e-04
 3.23100689e-04
 2.50605075e-04
-1.15284516e-04
-1.13887737e-04
 4.97523959e-04
-5.60566796e-04
-4.73314835e-04
-3.46039922e-04
-2.01445687e-04
 2.19695610e-04
 2.34435505e-04
 2.97080812e-04
 1.78805652e-05
-1.02741902e-04
 1.19605884e-04
 5.39282184e-04
-3.65464448e-04
-3.34548831e-04
 5.40090552e-04
-4.67512313e-04
-4.28771298e-04
 7.48356769e-04
 4.47018626e-04
-2.84349721e-05
-2.43209790e-04
 1.34035589e-04
 4.86598706e-04
-2.17340683e-04
-3.71598520e-04
 1.48250529e-04
 3.72145287e-04
 2.81343063e-04
-2.48902134e-04
-3.55278825e-04
-5.21763020e-05
-1.75801722e-04
 1.63515275e-04
 1.06233107e-04
-4.99395814e-04
-3.39656478e-04
-4.65780341e-04
 1.97527417e-06
 1.77150548e-04
 9.30395202e-05
 2.93880133e-04
-3.65026171e-04
-4.06649767e-04
-9.27784466e-05
 3.24591834e-04
-3.35048061e-06
-2.78406516e-04
-1.81243715e-04
-1.09632633e-04
 2.25685262e-05
 1.09795227e-04
 5.60379398e-04
 3.05676633e-04
-4.28328379e-04
-2.93732063e-04
 9.84168464e-05
-1.24649978e-04
 2.38119740e-04
 1.92407378e-04
-8.17097447e-05
-1.05496731e-04
-1.99972293e-04
-2.22681206e-04
-4.90825823e-04
 5.90580019e-04
 3.51719768e-04
-1.24483713e-05
 6.82106680e-05
-6.48330742e-04
-2.78147398e-04
 1.42924154e-05
 4.59281082e-04
 2.19182874e-04
 3.00316060e-04
 3.69167521e-04
-7.93449775e-05
 6.11936961e-04
 7.08269559e-04
-2.60674149e-04
-1.75001903e-04
 2.77200692e-04
 2.02718492e-04
 6.28583652e-04
 2.70697512e-04
 2.68034130e-05
 3.56127715e-04
-4.41363869e-04
-5.09941239e-04
 3.07679398e-04
 2.91460538e-05
-1.16724193e-04
 2.78169685e-04
 2.63334768e-04
-1.14923909e-04
-1.08546055e-03
 1.09053913e-03
-2.92151683e-05
-1.25387403e-03
 1.48002421e-03
-1.13866534e-03
 1.99855097e-03
-4.43816986e-03
 4.77183492e-03
-6.50555751e-03
 1.19982251e-02
 4.23971690e-02
-4.48505853e-02
-1.00796381e-02
 5.95904791e-02
-2.88294027e-02
-4.52759076e-02
 3.77080325e-02
 4.81910456e-02
-2.90713439e-02
-5.85679860e-02
-5.19696195e-03
 5.15971431e-02
 5.27983861e-02
 4.13242739e-03
-4.36738493e-02
-6.09455418e-02
-5.03680373e-02
-2.55862341e-02
 2.31664355e-03
 2.56606509e-02
 4.00113563e-02
 4.48343925e-02
 4.57555828e-02
 4.60975150e-02
 4.30222870e-02
 3.39441252e-02
 1.47886119e-02
-1.19245845e-02
-3.93318529e-02
-5.82278505e-02
-5.59898063e-02
-2.13643099e-02
 3.30656618e-02
 6.00650844e-02
 2.62264090e-02
-3.92536249e-02
-5.58400438e-02
 1.38788272e-02
 5.99830870e-02
-9.35361350e-03
-5.30565285e-02
 2.45801956e-02
 4.45646350e-02
-5.54577694e-02
 3.94513039e-03
 4.52653207e-02
-5.61895452e-02
 3.49067020e-02
-2.53243291e-04
-2.57801391e-02
 3.67620806e-02
-3.33495709e-02
 2.48933461e-02
 1.50926471e-02
-8.87125237e-03
 4.97623578e-03
-4.54078469e-03
 5.83709255e-03
-6.15342620e-03
 3.41641847e-03
-1.54573581e-03
 2.41937777e-03
-7.94561196e-03
 1.00441294e-02
-1.31995758e-02
 3.47325582e-02
 7.77992487e-02
-9.87521810e-02
-2.12882059e-03
 1.14642116e-01
-7.19907506e-02
-7.75011752e-02
 8.87478902e-02
 8.32852895e-02
-7.55377394e-02
-1.11227942e-01
 1.03482751e-02
 1.11299168e-01
 9.16369442e-02
-1.36641496e-02
-1.02162783e-01
-1.20827268e-01
-8.66366925e-02
-2.96927547e-02
 2.95651098e-02
 7.38874223e-02
 9.72132025e-02
 1.05734950e-01
 1.07187616e-01
 1.07124904e-01
 1.03306723e-01
 8.84717318e-02
 5.57317739e-02
 3.48397258e-03
-5.68723909e-02
-1.06986362e-01
-1.21419610e-01
-6.91006848e-02
 3.86984034e-02
 1.15414164e-01
 7.67914337e-02
-5.20022968e-02
-1.20348376e-01
-3.88368790e-03
 1.20828784e-01
 1.10650352e-02
-1.10504582e-01
 1.86980497e-02
 1.06328957e-01
-9.10674234e-02
-2.77466688e-02
 1.09451321e-01
-1.05022080e-01
 4.37334729e-02
 2.65483822e-02
-7.08451882e-02
 7.67528346e-02
-5.95070911e-02
 3.43797333e-02
 4.47420605e-02
-2.25796949e-02
 1.78774201e-02
-1.45728420e-02
 9.94527599e-03
-4.80510611e-03
 2.56312232e-04
 1.77507204e-03
-2.87198965e-03
 2.26962132e-03
-1.29658230e-03
 2.71625184e-04
 5.63846766e-06
 1.20556076e-04
 4.34343941e-04
-1.58634364e-04
-4.69649687e-05
 1.43444625e-04
 1.93596662e-04
 3.90635715e-04
-4.13585244e-04
 3.78030459e-05
-9.90442394e-06
-5.89723127e-04
 2.94471371e-04
 2.93908086e-04
 8.63247999e-05
-1.55973723e-05
 2.95437579e-04
 4.24127778e-04
-2.07696966e-04
-8.58144929e-05
 8.37000215e-05
