 3.91890385e-05
-8.46362848e-05
-2.04802488e-05
-1.51293683e-04
-2.27923727e-05
-1.96718382e-04
-8.23492166e-05
 2.28727097e-05
-2.75940270e-04
 1.00921395e-04
-4.72519729e-04
-3.93094396e-04
-3.78819968e-05
 3.61614021e-04
 3.20071817e-04
-1.47960029e-04
 1.83654866e-04
-1.72106752e-04
 1.10281691e-04
-3.13138122e-04
-4.78703265e-04
 3.11150157e-04
 6.82907945e-05
 6.22104727e-05
-4.93861952e-04
-1.19387038e-04
 2.94669313e-04
-2.39755101e-04
 1.23710773e-04
 1.85497792e-04
 5.34593298e-04
-3.84447544e-04
-8.00530023e-04
 1.84995451e-04
-2.59608350e-04
-1.73401679e-04
-3.14296582e-05
 1.48633645e-05
 3.33079050e-04
-2.77321781e-04
-1.47961160e-04
-7.23123772e-05
-3.74947919e-04
 1.57646848e-04
-3.30409789e-05
 1.89042635e-04
 1.75748769e-04
-3.53498913e-04
 6.56860202e-05
 4.86846803e-05
-1.15528333e-04
 1.17374453e-04
 2.94989419e-04
 1.28206626e-04
-7.68350121e-05
 1.53036710e-04
-2.03364424e-04
-3.17419793e-04
 2.04646769e-04
 4.04035428e-04
 5.02878705e-04
 3.27102905e-04
 4.64810021e-06
-5.74687701e-04
 3.81006859e-05
 6.44268670e-04
-1.95429543e-04
 1.76199621e-04
 4.21631609e-04
-2.53980472e-05
-2.94687086e-04
-1.75780624e-04
-1.11701986e-04
-2.47127671e-04
-3.00308995e-05
-3.34872275e-04
 3.38641103e-04
 1.37426005e-04
 1.53967861e-04
 7.50047993e-04
-2.10551324e-04
-2.00487308e-04
-4.39030123e-04
-6.20527711e-04
 3.99432504e-04
 2.73441485e-04
-3.65706485e-04
 3.57497971e-04
 4.87455048e-04
-3.83992310e-04
-3.27633779e-04
-3.76644151e-04
 1.35505975e-04
 4.58435393e-04
 4.42941747e-05
-4.42609753e-05
-2.76660385e-04
-7.67557398e-06
-1.92176752e-04
 4.10207312e-04
 5.96584915e-04
-2.27622257e-04
-2.20976251e-04
-3.54125398e-04
 2.89515041e-04
-1.01109264e-04
-6.62308425e-04
 1.87339674e-04
 2.99353781e-04
 4.28630394e-04
 2.58892813e-04
-3.03993070e-04
-1.49150719e-04
 9.32153978e-05
-1.80543335e-04
-3.79263380e-04
-3.45047318e-04
-1.79004713e-04
 1.02683584e-04
 2.98353838e-04
-1.23303623e-04
-3.70942700e-04
 3.13252623e-04
 3.28576310e-04
-5.01424635e-04
-2.91073196e-04
 2.59607933e-04
 2.96049989e-05
-1.81989911e-04
 1.41872127e-04
 1.50807435e-04
-2.39394246e-04
 4.93207523e-04
 2.92376109e-04
-5.66781414e-04
-1.96391037e-04
 1.06333415e-04
-7.18999012e-05
 1.49249917e-04
-1.02334673e-05
-2.71021136e-04
-3.42858919e-04
 4.81892559e-05
 4.76579985e-04
 4.12622944e-04
 2.06003219e-04
 2.44836268e-04
 9.55524223e-04
 5.54829836e-06
-5.90675226e-04
-1.57655850e-04
 1.05290259e-04
-5.10527972e-06
-2.02490016e-04
-2.06166076e-04
-3.49059672e-04
 1.41794288e-04
 2.97551372e-04
 2.43088278e-04
-2.33527085e-04
 5.75291115e-04
-2.71800216e-04
 9.73743014e-04
 4.26670257e-03
-1.40583811e-03
-1.32111473e-03
 4.27261491e-03
-3.81328043e-04
-2.38116636e-03
 2.12974795e-03
 2.36788167e-03
-2.13014557e-03
-3.43373486e-03
 8.30502519e-04
 3.13708138e-03
 1.67731310e-03
-1.81699334e-03
-3.61080796e-03
-2.37241359e-03
 7.59482408e-05
 2.23618490e-03
 2.86172773e-03
 3.63075728e-03
 3.73150383e-03
 2.73627790e-03
 1.89482768e-03
 2.27331789e-03
 2.33406708e-03
 2.04181860e-03
 3.25062298e-03
 3.78802613e-03
 3.10202586e-03
 2.12506108e-03
 8.60638694e-04
-9.49226214e-04
-2.94019815e-03
-2.71141245e-03
-2.36732537e-04
 2.82086895e-03
 2.96336249e-03
-1.35288670e-03
-3.35902872e-03
 6.42197481e-04
 2.91725851e-03
-1.28185001e-03
-2.97315272e-03
 1.97585926e-03
 1.48227041e-03
-3.51873604e-03
 1.90416155e-03
 1.45350514e-04
-2.06606959e-03
 2.54591961e-03
-2.48685167e-03
 3.67652635e-04
 7.33595242e-04
-2.72855471e-03
-5.68904510e-04
-6.59816038e-04
 2.65876168e-04
-1.26720989e-04
-4.82687385e-04
 3.89989087e-04
-2.23110419e-04
 3.97418524e-04
-5.97812375e-04
 4.81277371e-06
 1.58619352e-04
 1.03235332e-03
 6.31693458e-03
-3.27213940e-03
-3.32208399e-03
 6.68961719e-03
-2.71946024e-03
-5.24565211e-03
 4.45305214e-03
 4.40869643e-03
-4.83243632e-03
-6.08870124e-03
 3.06093983e-03
 7.01738245e-03
 2.31336336e-03
-3.76788810e-03
-6.97872416e-03
-4.59710596e-03
 7.74237328e-04
 4.66168520e-03
 6.46365955e-03
 6.27369956e-03
 5.59684171e-03
 4.24230193e-03
 3.72095432e-03
 3.41184197e-03
 2.98039689e-03
 3.97201344e-03
 5.05218042e-03
 6.32690060e-03
 6.78155539e-03
 5.67828051e-03
 3.06802123e-03
-1.49894824e-03
-6.16924619e-03
-5.99732839e-03
-1.30448057e-03
 4.53633998e-03
 5.94035508e-03
-1.58491080e-03
-6.82424478e-03
-2.53203012e-04
 6.27795658e-03
-1.12623418e-05
-6.25908504e-03
 2.72168013e-03
 5.12008790e-03
-6.66531450e-03
 2.75242722e-03
 2.12576713e-03
-6.01192445e-03
 5.51903886e-03
-3.01326428e-03
-1.62396437e-04
 2.03018324e-03
-3.37506424e-03
 2.99813228e-03
-7.61103203e-04
-1.87702557e-05
 1.37739318e-04
-1.80659442e-04
 4.85221237e-04
-7.28411706e-04
-5.00361495e-04
-8.12820800e-04
-3.02489641e-04
 3.55370990e-05
-1.60726471e-04
-5.89198981e-04
 5.31783517e-05
 7.32160551e-04
 6.61584840e-05
-1.16114963e-04
 3.06256914e-04
 1.02357984e-04
-1.25645112e-04
-8.88171565e-05
-2.51298273e-04
 8.39392361e-05
 3.48265276e-05
-2.42893575e-04
 5.00285616e-04
 5.81160581e-04
 2.19044174e-04
 1.82844234e-05
 5.70153844e-05
 1.08824156e-04
-1.54345139e-04
-9.63899464e-05
 3.86518487e-04
 2.37975519e-04
-6.13105543e-05
 7.21117634e-05
-2.67744544e-04
-3.50059718e-04
-1.18155964e-04
 5.22222569e-05
 4.34265314e-04
 2.24372710e-05
-2.57358111e-04
-1.96001048e-04
 4.92163073e-04
 9.10787860e-04
-7.39954771e-05
 3.07592271e-04
 2.56560234e-04
-1.81640610e-04
 2.06324544e-04
-8.98463006e-05
 7.98847259e-05
 4.65695630e-04
-1.87996907e-05
-3.15582611e-04
 5.35544223e-05
 3.48220808e-04
 2.74738185e-04
-4.45528339e-04
-1.58666738e-04
 2.06555883e-04
