-9.01043256e-05
-1.28809598e-06
 3.26649593e-04
-1.05888823e-04
-8.61798531e-06
 3.85747034e-04
 5.35460756e-04
-5.95041482e-05
-3.56813530e-04
 1.27178944e-04
-1.90905206e-04
-6.70632529e-05
 1.81155211e-04
 5.58123690e-05
 2.50397990e-04
 1.90964326e-04
 2.64361004e-04
 1.85223207e-04
 2.20828591e-04
 5.66941919e-04
 2.10912318e-04
-4.02997258e-04
-3.89790034e-04
-2.62127202e-04
-7.61917056e-05
 1.63836174e-04
 1.02237322e-04
 5.24581748e-05
-2.22977112e-04
 3.45432646e-04
 3.39950533e-04
-2.83291969e-04
 6.94660867e-05
-1.07060833e-04
-2.12080571e-04
-2.70622822e-04
-4.02320712e-04
 1.40432965e-04
-3.64537242e-04
-3.36504454e-04
 3.09781198e-04
 1.09023626e-04
-1.79752106e-05
-3.60589109e-04
-1.83917950e-04
-1.98598585e-04
-2.52131532e-04
 3.82179528e-04
-4.06537217e-05
-1.04729981e-04
 1.11834678e-04
-2.83641283e-04
 4.02656394e-04
 3.99553791e-04
-5.51857282e-05
 4.47330467e-05
-5.50779919e-05
-6.48576108e-05
-2.68748047e-04
-2.49382227e-05
 6.37047295e-04
 4.88088316e-04
 2.37762131e-04
-1.88683884e-04
-4.74065649e-04
-7.50531354e-05
-3.14521866e-04
-7.06463613e-04
-6.19492237e-04
 1.78479585e-04
-1.49079025e-04
-4.16185722e-04
 1.91317450e-04
 1.05155199e-04
 1.18408379e-04
-2.60705135e-04
 1.14042932e-04
-1.60021469e-04
-2.17320154e-04
 3.93780530e-04
 2.50324447e-04
 8.15510425e-05
-1.77083608e-04
-1.92759955e-04
 1.44879497e-04
 1.01789847e-04
-4.75007906e-04
 9.19820912e-05
 1.42757718e-04
 4.79870747e-06
 2.81952074e-04
 1.45317974e-04
-3.21297500e-04
-8.65709975e-05
 5.45124638e-04
-1.58748367e-04
-3.38193085e-04
 2.59271254e-04
 4.99903621e-04
 5.79377310e-05
-1.91433669e-04
-4.31359691e-04
 9.45234002e-05
 3.68210422e-04
-2.67603089e-04
-2.48553325e-04
-1.77758865e-05
 1.02437094e-04
 2.52927329e-05
 1.96331411e-04
-4.12188250e-04
-4.23158700e-04
-4.72480065e-06
-1.65760843e-05
-2.93270692e-04
 1.95374430e-05
 2.60451153e-04
-1.41302426e-04
 8.04096423e-04
-1.05048655e-04
-2.92597748e-04
-2.05389297e-05
-6.84473343e-04
 1.02880749e-05
-5.00098686e-04
-6.53629789e-04
-4.72111151e-05
-1.10481610e-04
-1.09350628e-04
 2.18050850e-04
 2.13627943e-04
 4.08979781e-04
 4.22604878e-04
 2.28297389e-04
 1.95340177e-04
-1.61263647e-04
-2.92995729e-05
 3.56200263e-04
 1.83355824e-04
-1.24691081e-04
-6.34768250e-05
 8.92296328e-05
-8.88287076e-05
 1.49505787e-04
 4.69960120e-06
 3.16097570e-05
-1.32187262e-04
-8.38201961e-04
 2.11190409e-04
-1.37971585e-04
-5.69833868e-05
 4.31464044e-04
 7.61956186e-05
 7.40662096e-04
 3.45785246e-04
 1.15337714e-04
 1.68435285e-05
-2.15509061e-04
-3.10875243e-05
 5.15198632e-05
 3.40259014e-05
 8.00605195e-05
-1.09488715e-04
-2.25577881e-04
 2.46244306e-04
 1.67990155e-05
-4.56915352e-04
 9.97212139e-05
 1.58718884e-04
 6.22709375e-05
 2.95781597e-04
-2.90346388e-04
 1.62550220e-05
 4.14552288e-04
 2.13136152e-06
 1.12900560e-04
 2.42900486e-04
 3.97028084e-04
-5.14296226e-04
-7.46877950e-04
 7.13476960e-05
-4.08913028e-04
 1.31725296e-04
-8.22861295e-06
-6.29110401e-05
 6.90179712e-05
-4.96551803e-04
 3.23199948e-04
 7.38803604e-04
 4.57176612e-04
-1.39457458e-04
 7.39019079e-05
 4.95686324e-04
-2.80776761e-05
-4.10737977e-04
-9.68057207e-05
-3.25736416e-04
-7.62027979e-04
-1.31650045e-04
 3.91342810e-04
-3.01492995e-04
-7.15712298e-04
-5.58093875e-04
 5.88476950e-05
 6.54039041e-05
-4.92437174e-04
 4.21914458e-04
 1.02874003e-04
 6.35004153e-05
 6.85153519e-04
-5.06993802e-06
-1.24248677e-04
 3.60501190e-04
 2.14465326e-04
-6.26297266e-05
 3.96895893e-04
 2.88942623e-04
-1.48906211e-04
 7.62283499e-04
 5.59492730e-04
-6.40638192e-04
 1.17601784e-03
-1.62190365e-03
-3.24679786e-03
 4.17093411e-04
-2.86904744e-04
-2.48289353e-04
 4.13117203e-04
-4.31602259e-05
-4.24435130e-04
 2.02964685e-04
 1.15091143e-03
-1.32629639e-04
-5.42653469e-04
 2.23214849e-04
 1.53122710e-04
-3.52055640e-04
-7.93787833e-04
 2.97938801e-04
 6.03162173e-04
-6.61972496e-04
-3.12447469e-04
-3.71647858e-04
-1.54432527e-04
-2.45968630e-04
-4.84237482e-04
 2.76565934e-04
-9.94525956e-05
 9.21711736e-05
 2.12915555e-04
 5.00886013e-04
 3.39851421e-04
 1.52831363e-04
 4.20769047e-04
-3.01254641e-04
-1.39909153e-04
-3.28928185e-05
-2.30149476e-04
-1.97307201e-04
-3.48290374e-04
-2.65142955e-04
 5.40223313e-04
 5.32366736e-04
-4.42397872e-04
-4.77511469e-04
 3.33935379e-04
 3.89081917e-04
-3.09141702e-04
 1.98876452e-04
 3.00674068e-04
 1.17626558e-04
-8.08880934e-05
-3.01906041e-04
 3.08731918e-04
-2.44575870e-04
 2.85500079e-04
-2.28347067e-03
-2.35073220e-03
 7.77644422e-04
-4.44526402e-04
-3.51321696e-04
 1.00634328e-04
 7.46860775e-05
 4.19502811e-04
 1.52184785e-04
-5.04073961e-04
 6.45370472e-04
 7.27507324e-05
 2.24918936e-03
 2.61408684e-03
-5.14994944e-04
 1.52844171e-04
 2.49230405e-04
 1.16594501e-04
-6.24818338e-04
 1.51259112e-04
-6.95257046e-05
-5.29257549e-04
 1.19947962e-04
-2.73738747e-04
-2.18998160e-04
-1.16121535e-04
 2.98274389e-04
-6.45127289e-05
-1.20393458e-04
-1.52602055e-04
-5.68508691e-04
 3.56014033e-04
 3.82247933e-04
 3.42229359e-04
 2.41350488e-04
-3.02908372e-04
-2.12821333e-04
-5.05331222e-05
-2.70940190e-04
-3.72291831e-04
 5.13663108e-04
 4.84263318e-04
-3.34955110e-05
-4.05952005e-04
-8.11841645e-04
-4.80223211e-04
 3.57726925e-04
 2.10312507e-04
 6.63590355e-05
-2.47179812e-04
-6.52628025e-04
-1.82814167e-04
-5.54306282e-04
-5.94244610e-04
 1.48922823e-05
 4.12271321e-05
-2.12119705e-04
-5.23307335e-05
-3.58979545e-04
-2.42954566e-04
 1.04647129e-04
 2.75293565e-04
-6.92602305e-04
-2.83193724e-04
-6.54950427e-05
-6.41525851e-04
 5.62334230e-04
-1.32803564e-03
-3.50524591e-04
 1.13473644e-03
